		
82.4607441709196	62.4967874135191	455328
99.0723087039968	66.1922355712237	308162
85.2346098494632	28.6612520647629	497056
95.5505621713798	23.9934765104379	783960
43.0279799787508	80.0262873526849	966985
36.832250976106		34.9254304278458	66868
72.3422030979689	81.7964100128365	955148
72.2749087855724	34.2506007668991	361286
3.95021657259766	47.8298509645996	29243
74.0578388027853	67.1884025320747	687387
71.2926701169879	82.9697165775856	890801
65.5127576738325	95.102854732015		219317
78.5966651710133	67.2705209883346	753453
66.5465495541727	22.9030248212644	551005
51.4604829063068	95.1950006130626	677226
80.8529904348992	44.6388263965689	414623
72.3191732032148	26.2381325441957	538138
20.8656395840359	38.8017096841613	26321
30.5899914015997	19.9485016899266	659130
0.814283192351979	87.8965981102393	456753
90.7168929803251	8.86512652303405	874364
73.546972176815		33.7456404289011	679997
25.3314052394969	73.6836620825639	642611
12.6171025389522	21.3609644185267	451391
17.6820877811282	71.0217719870102	284618
58.01695271285		31.8781126912066	155036
53.9114293965456	6.20392816793387	43887
34.8026019289897	19.9381701434631	364331
17.0063760484074	9.66843121982083	482688
39.5175232741427	83.8034323911072	456884
51.2776902731303	49.4112590925943	650786
68.5270044074923	89.7843604141864	87705
74.2335393021851	77.4964945265477	510077
16.7987033168875	10.1184506291912	22352
11.499473423772		52.2709396384605	739892
1.75622963112872	62.6276939812699	357272
7.75504593494592	81.7892605039369	128397
95.8578820014882	54.1089810190374	635126
96.6692170150425	68.511217009473		888195
83.1622349121325	71.8037651761996	473986
1.51429742048357	60.5975669911947	722662
56.3711617936114	55.9548734270122	311493
16.5607648599566	98.5224285446633	138746
16.0106659185141	13.7318333115273	26000
77.851316442611		23.2990065384903	301799
47.5935943027788	6.07119144973508	138516
16.6608418845289	60.7000043193423	746204
85.6229282024097	93.6492349253637	677711
22.0356948984718	9.26256224141023	662153
27.6970583729173	77.3949486515043	126056
27.0235252767197	25.0572332554722	941120
49.4024460998491	90.3981895723585	810533
55.4932863097217	31.5937155933779	851670
68.5997576336643	7.10827809546757	417185
83.4031323668866	65.8865805150664	787625
56.7379090358966	54.8803704518142	646759
15.7797720685413	15.7012815544916	48629
99.8440609328014	90.895512622714		781246
62.1723760370956	77.7374412390046	179142
37.5960046883025	28.2587602392227	534029
14.9114819817713	10.0741114420565	862971
43.6103493738308	40.9422085120273	472752
38.5730768766122	1.69248574996981	163424
27.2719728704732	29.8801987383663	631572
95.8789562099809	94.4104070985492	987659
37.4371146551376	65.5541420458055	637420
77.742784269336		1.42610729561237	310284
93.2258523127251	18.3429889491456	609420
50.2783639033494	12.3039948703543	548847
98.830649518809		21.9304313667968	44440
99.5111675294963	71.1924451776663	511973
94.5150571468416	27.3476128895439	438964
20.9804839891215	27.3894528019807	111399
42.9271212767139	71.3470935369265	949115
7.16964162786343	2.96240929876615	72322
55.4059465672069	80.6224989175459	917156
44.5026423699286	92.2788869912409	682406
59.5253012214585	23.6344432245017	274443
29.7517437102677	92.6156436421952	733669
52.0952447763751	67.4497666550533	728035
66.0874695570741	15.8099949701918	697109
4.17685322435664	76.3123640339808	166165
79.2288748235715	2.2047329746267		82791
21.6283279547143	23.5715217650168	759990
74.2667317769003	22.1394774792661	924460
3.84889372243134	76.450800843821		682456
49.3292147120772	44.2026134244006	529885
63.5899923863881	53.7887441171456	82753
89.4798911826842	58.5622088996469	224634
21.3517700880018	25.144947163423		941592
11.953067254953		0.2680524385573		290080
74.7534279276713	45.6723783624567	919972
49.4993694760944	58.491079594228		393069
96.6938107121728	97.2590278692936	995547
33.4651372816801	65.9524663468357	276692
5.78936741913227	41.461368061537		618139
62.9509256693454	24.1214615997225	924097
46.0625191472268	80.8203469579612	474747
99.3859005498452	66.3718994671904	166144
37.2237091592113	64.5948971656944	947473
9999			9999			9999
