1065010,MCINNES ISLAND ,BC, station not joined, Monthly mean of homogenized daily mean temperature                     , °C,          Updated to December 2012
1065010,MCINNES ISLAND ,BC, station non-jointe, Moyenne mensuelle des températures homogénéisées moyennes quotidiennes , °C, Mise à jour jusqu à décembre 2012
Year,     Jan, ,     Feb, ,     Mar, ,     Apr, ,     May, ,     Jun, ,     Jul, ,     Aug, ,     Sep, ,     Oct, ,     Nov, ,     Dec, ,  Annual, ,  Winter, ,  Spring, ,  Summer, ,  Autumn
Year,    Janv, ,     Fév, ,    Mars, ,     Avr, ,     Mai, ,    Juin, ,    Juil, ,    Août, ,    Sept, ,     Oct, ,     Nov, ,     Déc, ,  Annuel, ,   Hiver, ,Printemp, ,     Eté, , Automne
1955,     4.7, ,     3.5, ,     2.8, ,     6.3, ,     8.5, ,    11.6, ,    13.6, , -9999.9,M, -9999.9,M, -9999.9,M,     1.9, ,     1.3, , -9999.9,M, -9999.9,M,     5.9, , -9999.9,M, -9999.9,M
1956,     2.0, ,     1.7, ,     3.6, ,     7.1, ,    10.5, ,    11.4, ,    13.5, ,    14.3, ,    12.5, ,     8.1, ,     5.9, ,     4.3, ,     7.9, ,     1.7, ,     7.1, ,    13.1, ,     8.8, 
1957,      .2, ,     2.0, ,     5.1, ,     7.2, ,    11.2, ,    12.8, ,    13.7, ,    15.7, ,    15.0, ,     9.6, ,     7.3, ,     5.4, ,     8.8, ,     2.2, ,     7.8, ,    14.1, ,    10.6, 
1958,     6.5, ,     6.6, ,     6.8, ,     9.3, ,    11.9, ,    14.9, ,    15.0, ,    15.8, ,    13.2, ,    10.4, ,     5.5, ,     5.6, ,    10.1, ,     6.2, ,     9.3, ,    15.2, ,     9.7, 
1959,     3.6, ,     4.2, ,     5.8, ,     8.2, ,    10.6, ,    12.8, ,    14.8, ,    14.3, ,    12.8, ,     9.8, ,     6.1, ,     5.7, ,     9.1, ,     4.5, ,     8.2, ,    14.0, ,     9.6, 
1960,     4.1, ,     5.1, ,     4.5, ,     7.9, ,     9.9, ,    11.6, ,    13.9, ,    13.8, ,    12.3, ,    10.0, ,     6.4, ,     5.7, ,     8.8, ,     5.0, ,     7.4, ,    13.1, ,     9.6, 
1961,     5.8, ,     5.3, ,     6.0, ,     7.6, ,    10.4, ,    12.7, ,    14.6, ,    15.2, ,    12.8, ,     8.7, ,     4.4, ,     3.5, ,     8.9, ,     5.6, ,     8.0, ,    14.2, ,     8.6, 
1962,     3.6, ,     4.5, ,     3.5, ,     7.0, ,     8.8, ,    11.8, ,    13.4, ,    14.0, ,    12.9, ,    10.1, ,     7.5, ,     5.7, ,     8.6, ,     3.9, ,     6.4, ,    13.1, ,    10.2, 
1963,     3.6, ,     7.5, ,     5.3, ,     7.9, ,    10.5, ,    11.8, ,    13.9, ,    15.1, ,    14.6, ,    10.6, ,     5.8, ,     5.7, ,     9.4, ,     5.6, ,     7.9, ,    13.6, ,    10.3, 
1964,     4.4, ,     5.3, ,     4.7, ,     6.7, ,     8.7, ,    12.5, ,    13.5, ,    14.0, ,    12.3, ,     9.5, ,     4.5, ,      .7, ,     8.1, ,     5.1, ,     6.7, ,    13.3, ,     8.8, 
1965,     2.7, ,     3.8, ,     5.4, ,     7.5, ,     8.7, ,    11.5, ,    14.0, ,    14.0, ,    11.6, ,     9.8, ,     5.9, ,     2.8, ,     8.1, ,     2.4, ,     7.2, ,    13.2, ,     9.1, 
1966,     2.1, ,     4.8, ,     5.2, ,     6.5, ,     8.6, ,    11.7, ,    13.5, ,    14.4, ,    12.7, ,     8.8, ,     5.9, ,     5.0, ,     8.3, ,     3.2, ,     6.8, ,    13.2, ,     9.1, 
1967, -9999.9,M,     5.1, ,     3.5, ,     7.7, ,     9.7, ,    12.7, ,    13.6, ,    15.8, ,    14.1, ,     9.9, ,     7.0, ,     3.9, , -9999.9,M, -9999.9,M,     7.0, ,    14.0, ,    10.3, 
1968,     2.5, ,     5.6, ,     6.3, ,     6.2, ,    10.8, ,    12.6, ,    14.8, ,    14.1, ,    12.5, ,     9.2, ,     6.7, ,      .6, ,     8.5, ,     4.0, ,     7.8, ,    13.8, ,     9.5, 
1969,    -3.4, ,     3.2,E,     5.2,E,     6.4, ,    10.0, ,    12.9, ,    13.2, ,    12.5, ,    11.9, ,     9.7, ,     7.5, ,     6.0, ,     7.9,E,      .1,E,     7.2,E,    12.9, ,     9.7, 
1970,     2.9, ,     6.2, ,     6.2, ,     6.4, ,     8.7, ,    11.8, ,    12.6, ,    13.2, ,    11.9, ,     9.1, ,     5.0, ,     2.5, ,     8.0, ,     5.0, ,     7.1, ,    12.5, ,     8.7, 
1971,     1.4, ,     3.4, ,     3.7, ,     6.5, ,     8.4, ,    11.1, ,    13.9, ,    14.4, ,    12.5, ,     8.7, ,     6.1, ,     1.1, ,     7.6, ,     2.4, ,     6.2, ,    13.1, ,     9.1, 
1972,     -.4, ,     2.3, ,     4.7, ,     4.7, ,     9.7, ,    11.5, ,    13.5, ,    14.6, ,    10.8, ,     8.4, ,     7.0, ,     2.8, ,     7.5, ,     1.0, ,     6.4, ,    13.2, ,     8.7, 
1973,     2.9, ,     4.7, ,     5.5, ,     7.5, ,     9.5, ,    11.4, ,    13.1, ,    13.2, ,    13.2, ,     8.7, ,     2.7, ,     4.9, ,     8.1, ,     3.5, ,     7.5, ,    12.6, ,     8.2, 
1974,     2.3, ,     4.2, ,     5.2, ,     7.5, ,     9.2, ,    11.3, ,    13.5, ,    14.8, ,    14.0, ,     9.9, ,     6.5, ,     6.0, ,     8.7, ,     3.8, ,     7.3, ,    13.2, ,    10.1, 
1975,     2.5, ,     1.9, ,     4.1, ,     6.4, ,     9.4, ,    10.9, ,    13.7, ,    12.8, ,    12.6, ,     9.1, ,     5.1, ,     4.5, ,     7.8, ,     3.5, ,     6.6, ,    12.5, ,     8.9, 
1976,     4.5, ,     3.3, ,     3.5, ,     7.3, ,     8.4, ,    10.9, ,    13.3, ,    13.4, ,    13.2, ,     9.6, ,     7.3, ,     6.1, ,     8.4, ,     4.1, ,     6.4, ,    12.5, ,    10.0, 
1977,     4.1, ,     7.2, ,     5.3, ,     7.8, ,     9.3, ,    11.3, ,    13.0, ,    15.6, ,    13.0, ,     9.7, ,     4.9, ,     2.8, ,     8.7, ,     5.8, ,     7.5, ,    13.3, ,     9.2, 
1978,     3.7, ,     6.0, ,     5.9, ,     8.6, ,     9.5, ,    12.8, ,    13.2, ,    14.5, ,    12.9, , -9999.9,M,     6.0, ,     3.4, , -9999.9,M,     4.2, ,     8.0, ,    13.5, , -9999.9,M
1979,     2.5, ,     2.5, ,     6.2, ,     7.9, ,    10.2, ,    12.0, ,    14.7, , -9999.9,M,    13.7, ,    11.6, , -9999.9,M,     5.9, , -9999.9,M,     2.8, ,     8.1, , -9999.9,M, -9999.9,M
1980, -9999.9,M, -9999.9,M,     5.4, ,     8.1,E,    10.1, ,    13.1, , -9999.9,M,    13.7, ,    12.2, ,    10.5, ,     7.8, , -9999.9,M, -9999.9,M, -9999.9,M,     7.9,E, -9999.9,M,    10.2, 
1981, -9999.9,M,     6.0, ,     7.6, ,     7.1, ,    10.5,E,    12.1, ,    14.2, ,    14.4, ,    13.6, ,     9.5, ,     7.9, ,     4.6, , -9999.9,M, -9999.9,M,     8.4,E,    13.6, ,    10.3, 
1982,     1.8, ,     3.3, ,     5.0, ,     6.2, ,     9.0, ,    12.7, ,    13.9, ,    14.0, ,    12.8, ,     9.5, ,     5.2, ,     5.1, ,     8.2, ,     3.2, ,     6.7, ,    13.5, ,     9.2, 
1983,     6.0, ,     6.6, ,     8.0, ,     9.3, ,    11.8, ,    12.8, ,    14.6, ,    15.5, ,    12.6, ,    10.0, ,     7.2, ,     2.5, ,     9.7, ,     5.9, ,     9.7, ,    14.3, ,     9.9, 
1984,     5.9, ,     6.3, ,     7.9, ,     7.5, ,     9.5, ,    11.8, ,    14.0, ,    14.5, ,    12.7, ,     8.5, ,     5.3, ,     2.4, ,     8.9, ,     4.9, ,     8.3, ,    13.4, ,     8.8, 
1985,     5.3, ,     3.7, ,     5.1, ,     6.8, ,     9.7, ,    12.0, ,    14.7, ,    13.3, ,    12.3, ,     8.8, ,      .6, ,     4.7, ,     8.1, ,     3.8, ,     7.2, ,    13.3, ,     7.2, 
1986,     5.6, ,     3.1, ,     7.2, ,     7.2, ,     9.6, ,    12.4, ,    13.7, ,    14.6, ,    12.7, ,    11.1, ,     6.9, ,     5.7, ,     9.2, ,     4.5, ,     8.0, ,    13.6, ,    10.2, 
1987,     5.5, ,     6.3, ,     7.3, ,     8.0, ,    10.2, ,    12.5, ,    14.4, ,    14.5, ,    13.2, ,    10.6, , -9999.9,M, -9999.9,M, -9999.9,M,     5.8, ,     8.5, ,    13.8, , -9999.9,M
1988,     4.7, ,     5.2, ,     6.2, ,     7.5, ,    10.0, ,    11.5, ,    13.3, ,    13.9, ,    12.4, ,    10.6, ,     7.0, ,     4.7, ,     8.9, , -9999.9,M,     7.9, ,    12.9, ,    10.0, 
1989,     3.7, ,     1.9, ,     5.0, ,     8.4, ,    10.3, ,    12.1, ,    14.9, ,    14.6, ,    13.5, ,     9.8, ,     6.7, ,     6.8, ,     9.0, ,     3.4, ,     7.9, ,    13.9, ,    10.0, 
1990,     4.8, ,     3.2, ,     6.5, ,     8.8, ,    10.9, ,    13.2, ,    15.0, ,    15.7, ,    14.1, ,     9.1, ,     5.9, ,     2.7, ,     9.2, ,     4.9, ,     8.7, ,    14.6, ,     9.7, 
1991,     3.1, ,     6.3, ,     4.3, ,     7.0, ,     9.8, ,    11.8, ,    14.1, ,    14.5, ,    13.6, ,     9.2,E,     7.8, ,     6.8, ,     9.0,E,     4.0, ,     7.0, ,    13.5, ,    10.2,E
1992,     6.1, ,     6.1, ,     7.6, ,     8.5, ,    10.2, ,    12.6, ,    14.1, ,    14.6, ,    11.8, ,     9.8, ,     7.6, ,     3.1, ,     9.3, ,     6.3, ,     8.8, ,    13.8, ,     9.7, 
1993,     2.9, ,     5.5, ,     6.8, ,     8.8, ,    11.6, ,    13.3, ,    13.9, ,    14.8, ,    12.2, ,    10.7, ,     6.6, ,     6.4, ,     9.5, ,     3.8, ,     9.1, ,    14.0, ,     9.8, 
1994,     7.0, ,     2.8, ,     6.8, ,     8.9, ,    10.8, ,    12.9, ,    14.3, ,    15.7, ,    13.6, ,     9.9, ,     5.7, ,     4.7, ,     9.4, ,     5.4, ,     8.8, ,    14.3, ,     9.7, 
1995,     5.5, ,     5.5, ,     5.9, ,     8.9, ,    11.1, ,    13.3, ,    14.2, ,    14.0, ,    15.1, ,    10.6, ,     7.9, ,     5.3, ,     9.8, ,     5.2, ,     8.6, ,    13.8, ,    11.2, 
1996,     1.9, ,     5.1, ,     6.2, ,     8.4, ,    10.0,E,    11.8,E,    13.4, ,    14.6, ,    12.4, ,     9.5, ,     4.5, ,     2.1, ,     8.3,E,     4.1, ,     8.2,E,    13.3,E,     8.8, 
1997,     4.2, ,     5.8, ,     5.0, ,     8.2, ,    11.8, ,    13.3, ,    15.4, ,    16.1, ,    14.5, ,    10.4,E,     8.6, ,     7.4, ,    10.1,E,     4.0, ,     8.3, ,    14.9, ,    11.2,E
1998,     4.3, ,     7.4, ,     7.3, ,     8.3, ,    11.0, ,    12.8, ,    14.7, ,    15.0, ,    13.5, ,    10.5, ,     7.7, ,     5.3, ,     9.8, ,     6.4, ,     8.9, ,    14.2, ,    10.6, 
1999,     5.0, ,     5.0, ,     5.6, ,     7.1, ,     8.5, ,    11.5, ,    13.4, ,    14.4, ,    12.4,E,     9.8, ,     6.9, ,     6.1, ,     8.8,E,     5.1, ,     7.1, ,    13.1, ,     9.7,E
2000,     3.3, ,     5.7, ,     6.5, ,     7.6, ,     9.5, ,    12.6, ,    14.3, ,    14.5, ,    13.1, ,    10.3, ,     7.4, ,     4.7, ,     9.1, ,     5.0, ,     7.9, ,    13.8, ,    10.3, 
2001,     6.1, ,     4.8, ,     6.0, ,     7.6,E,     8.2, ,    12.1, ,    13.3, ,    13.8, ,    12.2, ,     9.6, ,     6.6, ,     4.8, ,     8.8,E,     5.2, ,     7.3,E,    13.1, ,     9.5, 
2002,     4.8, ,     4.8, ,     3.1, ,     6.6, ,     9.0, ,    12.0, ,    13.9, ,    14.2, ,    12.9, ,     9.7, ,     8.6, ,     6.3, ,     8.8, ,     4.8, ,     6.2, ,    13.4, ,    10.4, 
2003,     7.0, ,     5.1, ,     5.0, ,     7.3, ,     9.5,E,    12.0, ,    14.3, ,    14.4, ,    13.4, ,    10.2, ,     5.3, ,     4.9, ,     9.0,E,     6.1, ,     7.3,E,    13.6, ,     9.6, 
2004,     3.6, ,     5.5,E,     6.7, ,     9.4, ,    11.5, ,    13.9, ,    15.0, ,    16.5, ,    13.0, ,     9.5,E,     6.8,E,     5.3, ,     9.7,E,     4.7,E,     9.2, ,    15.1, ,     9.8,E
2005,     4.1, ,     5.2, ,     6.9, ,     8.5, ,    11.9, ,    13.7, ,    14.5, ,    15.4, ,    13.3, ,    10.2, ,     6.8,E,     6.7, ,     9.8,E,     4.9, ,     9.1, ,    14.5, ,    10.1,E
2006,     6.2, ,     5.1, ,     5.7, ,     7.7, ,    10.3, ,    13.2, ,    14.2,E,    14.8,E,    13.5, ,    10.3, ,     4.4,E,     6.0, ,     9.3,E,     6.0, ,     7.9, ,    14.1,E,     9.4,E
2007,     4.2, ,     5.5, ,     5.3,E,     7.5,E,    10.0,E,    12.7,E,    15.2,E,    16.2, ,    13.8, ,     9.9,E,     6.5, ,     3.5,E,     9.2,E,     5.2, ,     7.6,E,    14.7,E,    10.1,E
2008,     3.6,E,     5.1,E,     5.6,E,     6.6,E,     9.7,E,    11.0,E,    12.8,E,    13.8,E,    12.6,E,     9.4,E,     7.9,E,     2.1,E,     8.4,E,     4.1,E,     7.3,E,    12.5,E,    10.0,E
2009,     4.0,E,     4.0,E,     4.0,E,     7.4,E,    10.3,E,    13.9, ,    14.1,E,    14.3, ,    13.1, ,     9.6,E,     6.2,E,     2.5,E,     8.6,E,     3.4,E,     7.2,E,    14.1,E,     9.6,E
2010,     6.2,E,     6.8,E,     6.9,E,     8.8, ,    10.0,E,    12.0,E,    13.8,E,    14.1,E,    13.0,E,    10.8,E,     5.6, ,     3.9,E,     9.3,E,     5.2,E,     8.6,E,    13.3,E,     9.8,E
2011,     4.0,E,     3.3,E,     5.9,E,     6.8, ,     9.3, ,    12.8,E,    13.2,E,    14.2,E,    13.3,E,    10.1, ,     5.7, ,     4.8,E,     8.6,E,     3.7,E,     7.3,E,    13.4,E,     9.7,E
2012,     3.3,E,     5.1,E, -9999.9,M,     7.9,E,     9.4,E, -9999.9,M,    13.5,E,    14.7,E, -9999.9,M, -9999.9,M, -9999.9,M, -9999.9,M, -9999.9,M,     4.4,E, -9999.9,M, -9999.9,M, -9999.9,M
