1051351,CAPE ST JAMES  ,BC, station joined    , Monthly mean of homogenized daily mean temperature                     , °C,          Updated to December 2012
1051351,CAPE ST JAMES  ,BC, station jointe    , Moyenne mensuelle des températures homogénéisées moyennes quotidiennes , °C, Mise à jour jusqu à décembre 2012
Year,     Jan, ,     Feb, ,     Mar, ,     Apr, ,     May, ,     Jun, ,     Jul, ,     Aug, ,     Sep, ,     Oct, ,     Nov, ,     Dec, ,  Annual, ,  Winter, ,  Spring, ,  Summer, ,  Autumn
Year,    Janv, ,     Fév, ,    Mars, ,     Avr, ,     Mai, ,    Juin, ,    Juil, ,    Août, ,    Sept, ,     Oct, ,     Nov, ,     Déc, ,  Annuel, ,   Hiver, ,Printemp, ,     Eté, , Automne
1944, -9999.9,M, -9999.9,M, -9999.9,M, -9999.9,M, -9999.9,M, -9999.9,M, -9999.9,M, -9999.9,M, -9999.9,M, -9999.9,M, -9999.9,M,     6.6, , -9999.9,M, -9999.9,M, -9999.9,M, -9999.9,M, -9999.9,M
1945, -9999.9,M, -9999.9,M,     5.0, ,     5.8, ,     8.8, ,    10.3, ,    12.0, ,    12.7, ,    12.2, ,     9.6, ,     4.8, ,     4.9, , -9999.9,M, -9999.9,M,     6.5, ,    11.7, ,     8.9, 
1946,     5.0, ,     4.4, ,     4.7, ,     5.7, ,     9.2, ,    10.8, ,    12.8, ,    13.9, ,    12.3, ,     9.1, ,     5.0, ,     3.6, ,     8.0, ,     4.8, ,     6.5, ,    12.5, ,     8.8, 
1947,     2.4, ,     5.0, ,     6.0, ,     7.2, ,     9.6, ,    11.1, ,    13.3, ,    13.7, ,    12.7, ,     9.3, ,     7.1, ,     6.0, ,     8.6, ,     3.7, ,     7.6, ,    12.7, ,     9.7, 
1948,     4.5, ,     3.1, ,     4.0, ,     5.2, ,     8.5, ,    12.1, ,    13.2, ,    13.5, ,    11.2, ,     8.9, ,     6.0, ,     2.6, ,     7.7, ,     4.5, ,     5.9, ,    12.9, ,     8.7, 
1949,     2.8, ,     1.7, ,     4.9, ,     5.5, ,     8.4, ,     9.4, ,    12.1, ,    13.1, ,    13.0, ,     9.3, ,     8.4, ,     2.7, ,     7.6, ,     2.4, ,     6.3, ,    11.5, ,    10.2, 
1950,    -2.8, ,     2.9, ,     3.9, , -9999.9,M, -9999.9,M, -9999.9,M, -9999.9,M,    13.2, ,    12.0, ,     8.2, ,     4.5, ,     5.8, , -9999.9,M,      .9, , -9999.9,M, -9999.9,M,     8.2, 
1951, -9999.9,M, -9999.9,M, -9999.9,M,     6.2, ,     8.3, ,     9.9, ,    12.3, ,    14.3, ,    12.6, ,     9.0, ,     6.8, , -9999.9,M, -9999.9,M, -9999.9,M, -9999.9,M,    12.2, ,     9.5, 
1952, -9999.9,M,     3.7, , -9999.9,M, -9999.9,M,     8.4, ,     9.6, ,    12.0, ,    12.8, ,    12.3, ,    11.0, ,     7.2, ,     5.6, , -9999.9,M, -9999.9,M, -9999.9,M,    11.5, ,    10.2, 
1953,     3.5, , -9999.9,M,     4.6, ,     7.0, ,     8.6, ,    10.4, ,    12.7, ,    13.7, ,    12.4, ,     9.9, ,     7.1, ,     6.2, , -9999.9,M, -9999.9,M,     6.7, ,    12.3, ,     9.8, 
1954,     1.5, ,     3.8, ,     4.1, ,     4.4, ,     8.7, ,     9.5, ,    11.0, ,    13.4, ,    13.0, ,     9.3, ,     8.3, ,     5.3, ,     7.7, ,     3.8, ,     5.7, ,    11.3, ,    10.2, 
1955,     5.5, ,     3.7, ,     2.9, ,     5.4, ,     7.3, ,     9.8, ,    12.0, ,    12.5, ,    11.7, ,     7.8, ,     3.1, ,     2.1, ,     7.0, ,     4.8, ,     5.2, ,    11.4, ,     7.5, 
1956,     2.8, ,     2.3, ,     3.6, ,     6.1, ,     9.5, ,     9.8, ,    12.2, ,    14.1, ,    12.6, ,     8.0, ,     6.6, ,     4.8, ,     7.7, ,     2.4, ,     6.4, ,    12.0, ,     9.1, 
1957,     2.0, ,     2.9, ,     4.8, ,     6.6, ,     9.9, ,    11.6, ,    12.4, ,    14.3, ,    15.0, ,    10.0, ,     8.5, ,     5.4, ,     8.6, ,     3.2, ,     7.1, ,    12.8, ,    11.2, 
1958,     6.6, ,     6.7, ,     6.1, ,     8.1, ,    10.0, ,    13.5, ,    14.4, ,    14.9, ,    12.7, ,    10.1, ,     6.3, ,     5.8, ,     9.6, ,     6.2, ,     8.1, ,    14.3, ,     9.7, 
1959,     4.7, ,     4.6, ,     5.0, ,     6.8, ,     9.0, ,    11.4, ,    12.8, ,    13.6, ,    11.8, ,    10.3, ,     7.2, ,     5.9, ,     8.6, ,     5.0, ,     6.9, ,    12.6, ,     9.8, 
1960,     5.3, ,     5.4, ,     4.5, ,     6.9, ,     8.6, ,    10.2, ,    12.4, ,    13.2, ,    12.5, ,    10.3, ,     6.9, ,     6.5, ,     8.6, ,     5.5, ,     6.7, ,    11.9, ,     9.9, 
1961,     6.6, ,     5.6, ,     5.4, ,     7.0, ,     9.3, ,    11.1, ,    13.5, ,    15.0, ,    12.8, ,     9.0, ,     5.7, ,     4.8, ,     8.8, ,     6.2, ,     7.2, ,    13.2, ,     9.2, 
1962,     5.0, ,     4.7, ,     3.6, ,     6.4, ,     8.0, ,    10.3, ,    12.5, ,    13.4, ,    13.1, ,    10.0, ,     7.5, ,     6.5, ,     8.4, ,     4.8, ,     6.0, ,    12.1, ,    10.2, 
1963,     5.1, ,     7.5, ,     5.8, ,     7.3, ,     9.8, ,    10.8, ,    13.0, ,    15.0, ,    14.3, ,    10.3, ,     6.1, ,     7.0, ,     9.3, ,     6.4, ,     7.6, ,    12.9, ,    10.2, 
1964,     5.1, ,     5.8, ,     4.8, ,     5.9, ,     7.8, ,    10.8, ,    12.2, ,    13.0, ,    11.9, ,     9.3, ,     6.2, ,     2.2, ,     7.9, ,     6.0, ,     6.2, ,    12.0, ,     9.1, 
1965,     3.6, ,     4.6, ,     6.6, ,     6.8, ,     7.9, ,    10.7, ,    12.6, ,    13.9, ,    13.3, ,    10.2, ,     7.2, ,     4.1, ,     8.5, ,     3.5, ,     7.1, ,    12.4, ,    10.2, 
1966,     4.0, ,     5.3, ,     5.1, ,     6.8, ,     8.1, ,    10.6, ,    12.7, ,    13.3, ,    12.6, ,     9.0, ,     6.4, ,     5.6, ,     8.3, ,     4.5, ,     6.7, ,    12.2, ,     9.3, 
1967,     4.6, ,     5.2, ,     3.6, ,     7.0, ,     9.1, ,    11.5, ,    13.7, ,    15.4, ,    13.5, ,    10.1, ,     7.7, ,     4.9, ,     8.9, ,     5.1, ,     6.6, ,    13.5, ,    10.4, 
1968,     3.0, ,     5.4, ,     5.9, ,     5.8, ,     9.4, ,    10.9, ,    13.5, ,    14.6, ,    12.4, ,     9.2, ,     7.3, ,     1.9, ,     8.3, ,     4.4, ,     7.0, ,    13.0, ,     9.6, 
1969,    -1.1, ,     3.4, ,     5.4, ,     6.1, ,     9.3, ,    11.7, ,    12.8, ,    12.6, ,    11.9, ,    10.8, ,     8.1, ,     7.2, ,     8.2, ,     1.4, ,     6.9, ,    12.4, ,    10.3, 
1970,     4.5, ,     7.1, ,     6.9, ,     6.3, ,     8.2, ,    10.3, ,    11.7, ,    12.8, ,    12.0, ,     9.8, ,     6.5, ,     3.6, ,     8.3, ,     6.3, ,     7.1, ,    11.6, ,     9.4, 
1971,     2.4, ,     4.4, ,     4.1, ,     6.1, ,     7.4, ,     9.8, ,    13.0, ,    14.2, ,    12.8, ,     9.2, ,     6.6, ,     3.1, ,     7.8, ,     3.5, ,     5.9, ,    12.3, ,     9.5, 
1972,     1.2, ,     3.0, ,     4.5, ,     4.4, ,     8.7, ,    10.3, ,    12.9, ,    14.8, ,    12.6, ,     9.9, ,     7.9, ,     4.5, ,     7.9, ,     2.4, ,     5.9, ,    12.7, ,    10.1, 
1973,     4.4, ,     5.9, ,     5.6, ,     6.7, ,     8.2, ,     9.5, ,    11.9, ,    13.3, ,    12.4, ,     9.3, ,     3.6, ,     6.0, ,     8.1, ,     4.9, ,     6.8, ,    11.6, ,     8.4, 
1974,     3.7, ,     4.6, ,     5.0, ,     6.8, ,     8.3, ,    10.1, ,    12.7, ,    14.6, ,    14.4, ,    11.0, ,     7.9, ,     6.4, ,     8.8, ,     4.8, ,     6.7, ,    12.5, ,    11.1, 
1975,     3.8, ,     2.9, ,     4.2, ,     6.2, ,     7.9, ,     9.4, ,    12.2, ,    11.9, ,    13.0, ,     9.3, ,     5.9, ,     5.1, ,     7.7, ,     4.4, ,     6.1, ,    11.2, ,     9.4, 
1976,     5.3, ,     3.9, ,     4.0, ,     6.5, ,     7.5, ,     9.7, ,    12.0, ,    12.6, ,    12.5, ,    10.1, ,     8.5, ,     7.1, ,     8.3, ,     4.8, ,     6.0, ,    11.4, ,    10.4, 
1977,     6.3, ,     7.2, ,     5.4, ,     7.0, ,     8.9, ,    10.8, ,    12.5, ,    14.4, ,    13.6, ,    10.1, ,     5.5, ,     4.1, ,     8.8, ,     6.9, ,     7.1, ,    12.6, ,     9.7, 
1978,     5.1, ,     6.6, ,     6.5, ,     8.3, ,     9.2, ,    11.9, ,    13.0, ,    14.2, ,    12.9, ,    10.8, ,     7.2, ,     4.5, ,     9.2, ,     5.3, ,     8.0, ,    13.0, ,    10.3, 
1979,     4.3, ,     3.6, ,     6.9, ,     8.0, ,     9.4, ,    11.1, ,    14.3, ,    15.9, ,    14.0, ,    11.3, ,     8.6, ,     6.2, ,     9.5, ,     4.1, ,     8.1, ,    13.8, ,    11.3, 
1980,     3.3, ,     6.3, ,     5.8, ,     7.4, ,     9.3, ,    11.9, ,    13.4, ,    13.8, ,    13.3, ,    11.4, ,     8.5, ,     5.0, ,     9.1, ,     5.3, ,     7.5, ,    13.0, ,    11.1, 
1981,     8.0, ,     6.9, ,     7.7, ,     7.2, ,     9.7, ,    11.3, ,    13.7, ,    15.3, ,    14.1, ,    10.8, ,     8.4, ,     5.3, ,     9.9, ,     6.6, ,     8.2, ,    13.4, ,    11.1, 
1982,     3.3, ,     4.5, ,     5.9, ,     6.2, ,     8.5, ,    11.4, ,    12.9, ,    13.9, ,    14.1, ,    10.6, ,     6.5, ,     6.2, ,     8.7, ,     4.4, ,     6.9, ,    12.7, ,    10.4, 
1983,     6.6, ,     7.1, ,     8.2, ,     9.4, ,    10.8, ,    12.5, ,    14.2, ,    15.3, ,    12.4, ,    10.0, ,     7.5, ,     4.3, ,     9.9, ,     6.6, ,     9.5, ,    14.0, ,    10.0, 
1984,     6.7, ,     6.0, ,     7.1, ,     6.8, ,     8.8, ,    10.5, ,    12.7, ,    13.7, ,    12.6, ,     8.8, ,     6.5, ,     4.3, ,     8.7, ,     5.7, ,     7.6, ,    12.3, ,     9.3, 
1985,     6.7, ,     4.7, ,     5.2, ,     6.0, ,     8.3, ,    10.4, ,    13.2, ,    13.1, ,    12.7, ,     8.9, ,     1.7, ,     5.4, ,     8.0, ,     5.2, ,     6.5, ,    12.2, ,     7.8, 
1986,     6.0, ,     3.9, ,     6.7, ,     6.4, ,     8.4, ,    11.4, ,    12.2, ,    14.4, ,    13.8, ,    11.7, ,     7.7, ,     7.2, ,     9.2, ,     5.1, ,     7.2, ,    12.7, ,    11.1, 
1987,     6.2, ,     6.4, ,     6.5, ,     7.3, ,     8.8, ,    10.6, ,    12.9, ,    14.1, ,    13.2, ,    11.0, ,     8.6, ,     5.9, ,     9.3, ,     6.6, ,     7.5, ,    12.5, ,    10.9, 
1988,     5.4, ,     6.3, ,     6.1, ,     7.0, ,     8.6, ,    10.5, ,    12.8, ,    13.6, ,    12.9, ,    11.1, ,     7.2, ,     5.6, ,     8.9, ,     5.9, ,     7.2, ,    12.3, ,    10.4, 
1989,     3.9, ,     2.3, ,     4.7, ,     7.9, ,     9.8, ,    11.3, ,    13.5, ,    14.8, ,    15.2, ,    10.4, ,     7.5, ,     7.8, ,     9.1, ,     3.9, ,     7.5, ,    13.2, ,    11.0, 
1990,     5.2, ,     3.6, ,     6.2, ,     7.7, ,     9.5, ,    11.8, ,    14.5, ,    15.9, ,    14.7, ,     9.2, ,     5.8, ,     4.2, ,     9.0, ,     5.5, ,     7.8, ,    14.1, ,     9.9, 
1991,     4.0, ,     6.1, ,     4.6, ,     6.8, ,     8.6, ,    10.6, ,    13.0, ,    13.7, ,    13.8, ,    10.0, ,     8.3, ,     6.9, ,     8.9, ,     4.8, ,     6.7, ,    12.4, ,    10.7, 
1992,     6.5, ,     6.4, ,     7.0, ,     7.7, ,     9.5, ,    11.9, ,    13.3, ,    14.8, , -9999.9,M, -9999.9,M,     8.4, ,     4.7, , -9999.9,M,     6.6, ,     8.1, ,    13.3, , -9999.9,M
1993, -9999.9,M, -9999.9,M, -9999.9,M, -9999.9,M, -9999.9,M, -9999.9,M, -9999.9,M, -9999.9,M, -9999.9,M, -9999.9,M, -9999.9,M, -9999.9,M, -9999.9,M, -9999.9,M, -9999.9,M, -9999.9,M, -9999.9,M
1994, -9999.9,M, -9999.9,M, -9999.9,M, -9999.9,M, -9999.9,M, -9999.9,M, -9999.9,M, -9999.9,M, -9999.9,M, -9999.9,M, -9999.9,M, -9999.9,M, -9999.9,M, -9999.9,M, -9999.9,M, -9999.9,M, -9999.9,M
1995,     7.3,E, -9999.9,M, -9999.9,M,     8.6, ,    10.6, ,    12.5, ,    14.2, ,    14.5, ,    15.4, ,    10.5, ,     7.9, ,     6.1, , -9999.9,M, -9999.9,M, -9999.9,M,    13.7, ,    11.3, 
1996,     3.2, ,     5.8, ,     6.5, ,     7.5,E,     9.5, ,    11.2, , -9999.9,M,    14.8, ,    13.1, ,     9.8, ,     5.1,E,     2.7,E, -9999.9,M,     5.0, ,     7.8,E, -9999.9,M,     9.3,E
1997,     5.5,E,     6.4,E,     5.0, ,     7.8, ,    11.3, ,    12.4, ,    14.9, ,    16.7, ,    14.6, ,    10.6, ,     9.3, ,     7.5, ,    10.2,E,     4.9,E,     8.0, ,    14.7, ,    11.5, 
1998,     5.4, ,     7.4, ,     7.5, ,     7.9, ,    10.5, ,    12.2, ,    13.9,E,    14.8, ,    13.3, ,    10.5, ,     6.9, ,     4.9, ,     9.6,E,     6.8, ,     8.6, ,    13.6,E,    10.2, 
1999,     4.6,E,     4.0, ,     4.5, , -9999.9,M,     7.0, , -9999.9,M, -9999.9,M, -9999.9,M, -9999.9,M, -9999.9,M,     6.1,E,     5.3, , -9999.9,M,     4.5,E, -9999.9,M, -9999.9,M, -9999.9,M
2000,     2.8,E,     4.8, ,     5.4, ,     6.5,E, -9999.9,M,    10.7,E, -9999.9,M,    13.7, , -9999.9,M,    10.6,E,     8.4,E,     6.3, , -9999.9,M,     4.3,E, -9999.9,M, -9999.9,M, -9999.9,M
2001,     6.9, , -9999.9,M, -9999.9,M, -9999.9,M,     8.2,E,    11.5,E,    13.1, ,    14.0,E,    12.5,E,     9.6,E, -9999.9,M, -9999.9,M, -9999.9,M, -9999.9,M, -9999.9,M,    12.9,E, -9999.9,M
2002, -9999.9,M, -9999.9,M, -9999.9,M, -9999.9,M, -9999.9,M, -9999.9,M, -9999.9,M, -9999.9,M, -9999.9,M, -9999.9,M,     9.1, ,     7.2, , -9999.9,M, -9999.9,M, -9999.9,M, -9999.9,M, -9999.9,M
2003, -9999.9,M,     6.6, ,     5.3,E,     7.5, ,     9.5, ,    11.9, ,    14.6, ,    15.2, ,    13.8,E,    11.0, ,     5.9,E,     5.7,E, -9999.9,M, -9999.9,M,     7.4,E,    13.9, ,    10.2,E
2004, -9999.9,M,     6.7,E,     6.4,E,     8.8,E,    10.9, ,    13.6,E,    14.9, ,    17.1, ,    13.7, ,    10.2, , -9999.9,M,     5.9, , -9999.9,M, -9999.9,M,     8.7,E,    15.2,E, -9999.9,M
2005,     4.5,E,     6.0, ,     7.0, ,     8.2, ,    11.4, ,    13.0, ,    14.3, ,    16.1, ,    14.3, ,     9.8, ,     6.7,E,     6.6, ,     9.8,E,     5.5,E,     8.9, ,    14.5, ,    10.3,E
2006, -9999.9,M, -9999.9,M,     4.9, , -9999.9,M, -9999.9,M, -9999.9,M, -9999.9,M, -9999.9,M, -9999.9,M, -9999.9,M, -9999.9,M,     5.1,E, -9999.9,M, -9999.9,M, -9999.9,M, -9999.9,M, -9999.9,M
2007, -9999.9,M, -9999.9,M,     4.5,E,     7.1,E,     9.0,E, -9999.9,M,    14.3,E,    15.4,E,    13.9, ,     9.6,E,     6.7,E, -9999.9,M, -9999.9,M, -9999.9,M,     6.9,E, -9999.9,M,    10.1,E
2008, -9999.9,M,     5.1, ,     5.0, ,     5.8, ,     9.1, ,     9.6, ,    12.0, ,    13.1, ,    12.6,E,     9.4, ,     7.4, ,     2.9,E, -9999.9,M, -9999.9,M,     6.6, ,    11.6, ,     9.8,E
2009,     4.4, ,     3.8, ,     3.8,E,     6.7, ,     9.1,E,    12.6,E,    13.3,E,    14.2, ,    12.5, ,    10.2, ,     6.4, ,     5.0, ,     8.5,E,     3.7,E,     6.5,E,    13.4,E,     9.7, 
2010,     6.5,E,     7.1, ,     6.1, ,     7.2, ,     9.2, , -9999.9,M, -9999.9,M, -9999.9,M, -9999.9,M, -9999.9,M, -9999.9,M, -9999.9,M, -9999.9,M,     6.2,E,     7.5, , -9999.9,M, -9999.9,M
2011, -9999.9,M, -9999.9,M, -9999.9,M, -9999.9,M, -9999.9,M, -9999.9,M, -9999.9,M,    14.2, ,    13.5, ,     9.8, ,     6.2,E,     5.7,E, -9999.9,M, -9999.9,M, -9999.9,M, -9999.9,M,     9.8,E
2012,     2.9,E,     5.5,E,     4.4, ,     7.0,E,     8.6,E, -9999.9,M,    12.5, ,    13.5, ,    13.0,E,     9.5, ,     7.2, , -9999.9,M, -9999.9,M,     4.7,E,     6.7,E, -9999.9,M,     9.9,E
