1060841,BELLA COOLA    ,BC, station joined    , Monthly mean of homogenized daily mean temperature                     , °C,          Updated to December 2012
1060841,BELLA COOLA    ,BC, station jointe    , Moyenne mensuelle des températures homogénéisées moyennes quotidiennes , °C, Mise à jour jusqu à décembre 2012
Year,     Jan, ,     Feb, ,     Mar, ,     Apr, ,     May, ,     Jun, ,     Jul, ,     Aug, ,     Sep, ,     Oct, ,     Nov, ,     Dec, ,  Annual, ,  Winter, ,  Spring, ,  Summer, ,  Autumn
Year,    Janv, ,     Fév, ,    Mars, ,     Avr, ,     Mai, ,    Juin, ,    Juil, ,    Août, ,    Sept, ,     Oct, ,     Nov, ,     Déc, ,  Annuel, ,   Hiver, ,Printemp, ,     Eté, , Automne
1895, -9999.9,M, -9999.9,M, -9999.9,M, -9999.9,M, -9999.9,M,    14.4, ,    16.7, , -9999.9,M,     9.9, ,     8.3, ,     3.4, , -9999.9,M, -9999.9,M, -9999.9,M, -9999.9,M, -9999.9,M,     7.2, 
1896, -9999.9,M, -9999.9,M, -9999.9,M,     5.7, ,     9.5, ,    12.4, ,    16.6, ,    17.2, ,    12.0, ,     7.4, ,    -5.3, ,     -.1, , -9999.9,M, -9999.9,M, -9999.9,M,    15.4, ,     4.7, 
1897,    -1.7, , -9999.9,M,     -.4, ,     8.5, ,    11.8, , -9999.9,M, -9999.9,M, -9999.9,M, -9999.9,M, -9999.9,M, -9999.9,M,     1.0, , -9999.9,M, -9999.9,M,     6.6, , -9999.9,M, -9999.9,M
1898, -9999.9,M,      .2, ,     2.8, ,     6.6, ,    12.4, ,    15.5, ,    17.1, ,    19.6, ,    13.2, ,     6.6, ,     -.2, ,    -2.2, , -9999.9,M, -9999.9,M,     7.3, ,    17.4, ,     6.5, 
1899,    -2.4, ,     -.9, ,     1.8, ,     6.7, ,     9.7, , -9999.9,M,    18.2, ,    15.3, ,    12.6, ,     5.4, , -9999.9,M, -9999.9,M, -9999.9,M,    -1.8, ,     6.1, , -9999.9,M, -9999.9,M
1900, -9999.9,M,     -.4, , -9999.9,M, -9999.9,M, -9999.9,M, -9999.9,M, -9999.9,M,    15.6, , -9999.9,M, -9999.9,M, -9999.9,M, -9999.9,M, -9999.9,M, -9999.9,M, -9999.9,M, -9999.9,M, -9999.9,M
1901, -9999.9,M, -9999.9,M, -9999.9,M, -9999.9,M, -9999.9,M, -9999.9,M, -9999.9,M,    16.8, , -9999.9,M, -9999.9,M, -9999.9,M, -9999.9,M, -9999.9,M, -9999.9,M, -9999.9,M, -9999.9,M, -9999.9,M
1902, -9999.9,M, -9999.9,M, -9999.9,M, -9999.9,M, -9999.9,M,    14.2, , -9999.9,M, -9999.9,M, -9999.9,M, -9999.9,M, -9999.9,M, -9999.9,M, -9999.9,M, -9999.9,M, -9999.9,M, -9999.9,M, -9999.9,M
1903, -9999.9,M, -9999.9,M, -9999.9,M, -9999.9,M, -9999.9,M,    15.5, ,    16.2, ,    16.1, ,    10.6, ,     7.1, ,      .5, ,     1.3, , -9999.9,M, -9999.9,M, -9999.9,M,    15.9, ,     6.1, 
1904,     -.9, ,    -5.7, ,     -.6, ,     7.6, ,    10.2, ,    12.9, ,    15.8, ,    16.0, ,    11.7, ,     8.3, ,     4.5, ,      .9, ,     6.7, ,    -1.8, ,     5.7, ,    14.9, ,     8.2, 
1905,    -2.3, ,    -1.1, ,     5.6, ,     9.0, ,    12.4, ,    17.2, ,    19.3, , -9999.9,M, -9999.9,M, -9999.9,M, -9999.9,M, -9999.9,M, -9999.9,M,     -.8, ,     9.0, , -9999.9,M, -9999.9,M
1906, -9999.9,M, -9999.9,M, -9999.9,M, -9999.9,M, -9999.9,M,    13.4, ,    18.3, ,    16.2, ,    10.9, ,     8.4, ,     3.2, ,    -2.9, , -9999.9,M, -9999.9,M, -9999.9,M,    16.0, ,     7.5, 
1907,    -9.6, ,    -1.8, ,     2.3, ,     5.8, ,    12.5, ,    14.2, ,    17.2, ,    14.7, ,    13.4, ,     8.6, ,     3.3, ,     -.4, ,     6.7, ,    -4.8, ,     6.9, ,    15.4, ,     8.4, 
1908,    -1.8, ,    -1.4, ,     1.6, ,     5.6, ,    10.1, ,    13.8, ,    15.3, ,    16.2, ,    10.8, ,     6.6, ,     4.3, ,    -1.3, ,     6.7, ,    -1.2, ,     5.8, ,    15.1, ,     7.2, 
1909,    -9.6, ,    -2.8, ,     3.3, ,     6.0, ,    10.3, ,    13.1, ,    15.3, ,    13.1, ,    12.5, ,     8.0, ,      .2, ,    -5.4, ,     5.3, ,    -4.6, ,     6.5, ,    13.8, ,     6.9, 
1910,    -3.0, ,    -3.5, ,     3.3, ,     5.9, ,    11.3, ,    11.7, ,    15.3, ,    14.5, ,    13.1, ,     6.9, ,     1.7, ,     1.4, ,     6.6, ,    -4.0, ,     6.8, ,    13.8, ,     7.2, 
1911,    -7.2, ,    -1.9, ,     3.8, ,     4.5, ,    10.6, ,    12.4, ,    16.4, ,    16.5, ,    12.4, ,     6.9, ,    -1.0, ,     -.6, ,     6.1, ,    -2.6, ,     6.3, ,    15.1, ,     6.1, 
1912,    -4.0, ,     2.9, ,     4.4, ,     7.4, ,    12.3, ,    14.4, ,    16.4, ,    15.0, ,    12.9, ,     6.8, ,     3.1, ,     1.2, ,     7.7, ,     -.6, ,     8.0, ,    15.3, ,     7.6, 
1913,    -5.8, ,     -.4, ,     1.5, ,     6.3, ,     9.9, ,    13.9, ,    15.3, ,    15.5, ,    11.5, ,     7.0, ,     2.7, ,     1.2, ,     6.6, ,    -1.7, ,     5.9, ,    14.9, ,     7.1, 
1914,    -2.4, ,      .4, ,     3.8, ,     8.7, ,    11.6, ,    14.3, ,    14.6, ,    16.1, ,    12.0, ,    10.0, ,     3.3, ,    -2.7, ,     7.5, ,     -.3, ,     8.0, ,    15.0, ,     8.4, 
1915,     -.3, ,     1.9, ,     6.9, ,     8.3, ,    13.1, ,    15.0, ,    17.5, ,    16.9, ,    13.0, ,     7.0, ,     1.2, ,      .6, ,     8.4, ,     -.4, ,     9.4, ,    16.5, ,     7.1, 
1916,   -12.2, ,    -1.7, ,     3.1, ,     7.7, ,    10.7, ,    14.2, ,    14.9, , -9999.9,M,    12.2, ,     7.0, ,      .3, ,    -3.1, , -9999.9,M,    -4.4, ,     7.2, , -9999.9,M,     6.5, 
1917,    -2.5, ,    -4.5, ,     1.6, ,     6.7, ,    10.1, ,    12.3, ,    14.6, ,    15.8, ,    12.2, ,     7.6, ,     5.3, ,    -4.3, ,     6.2, ,    -3.4, ,     6.1, ,    14.2, ,     8.4, 
1918,     -.2, ,    -2.4, ,     -.1, ,     5.9, ,     9.7, ,    13.0, , -9999.9,M,    14.9, ,    15.9, ,     8.2, ,     3.0, ,      .3, , -9999.9,M,    -2.3, ,     5.2, , -9999.9,M,     9.0, 
1919,     1.1, ,    -1.7, ,     1.1, ,     6.9, ,     8.7, ,    11.6, ,    15.2, , -9999.9,M,    14.4, ,     6.9, ,     1.5, ,    -1.8, , -9999.9,M,     -.1, ,     5.6, , -9999.9,M,     7.6, 
1920,    -2.8, ,     1.4, ,     2.6, ,     4.7, ,     8.3, ,    12.1, ,    16.6, ,    15.7, ,    11.1, ,     6.3, ,     3.7, ,      .4, ,     6.7, ,    -1.1, ,     5.2, ,    14.8, ,     7.0, 
1921,    -1.3, ,      .7, ,     2.7, ,     6.1, ,    10.3, ,    13.3, ,    14.3, ,    14.8, ,    10.9, ,     8.4, ,     1.1, ,    -2.8, ,     6.5, ,     -.1, ,     6.4, ,    14.1, ,     6.8, 
1922,    -1.7, ,    -5.4, ,     2.7, ,     6.2, ,     9.9, ,    14.7, ,    16.6, ,    16.5, ,    11.8, ,     8.2, ,     4.2, ,    -2.6, ,     6.8, ,    -3.3, ,     6.3, ,    15.9, ,     8.1, 
1923,    -2.1, ,     -.9, ,     3.6, ,     8.3, ,    10.3, ,    15.1, ,    17.3, ,    17.4, ,    12.6, ,     8.6, ,     5.0, ,      .5, ,     8.0, ,    -1.9, ,     7.4, ,    16.6, ,     8.7, 
1924,     -.1, ,     2.5, ,     4.1, ,     5.7, ,    11.5, ,    14.1, ,    15.8, ,    15.6, ,    12.9, ,     8.5, ,     1.6, ,    -3.0, ,     7.4, ,     1.0, ,     7.1, ,    15.2, ,     7.7, 
1925,      .1, ,     1.4, ,     3.1, ,     7.1, ,    11.3, ,    13.5, ,    15.6, ,    15.8, ,    12.8, ,     7.5, ,     3.5, ,     3.1, ,     7.9, ,     -.5, ,     7.2, ,    15.0, ,     7.9, 
1926,     2.0, ,     3.2, ,     6.2, ,     9.5, ,    10.9, ,    14.2, ,    16.2, ,    15.7, ,    11.1, ,     8.6, ,     3.9, ,      .0, ,     8.5, ,     2.8, ,     8.9, ,    15.4, ,     7.9, 
1927,    -2.6, ,     -.1, ,     3.3, ,     4.8, ,     9.8, ,    14.2, ,    16.2, ,    17.3, ,    12.5, ,     6.9, ,     -.2, ,    -4.3, ,     6.5, ,     -.9, ,     6.0, ,    15.9, ,     6.4, 
1928,     -.2, ,     1.7, ,     4.1, ,     7.2, ,    11.0, ,    14.6, ,    16.5, ,    15.4, ,    13.0, ,     8.0, ,     4.0, ,      .1, ,     8.0, ,     -.9, ,     7.4, ,    15.5, ,     8.3, 
1929,    -3.7, ,    -2.5, ,     4.0, ,     6.2, ,    11.9, ,    14.5, ,    15.2, ,    15.7, ,    13.4, ,     8.4, ,     4.8, ,    -2.0, ,     7.2, ,    -2.0, ,     7.4, ,    15.1, ,     8.9, 
1930,    -6.9, ,      .6, ,     3.4, ,     8.3, ,     9.6, ,    12.8, ,    15.5, ,    17.3, ,    12.6, ,     6.3, ,     3.3, ,     3.9, ,     7.2, ,    -2.8, ,     7.1, ,    15.2, ,     7.4, 
1931,     2.9, ,     2.3, ,     3.6, ,     9.0, ,    10.9, ,    14.2, , -9999.9,M, -9999.9,M,    11.6, ,     6.5, ,      .4, ,      .2, , -9999.9,M,     3.0, ,     7.8, , -9999.9,M,     6.2, 
1932,    -1.5, ,     -.3, ,     3.1, ,     7.8, ,    10.4, ,    13.9, ,    15.0, ,    16.7, ,    12.5, ,     9.0, ,     3.8, ,    -1.7, ,     7.4, ,     -.5, ,     7.1, ,    15.2, ,     8.4, 
1933,      .8, ,     -.2, ,     2.8, ,     6.8, ,    11.0, ,    12.4, ,    14.3, ,    17.7, ,    11.3, ,     6.0, ,     7.2, ,    -4.6, ,     7.1, ,     -.4, ,     6.9, ,    14.8, ,     8.2, 
1934,     1.0, ,     3.4, ,     5.8, ,    10.7, ,    12.3, ,    14.8, ,    15.7, ,    17.3, ,    12.9, ,     8.8, ,     4.4, ,    -1.7, ,     8.8, ,     -.1, ,     9.6, ,    15.9, ,     8.7, 
1935,    -5.2, ,     3.0, ,     2.4, ,     7.2, ,    11.6, ,    14.6, ,    17.0, ,    16.1, ,    13.7, ,     7.6, ,     1.3, ,     2.8, ,     7.7, ,    -1.3, ,     7.1, ,    15.9, ,     7.5, 
1936,    -1.0, ,    -7.0, ,     2.4, ,     8.6, ,    12.7, ,    16.1, ,    16.1, ,    17.2, ,    12.5, ,    10.5, ,     4.6, ,    -1.3, ,     7.6, ,    -1.7, ,     7.9, ,    16.5, ,     9.2, 
1937,    -7.1, ,    -3.4, ,     5.1, ,     7.5, ,    10.6, ,    15.9, ,    15.9, ,    14.5, ,    13.9, ,     9.7, ,     3.0, ,     -.8, ,     7.1, ,    -3.9, ,     7.7, ,    15.4, ,     8.9, 
1938,     -.1, ,    -2.3, ,     4.4, ,     8.9, ,    11.8, ,    15.3, ,    17.6, ,    16.0, ,    14.4, ,     8.9, ,     2.0, ,    -1.5, ,     8.0, ,    -1.1, ,     8.4, ,    16.3, ,     8.4, 
1939,      .8, ,    -1.4, ,     3.2, ,     6.8, ,    10.6, ,    14.0, ,    15.4, ,    15.7, ,    12.5, ,     8.3, ,     5.7, ,     3.3, ,     7.9, ,     -.7, ,     6.9, ,    15.0, ,     8.8, 
1940,     1.7, ,     2.1, ,     6.0, ,    10.1, ,    12.2, ,    14.3, ,    16.6, ,    15.2, ,    14.8, ,     8.8, ,      .5, ,      .4, ,     8.6, ,     2.4, ,     9.4, ,    15.4, ,     8.0, 
1941,     -.6, ,     1.4, ,     7.0, ,    10.1, ,    11.2, ,    14.5, ,    18.4, ,    17.1, ,    12.9, ,     8.5, ,     3.7, ,     -.9, ,     8.6, ,      .4, ,     9.4, ,    16.7, ,     8.4, 
1942,      .8, ,     1.8, ,     4.5, ,     8.4, ,    12.8, ,    15.3, ,    18.1, ,    18.2, ,    14.0, ,     8.8, ,      .0, ,     -.2, ,     8.5, ,      .6, ,     8.6, ,    17.2, ,     7.6, 
1943,    -6.2, ,     2.2, ,     2.8, ,     8.3, ,     9.4, ,    14.4, ,    15.5, ,    15.3, ,    13.7, ,     8.5, ,     4.9, ,     1.5, ,     7.5, ,    -1.4, ,     6.8, ,    15.1, ,     9.0, 
1944,      .8, ,     2.0, ,     3.3, ,     8.8, ,    11.4, ,    15.5, ,    17.6, ,    15.7, ,    13.7, ,     8.9, ,     4.1, ,    -2.4, ,     8.3, ,     1.4, ,     7.8, ,    16.3, ,     8.9, 
1945,      .4, ,     2.3, ,     3.8, ,     6.0, ,    13.2, ,    13.2, ,    16.4, ,    15.4, ,    11.6, ,     7.8, ,      .2, ,    -2.2, ,     7.3, ,      .1, ,     7.7, ,    15.0, ,     6.5, 
1946,      .4, ,      .8, ,     4.3, ,     6.5, ,    13.3, ,    14.5, ,    14.6, ,    15.6, ,    12.2, ,     6.5, ,      .0, ,     -.4, ,     7.4, ,     -.3, ,     8.0, ,    14.9, ,     6.2, 
1947,    -2.9, ,     2.0, ,     5.7, ,     8.6, ,    12.4, ,    13.5, ,    14.8, ,    13.9, ,    12.0, ,     7.4, ,     1.1, ,      .5, ,     7.4, ,     -.4, ,     8.9, ,    14.1, ,     6.8, 
1948,      .0, ,    -1.8, ,     2.5, ,     5.9, ,    11.7, ,    16.4, ,    16.0, ,    15.1, ,    11.3, ,     6.0, ,     2.2, ,    -5.4, ,     6.7, ,     -.4, ,     6.7, ,    15.8, ,     6.5, 
1949,    -4.0, ,    -3.4, ,     3.7, ,     7.1, ,    11.2, ,    11.8, ,    14.0, ,    12.8, ,    11.0, ,     6.0, ,     3.8, ,    -5.0, ,     5.8, ,    -4.3, ,     7.3, ,    12.9, ,     6.9, 
1950,   -15.6, ,     -.9, ,     2.0, ,     4.7, ,     7.7, ,    14.0, ,    14.1, ,    13.6, ,    11.0, ,     5.1, ,     -.6, ,     -.1, ,     4.6, ,    -7.2, ,     4.8, ,    13.9, ,     5.2, 
1951,    -3.9, ,     -.3, ,    -1.2, ,     7.4, ,    11.3, ,    14.5, ,    16.7, ,    15.4, ,    13.0, ,     6.1, ,     2.4, ,    -4.1, ,     6.4, ,    -1.4, ,     5.8, ,    15.5, ,     7.2, 
1952,    -5.6, ,      .5, ,     2.9, ,     5.3, ,    10.9, ,    12.4, ,    16.5, ,    16.1, ,    11.8, ,     9.0, ,      .7, ,      .1, ,     6.7, ,    -3.1, ,     6.4, ,    15.0, ,     7.2, 
1953,    -4.2, ,     2.0, ,     3.9, ,     7.5, ,    11.6, ,    13.7, ,    16.3, ,    15.1, ,    12.2, ,     8.3, ,     4.6, ,     2.2, ,     7.8, ,     -.7, ,     7.7, ,    15.0, ,     8.4, 
1954,    -8.1, ,     1.2, ,     2.3, ,     3.8, ,    10.3, ,    12.3, ,    13.7, ,    15.7, ,    13.2, ,     7.6, ,     6.1, ,     1.4, ,     6.6, ,    -1.6, ,     5.5, ,    13.9, ,     9.0, 
1955,    -1.0, ,      .1, ,     1.3, ,     6.8, ,     9.8, ,    14.2, ,    16.2, ,    14.7, ,    12.8, ,     7.3, ,    -3.1, ,    -7.1, ,     6.0, ,      .2, ,     6.0, ,    15.0, ,     5.7, 
1956,    -5.6, ,    -2.2, ,     2.1, ,     8.2, ,    11.8, ,    12.7, ,    17.2, ,    17.2, ,    12.6, ,     6.4, ,     2.5, ,     -.5, ,     6.9, ,    -5.0, ,     7.4, ,    15.7, ,     7.2, 
1957,    -6.4, ,    -2.2, ,     3.4, ,     7.5, ,    13.0, ,    14.0, ,    13.8, ,    15.1, ,    14.6, ,     7.2, ,     4.2, ,     1.3, ,     7.1, ,    -3.0, ,     8.0, ,    14.3, ,     8.7, 
1958,     1.0, ,     2.2, ,     4.3, ,     8.1, ,    13.2, ,    18.2, ,    19.4, ,    16.0, ,    12.4, ,     9.7, ,     1.2, ,      .4, ,     8.8, ,     1.5, ,     8.5, ,    17.9, ,     7.8, 
1959,    -1.9, ,      .0, , -9999.9,M,     8.0, ,    11.1, ,    14.2, ,    17.1, ,    14.9, ,    12.3, ,     8.3, ,     1.1, ,     1.9, , -9999.9,M,     -.5, , -9999.9,M,    15.4, ,     7.2, 
1960,    -1.1, ,     2.1, ,     3.2, ,     8.9, ,    10.7, ,    13.1, ,    17.1, ,    15.5, ,    12.1, ,     9.4, ,     2.7, ,      .6, ,     7.9, ,     1.0, ,     7.6, ,    15.2, ,     8.1, 
1961,     1.6, ,     2.0, ,     4.9, ,     8.1, ,    13.0, ,    15.9, ,    19.4, ,    18.7, ,    12.2, ,     8.2, ,     1.1, ,    -1.1, ,     8.7, ,     1.4, ,     8.7, ,    18.0, ,     7.2, 
1962,     -.3, ,     2.7, ,     2.4, ,     7.5, ,    11.3, ,    13.7, ,    16.7, ,    15.4, ,    13.4, ,     9.5, ,     4.9, ,     1.5, ,     8.2, ,      .4, ,     7.1, ,    15.3, ,     9.3, 
1963,     -.2, ,     5.1, ,     5.0, ,     8.8, ,    12.4, ,    14.5, ,    16.2, ,    18.2, ,    15.1, ,     8.9, ,     2.0, ,      .4, ,     8.9, ,     2.1, ,     8.7, ,    16.3, ,     8.7, 
1964,      .6, ,     3.5, ,     3.6, ,     7.0, ,    10.3, ,    14.7, ,    15.7, ,    15.1, ,    12.0, ,     8.6, ,      .6, ,    -5.7, ,     7.2, ,     1.5, ,     7.0, ,    15.2, ,     7.1, 
1965,    -3.1, ,     1.9, ,     4.3, ,     8.4, ,    10.9, ,    14.7, ,    17.8, ,    17.7, ,    13.4, ,     8.6, ,     2.8, ,    -2.1, ,     7.9, ,    -2.3, ,     7.9, ,    16.7, ,     8.3, 
1966,    -3.5, ,     2.4, ,     4.4, ,     7.3, ,    10.5, ,    14.0, ,    17.3, ,    15.8, ,    13.4, ,     7.6, ,     2.6, ,      .3, ,     7.7, ,    -1.1, ,     7.4, ,    15.7, ,     7.9, 
1967,     -.4, ,     3.0, ,     2.1, ,     7.4, ,    11.0, ,    16.8, ,    16.3, ,    17.8, ,    13.9, ,     8.0, ,     4.3, ,     -.9, ,     8.3, ,     1.0, ,     6.8, ,    17.0, ,     8.7, 
1968,    -2.2, ,     1.7, ,     5.4, ,     6.6, ,    12.1, ,    13.7, ,    17.4, ,    16.3, ,    12.2, ,     7.7, ,     3.3, ,    -5.2, ,     7.4, ,     -.5, ,     8.0, ,    15.8, ,     7.7, 
1969,   -10.6, ,      .3, ,     4.3, ,     7.4, ,    12.7, ,    17.8, ,    16.2, ,    13.9, ,    13.1, ,     8.5, ,     6.5, ,     3.1, ,     7.8, ,    -5.2, ,     8.1, ,    16.0, ,     9.4, 
1970,    -2.5, ,     4.1, ,     5.1, ,     7.0, ,    10.3, ,    15.2, ,    16.0, ,    15.7, ,    11.5, ,     8.2, ,      .7, ,    -2.9, ,     7.4, ,     1.6, ,     7.5, ,    15.6, ,     6.8, 
1971,    -3.6, ,      .2, ,     2.8, ,     7.7, ,    10.7, ,    13.2, ,    17.5, ,    16.0, ,    11.4, ,     7.7, ,     3.3, ,    -4.2, ,     6.9, ,    -2.1, ,     7.1, ,    15.6, ,     7.5, 
1972,    -5.6, ,    -1.8, ,     3.5, ,     5.6, ,    11.5, ,    13.0, ,    16.1, ,    16.8, ,    11.3, ,     8.0, ,     4.7, ,    -2.4, ,     6.7, ,    -3.9, ,     6.9, ,    15.3, ,     8.0, 
1973,    -1.2, ,     1.7, ,     4.9, ,     7.7, ,    11.2, ,    13.2, ,    15.9, ,    15.2, ,    13.0, ,     6.5, ,    -1.5, ,      .3, ,     7.2, ,     -.6, ,     7.9, ,    14.8, ,     6.0, 
1974,    -3.5, ,     1.9, ,     3.4, ,     8.4, ,    10.3, ,    13.1, ,    14.7, ,    17.5, ,    14.7, ,     8.8, ,     2.4, ,     2.5, ,     7.9, ,     -.4, ,     7.4, ,    15.1, ,     8.6, 
1975,    -1.7, ,    -2.9, ,     3.3, ,     7.2, ,    10.6, ,    13.6, ,    17.3, ,    14.4, ,    13.4, ,     7.8, ,     1.0, ,      .7, ,     7.1, ,     -.7, ,     7.0, ,    15.1, ,     7.4, 
1976,     -.1, ,     1.0, ,     2.1, ,     7.9, ,    10.6, ,    12.7, ,    15.1, ,    15.4, ,    13.4, ,     8.0, ,     4.0, ,     2.4, ,     7.7, ,      .5, ,     6.9, ,    14.4, ,     8.5, 
1977,    -1.0, ,     4.9, ,     4.6, ,     9.0, ,    11.5, ,    14.7, ,    14.7, ,    18.6, ,    12.1, ,     7.4, ,      .3, ,    -4.9, ,     7.7, ,     2.1, ,     8.4, ,    16.0, ,     6.6, 
1978,    -1.9, ,     1.4, ,     3.6, ,     8.2, ,    10.3, ,    16.2, ,    18.5, ,    16.1, ,    12.0, ,     8.9, ,     2.0, ,    -1.3, ,     7.8, ,    -1.8, ,     7.4, ,    16.9, ,     7.6, 
1979,    -4.4, ,    -2.2, ,     4.7, ,     8.2, ,    11.4, ,    13.6, ,    16.9, ,    17.7, ,    13.3, ,     8.9, ,     3.0, ,     1.8, ,     7.7, ,    -2.6, ,     8.1, ,    16.1, ,     8.4, 
1980,    -4.0, ,     1.8, ,     3.5, ,     9.0, ,    12.2, , -9999.9,M,    15.8, ,    15.6, ,    13.0, ,     9.3, ,     5.1, ,     -.7, , -9999.9,M,     -.1, ,     8.2, , -9999.9,M,     9.1, 
1981,     3.0, ,     2.5, ,     6.6, ,     6.7, ,    12.2, ,    12.8, ,    18.4, ,    18.5, ,    13.0, ,     7.8, ,     4.7, ,     -.9, ,     8.8, ,     1.6, ,     8.5, ,    16.6, ,     8.5, 
1982,    -4.1, ,    -1.1, ,     2.2, ,     5.6, ,    10.2, ,    16.9, ,    16.9, ,    16.0, ,    13.8, ,     8.0, ,      .9, ,     -.1, ,     7.1, ,    -2.0, ,     6.0, ,    16.6, ,     7.6, 
1983,     1.8, ,     3.8, ,     5.9, ,     9.5, ,    13.1, ,    14.3, ,    15.8, ,    16.3, ,    12.0, ,     7.8, ,     4.0, ,    -3.9, ,     8.4, ,     1.8, ,     9.5, ,    15.5, ,     7.9, 
1984,     2.1, ,     3.6, ,     6.9, ,     7.9, ,    10.4, ,    13.7, ,    16.0, ,    15.5, ,    11.0, ,     5.9, ,      .4, ,    -2.9, ,     7.5, ,      .6, ,     8.4, ,    15.1, ,     5.8, 
1985,      .8, ,      .4, ,     4.6, ,     7.3, ,    12.4, ,    13.5, ,    17.7, ,    16.1, ,    12.4, ,     7.2, ,    -5.2,E,    -1.0, ,     7.2,E,     -.6, ,     8.1, ,    15.8, ,     4.8,E
1986,     1.9, ,    -1.4, ,     6.2, ,     7.2, ,    11.1, ,    14.6, ,    16.3, ,    18.3, ,    12.8, ,     9.8, ,     2.9, ,      .7, ,     8.4, ,     -.2, ,     8.2, ,    16.4, ,     8.5, 
1987,      .9, ,     3.6, ,     5.9, ,     8.5, ,    11.4, ,    14.8, ,    17.5, ,    17.0, ,    14.0, ,     8.6, ,     5.3, ,      .3, ,     9.0, ,     1.7, ,     8.6, ,    16.4, ,     9.3, 
1988,     -.5, ,     2.2, ,     5.2, ,     8.3, ,    11.4, ,    13.2, ,    16.0, ,    16.3, ,    12.4, ,    10.1, ,     3.8, ,     1.0, ,     8.3, ,      .7, ,     8.3, ,    15.2, ,     8.8, 
1989,     -.2, ,    -2.6, ,     3.4, ,     9.7, ,    12.3, ,    16.2, ,    17.1, ,    16.9, ,    14.5, ,     8.6, ,     4.5, ,     3.5, ,     8.7, ,     -.6, ,     8.5, ,    16.7, ,     9.2, 
1990,      .9, ,    -1.4, ,     5.1, ,     9.5, ,    12.9, ,    15.3, ,    18.3, ,    18.3, ,    15.0, ,     6.5, ,     2.6, ,    -2.6, ,     8.4, ,     1.0, ,     9.2, ,    17.3, ,     8.0, 
1991,    -2.8, ,     4.0, ,     2.9, ,     8.6, ,    12.9, ,    14.8, ,    16.2, ,    16.9, ,    13.9, ,     7.5, ,     4.7, ,     3.4, ,     8.6, ,     -.5, ,     8.1, ,    16.0, ,     8.7, 
1992,     2.6, ,     3.2, ,     7.6, ,     9.1, ,    12.3, ,    16.0, ,    18.4, ,    17.1, ,    12.7, ,     8.1, ,     4.6, ,    -2.7,E,     9.1,E,     3.1, ,     9.7, ,    17.2, ,     8.5, 
1993,    -3.8, ,     1.9, ,     5.4, ,     9.5, ,    14.4, ,    14.5, ,    16.6, ,    17.1, ,    14.2, ,     9.5, ,     2.5, ,     1.1, ,     8.6, ,    -1.5,E,     9.8, ,    16.1, ,     8.7, 
1994,     4.0, ,    -2.6, ,     5.3, ,     9.5, ,    12.3, ,    15.0, ,    17.9, ,    17.8, ,    14.4, ,     7.8,E,     2.4, ,     -.3, ,     8.6,E,      .8, ,     9.0, ,    16.9, ,     8.2,E
1995,      .1, ,     2.1, ,     4.2, ,     9.0, ,    13.5, ,    15.8,E,    17.2,E,    14.9, ,    15.3, ,     8.0,E,     2.6, ,    -1.3, ,     8.5,E,      .6, ,     8.9, ,    16.0,E,     8.6,E
1996,    -5.1, ,     1.5, ,     3.9, , -9999.9,M,    10.4, ,    14.0,E,    17.0, ,    16.0,E,    11.9, ,     8.0, ,      .0,E,    -4.4, , -9999.9,M,    -1.6, , -9999.9,M,    15.7,E,     6.6,E
1997,    -1.4, ,     2.4, ,     3.3,E,     8.4, ,    13.1,E, -9999.9,M,    16.4, ,    18.1, ,    13.5, ,     7.7, ,     3.4, ,     2.7, , -9999.9,M,    -1.1, ,     8.3,E, -9999.9,M,     8.2, 
1998,    -2.1, ,     4.3, ,     5.7, ,     7.7, ,    13.5, ,    16.5,E,    18.4, ,    16.7, ,    12.9, ,     8.4,E,     2.6, ,     -.6, ,     8.7,E,     1.6, ,     9.0, ,    17.2,E,     8.0,E
1999,      .4, ,     2.0, ,     4.3, ,     6.9, ,     9.4, ,    13.1, ,    16.1, ,    16.9, ,    12.3, ,     7.1, ,     2.9, , -9999.9,M, -9999.9,M,      .6, ,     6.9, ,    15.4, ,     7.4, 
2000,    -2.3, ,     1.4, ,     5.0,E,     7.8, ,    11.0, ,    15.2, ,    16.8, ,    16.0, ,    12.6, ,     8.6, ,     3.7, ,     -.8, ,     7.9,E, -9999.9,M,     7.9,E,    16.0, ,     8.3, 
2001,     1.3, ,     1.3, ,     4.5, ,     7.5, ,    10.0, ,    13.2,E,    16.3, ,    15.7, ,    12.5, ,     7.1, ,     3.0, ,      .2, ,     7.7,E,      .6, ,     7.3, ,    15.1,E,     7.5, 
2002,     1.1, ,     2.0, ,     1.2, ,     7.7, ,    10.9, ,    14.7, ,    16.7, ,    16.9, ,    12.5, ,     8.1, ,     5.0, ,     1.9, ,     8.2, ,     1.1, ,     6.6, ,    16.1, ,     8.5, 
2003,     2.7, ,     3.1, ,     3.5, ,     7.9, , -9999.9,M,    16.0, ,    17.2, ,    17.0, ,    13.8, ,     9.3, ,     1.3, ,      .1, , -9999.9,M,     2.6, , -9999.9,M,    16.7, ,     8.1, 
2004,    -1.8, ,     2.9, ,     6.4, ,    10.4, ,    13.1, ,    17.1, ,    18.3, ,    18.3, ,    12.7, ,     8.2, ,     3.6, ,     1.4, ,     9.2, ,      .4, ,    10.0, ,    17.9, ,     8.2, 
2005,    -1.4, ,     2.9, ,     6.4, ,    10.1, ,    14.2, ,    15.9, ,    16.2, ,    17.4, ,    13.0,E, -9999.9,M,     3.2, ,     1.7, , -9999.9,M,     1.0, ,    10.2, ,    16.5, , -9999.9,M
2006,     2.9, ,     2.2, ,     4.3, ,     8.2, ,    11.9, ,    16.4, ,    17.8, ,    16.2, ,    14.5, ,     8.0, ,      .0, ,     1.0, ,     8.6, ,     2.3, ,     8.1, ,    16.8, ,     7.5, 
2007,      .0, ,     2.9, ,     4.3, ,     7.5, ,    11.3, ,    14.4, ,    17.3, ,    16.1, ,    13.0, ,     8.1, ,     2.9, ,    -1.5, ,     8.0, ,     1.3, ,     7.7, ,    15.9, ,     8.0, 
2008,    -1.4, ,     2.0, , -9999.9,M,     6.9, ,    12.3, ,    13.5, ,    15.5, ,    16.0, ,    13.0, ,     7.5, ,     5.5, ,    -2.3, , -9999.9,M,     -.3, , -9999.9,M,    15.0, ,     8.7, 
2009,     -.1, ,     1.2, , -9999.9,M,     7.7, ,    11.3, ,    15.8, ,    19.5, ,    17.8, ,    13.4, ,     7.6, ,     2.5, ,    -2.7, , -9999.9,M,     -.4, , -9999.9,M,    17.7, ,     7.8, 
2010,     2.0, ,     4.6, ,     6.3, ,     8.4, ,    12.0, ,    14.6, ,    18.4, ,    17.7, ,    13.1, ,     9.5, ,     1.4, ,     -.1, ,     9.0, ,     1.3, ,     8.9, ,    16.9, ,     8.0, 
2011,     -.4, ,     -.5, ,     3.7, ,     6.3, ,    11.6, ,    15.0, ,    15.2, ,    16.1, ,    14.1, ,     8.3, ,     2.5, ,     1.5, ,     7.8, ,     -.3, ,     7.2, ,    15.4, ,     8.3, 
2012,    -1.5, ,     3.0, ,     4.4, ,     8.7, ,    11.4, ,    13.9, ,    17.7, ,    17.5, ,    14.5, ,     8.0, ,     3.5, ,     -.6, ,     8.4, ,     1.0, ,     8.2, ,    16.4, ,     8.7, 
