1026639,QUINSAM RIVER  ,BC, station joined    , Monthly mean of homogenized daily mean temperature                     , °C,          Updated to December 2012
1026639,QUINSAM RIVER  ,BC, station jointe    , Moyenne mensuelle des températures homogénéisées moyennes quotidiennes , °C, Mise à jour jusqu à décembre 2012
Year,     Jan, ,     Feb, ,     Mar, ,     Apr, ,     May, ,     Jun, ,     Jul, ,     Aug, ,     Sep, ,     Oct, ,     Nov, ,     Dec, ,  Annual, ,  Winter, ,  Spring, ,  Summer, ,  Autumn
Year,    Janv, ,     Fév, ,    Mars, ,     Avr, ,     Mai, ,    Juin, ,    Juil, ,    Août, ,    Sept, ,     Oct, ,     Nov, ,     Déc, ,  Annuel, ,   Hiver, ,Printemp, ,     Eté, , Automne
1958, -9999.9,M, -9999.9,M, -9999.9,M, -9999.9,M, -9999.9,M, -9999.9,M,    21.3, ,    18.0, ,    13.3, ,     9.2, ,     3.5, ,     4.1, , -9999.9,M, -9999.9,M, -9999.9,M, -9999.9,M,     8.7, 
1959,     2.2, ,     3.2, ,     4.6, ,     8.2, ,    11.2, ,    14.1, ,    17.7, ,    15.7, ,    12.5, ,     8.9, ,     3.7, ,     3.3, ,     8.8, ,     3.2, ,     8.0, ,    15.8, ,     8.4, 
1960,     1.2, ,     3.6, ,     4.2, ,     7.9, ,     9.9, ,    13.4, ,    17.9, ,    15.3, ,    12.8, ,     9.5, ,     4.7, ,     3.2, ,     8.6, ,     2.7, ,     7.3, ,    15.5, ,     9.0, 
1961,     3.4, ,     4.2, ,     5.2, ,     7.7, ,    11.7, ,    15.6, ,    18.3, ,    19.1, ,    13.1, ,     7.8, ,     3.4, ,     1.7, ,     9.3, ,     3.6, ,     8.2, ,    17.7, ,     8.1, 
1962,     1.7, ,     3.3, ,     3.0, ,     7.3, ,    10.2, ,    14.1, ,    16.8, ,    14.9, ,    14.1, ,     9.4, ,     5.2, ,     4.1, ,     8.7, ,     2.2, ,     6.8, ,    15.3, ,     9.6, 
1963,     1.0, ,     6.2, ,     5.0, ,     8.2, ,    11.7, ,    14.4, ,    15.4, ,    17.4, ,    14.8, ,     9.3, ,     4.4, ,     3.7, ,     9.3, ,     3.8, ,     8.3, ,    15.7, ,     9.5, 
1964,     2.8, ,     4.0, ,     4.6, ,     7.0, ,    10.5, ,    14.1, ,    15.3, ,    15.4, ,    12.8, ,     9.2, ,     3.5, ,     -.7, ,     8.2, ,     3.5, ,     7.4, ,    14.9, ,     8.5, 
1965,      .9, ,     2.7, ,     5.1, ,     7.6, ,    10.8, ,    14.8, ,    18.2, ,    17.2, ,    13.6, ,     9.8, ,     7.5, ,     2.2, ,     9.2, ,     1.0, ,     7.8, ,    16.7, ,    10.3, 
1966,     2.3, ,     4.4, ,     5.3, ,     8.5, ,    11.0, ,    13.3, ,    16.5, ,    17.3, ,    14.4, ,     8.8, ,     5.3, ,     4.5, ,     9.3, ,     3.0, ,     8.3, ,    15.7, ,     9.5, 
1967,     3.1, ,     3.9, ,     4.1, ,     6.8, ,    11.5, ,    17.4, ,    17.0, ,    20.0, ,    14.7, ,     9.6, ,     5.4, ,     2.4, ,     9.7, ,     3.8, ,     7.5, ,    18.1, ,     9.9, 
1968,     2.3, ,     5.0, ,     5.9, ,     7.0, ,    11.6, ,    13.8, ,    18.4, ,    15.9, ,    13.4, ,     8.3, ,     5.3, ,     -.1, ,     8.9, ,     3.2, ,     8.2, ,    16.0, ,     9.0, 
1969,    -4.0, ,     2.0, ,     5.5, ,     6.4, ,    13.0, ,    18.5, ,    17.4, ,    14.2, ,    13.4, ,     8.8, ,     5.6, ,     4.0, ,     8.7, ,     -.7, ,     8.3, ,    16.7, ,     9.3, 
1970,     1.9, ,     5.3, ,     6.0, ,     6.9, ,    10.7, ,    15.7, ,    16.7, ,    16.2, ,    11.9, ,     8.5, ,     3.8, ,      .4, ,     8.7, ,     3.7, ,     7.9, ,    16.2, ,     8.1, 
1971,     -.1, ,     2.5, ,     2.9, ,     6.7, ,    11.4, ,    12.3, ,    18.5, ,    17.7, ,    11.5, ,     8.6, ,     5.5, ,    -2.1, ,     8.0, ,      .9, ,     7.0, ,    16.2, ,     8.5, 
1972,    -3.5, ,      .6, ,     2.9, ,     4.1, ,    12.7, ,    13.8, ,    17.3, ,    18.1, ,    11.8, ,     9.2, ,     5.3, ,      .8, ,     7.8, ,    -1.7, ,     6.6, ,    16.4, ,     8.8, 
1973,     1.2, ,     3.4, ,     4.8, ,     8.3, ,    10.9, ,    12.4, ,    15.7, ,    15.2, ,    13.8, ,     7.7, ,     1.5, ,     3.5, ,     8.2, ,     1.8, ,     8.0, ,    14.4, ,     7.7, 
1974,      .6, ,     3.5, ,     4.7, ,     8.1, ,     9.4, ,    13.4, ,    14.5, ,    17.5, ,    15.7, ,     9.4, ,     4.2, ,     3.7, ,     8.7, ,     2.5, ,     7.4, ,    15.1, ,     9.8, 
1975,     -.3, ,     -.5, ,     3.1, ,     6.6, ,    10.7, ,    13.5, ,    17.4, ,    14.3, ,    14.2, ,     8.0, ,     4.0, ,      .8, ,     7.7, ,     1.0, ,     6.8, ,    15.1, ,     8.7, 
1976,     2.4, ,     2.7, ,     3.1, ,     7.5, ,    10.1, ,    12.6, ,    15.3, ,    15.5, ,    14.3, ,     9.4, ,     5.1, ,     4.0, ,     8.5, ,     2.0, ,     6.9, ,    14.5, ,     9.6, 
1977,     1.4, ,     5.9, ,     4.6, ,     8.7, ,    10.3, ,    14.4,E,    15.4, ,    19.3, ,    12.2, ,     8.1, ,     2.6, ,      .4,E,     8.6,E,     3.8, ,     7.9, ,    16.4,E,     7.6, 
1978,      .5, ,     3.2,E,     6.1, ,     8.3, ,    11.0, ,    16.0, ,    18.4, ,    16.9, ,    12.2, ,     9.5, ,     2.9, ,      .6, ,     8.8,E,     1.4,E,     8.5, ,    17.1, ,     8.2, 
1979,    -2.1,E,     1.7, ,     5.7, ,     8.3, ,    11.6, ,    14.2, ,    17.4, ,    17.9, ,    14.1, ,     9.6, ,     4.3, ,     4.1, ,     8.9,E,      .1,E,     8.5, ,    16.5, ,     9.3, 
1980,     -.6, ,     3.1,E,     4.4, ,     8.6,E,    12.1, ,    13.9,E,    16.3, ,    15.7, ,    13.4, ,     9.5,E,     6.0,E,     3.2, ,     8.8,E,     2.2,E,     8.4,E,    15.3,E,     9.6,E
1981,     4.4, ,     4.7, ,     6.6,E,     8.0,E,    11.3,E,    12.5,E,    17.1, ,    18.0, ,    13.2, ,     8.8,E,     6.0,E,     1.4, ,     9.3,E,     4.1, ,     8.6,E,    15.9,E,     9.3,E
1982,     -.7, ,     2.5, ,     4.7, ,     5.9,E,    11.0, ,    16.8,E,    15.9, ,    15.8, ,    13.9, ,     9.1, ,     2.9, ,     2.3, ,     8.3,E,     1.1, ,     7.2,E,    16.2,E,     8.6, 
1983,     4.5, ,     5.2, ,     6.4, ,     9.0, ,    13.1, ,    14.4, ,    16.0, ,    17.0, ,    12.8, ,     7.9, ,     6.4, ,     -.8,E,     9.3,E,     4.0, ,     9.5, ,    15.8, ,     9.0, 
1984,     2.4, ,     4.8, ,     6.6, ,     7.9, ,     9.3, ,    13.7, ,    16.7, ,    15.8,E,    11.9,E,     7.1, ,     3.2,E,     -.7, ,     8.2,E,     2.1,E,     7.9, ,    15.4,E,     7.4,E
1985,     1.5, ,     2.9, ,     4.3, ,     7.3, , -9999.9,M,    14.0, ,    19.5, ,    16.5, ,    12.9, ,     8.0, ,    -1.0, ,      .8, , -9999.9,M,     1.2, , -9999.9,M,    16.7, ,     6.6, 
1986,     4.2, ,     2.1, ,     6.5,E,     7.1, ,    11.1, ,    14.8, ,    15.6, ,    19.1, ,    13.7, ,    10.0, ,     4.9, ,     3.6, ,     9.4,E,     2.4, ,     8.2,E,    16.5, ,     9.5, 
1987,     3.8, ,     5.6, ,     6.6, ,     8.4, ,    12.3, ,    15.4, ,    17.2, ,    17.2, ,    14.9,E,    10.3, ,     7.1, ,     2.6,E,    10.1,E,     4.3, ,     9.1, ,    16.6, ,    10.8,E
1988,     2.1, ,     4.3, ,     5.7, ,     9.0, ,    11.1, ,    13.6, ,    16.4,E, -9999.9,M,    14.0, ,    10.1, ,     5.7,E,     3.6, , -9999.9,M,     3.0,E,     8.6, , -9999.9,M,     9.9,E
1989,     1.8, ,     -.4, ,     4.3,E,    10.1, ,    11.6, ,    15.2, ,    16.4, ,    16.2,E,    15.2,E,     9.4, ,     5.6, ,     5.3, ,     9.2,E,     1.7, ,     8.7,E,    15.9,E,    10.1,E
1990,     2.7, ,      .8, ,     5.7, ,    10.0, ,    12.0, ,    14.5, ,    18.5, ,    18.6, ,    15.5, ,     7.7,E,     4.9, ,      .5, ,     9.3,E,     2.9, ,     9.2, ,    17.2, ,     9.4,E
1991,      .3,E,     5.8,E,     3.9, ,     8.7, ,    12.0, ,    14.1, ,    17.2, ,    17.2,E,    15.1, ,     8.3, ,     6.1, ,     4.3,E,     9.4,E,     2.2,E,     8.2, ,    16.2,E,     9.8, 
1992,     4.4,E,     5.7, ,     8.3, ,     9.1, ,    12.8, ,    16.8, ,    18.5, ,    17.7, ,    12.6, ,    10.0, ,     5.7, ,      .8, ,    10.2,E,     4.8,E,    10.1, ,    17.7, ,     9.4, 
1993,    -2.2, ,     2.7, ,     6.5, ,     8.5, ,    13.6, ,    14.9, ,    16.2, ,    17.3, ,    15.1, ,    10.6, ,     4.4, ,     4.3,E,     9.3,E,      .4, ,     9.5, ,    16.1, ,    10.0, 
1994,     5.8, ,     2.5, ,     6.6, ,     9.9,E,    13.1, ,    14.4, ,    18.4, ,    17.6, ,    15.3, ,     8.9, ,     3.9,E,     2.9, ,     9.9,E,     4.2,E,     9.9,E,    16.8, ,     9.4,E
1995,     2.6, ,     4.6, ,     5.9, ,     8.9, ,    14.3, ,    16.1, ,    18.0, ,    15.6, ,    16.2, ,     9.1, ,     6.0, ,     4.1, ,    10.1, ,     3.4, ,     9.7, ,    16.6, ,    10.4, 
1996,     2.2,E,     3.3, ,     5.3, ,     8.8, ,    10.2, ,    14.0, ,    18.0, ,    17.2, ,    12.7, ,     8.3, ,     3.1, ,      .2, ,     8.6,E,     3.2,E,     8.1, ,    16.4, ,     8.0, 
1997,     2.4,E,     4.2, ,     4.9, ,     8.0, ,    13.3, ,    14.4, ,    17.1, ,    18.6, ,    14.6, ,     9.2, ,     6.0, ,     4.6, ,     9.8,E,     2.3,E,     8.7, ,    16.7, ,     9.9, 
1998,     2.9, ,     5.7, ,     6.9, ,     8.7,E,    13.2, ,    16.2, ,    18.9, ,    18.4, ,    15.5, ,     9.9, ,     6.4, ,     2.5, ,    10.4,E,     4.4, ,     9.6,E,    17.8, ,    10.6, 
1999,     3.4, ,     3.7, ,     4.8, ,     7.9,E,    10.0, ,    13.4, ,    16.7,E,    17.8, ,    14.0, ,     8.6,E,     5.9, ,     3.5, ,     9.1,E,     3.2, ,     7.6,E,    16.0,E,     9.5,E
2000,     1.8,E,     3.7, ,     6.0, ,     8.3, ,    10.3, ,    14.9, ,    17.2, ,    16.1, ,    14.0, ,     9.4, ,     4.7, ,     1.8, ,     9.0,E,     3.0,E,     8.2, ,    16.1, ,     9.4, 
2001,     3.7, ,     3.2, ,     5.4, ,     7.5, ,    11.1, ,    13.3, ,    16.6, ,    16.6, ,    13.9, ,     8.4, ,     6.1,E,     2.3, ,     9.0,E,     2.9, ,     8.0, ,    15.5, ,     9.5,E
2002,     3.5, ,     3.7, ,     3.5, ,     8.1,E,    10.8, ,    15.3, ,    17.3, ,    17.9, ,    14.3, ,     9.2, ,     6.6, ,     4.2,E,     9.5,E,     3.2, ,     7.5,E,    16.8, ,    10.0, 
2003,     5.2, ,     4.3, ,     5.9, ,     8.3, ,    11.2, ,    16.3, ,    18.1, ,    17.6, ,    14.8,E,    10.5, ,     3.1, ,     3.1, ,     9.9,E,     4.6,E,     8.5, ,    17.3, ,     9.5,E
2004,     2.9,E,     4.8,E,     6.6, ,    10.1, ,    13.3, ,    16.7, ,    19.4, ,    19.2, ,    13.4, ,    10.0, ,     6.4, ,     4.0,E,    10.6,E,     3.6,E,    10.0, ,    18.4, ,     9.9, 
2005,     2.6, ,     4.0, ,     7.6, ,     9.6, ,    13.8, ,    15.0,E,    17.0, ,    18.1, ,    13.5, ,     9.5, ,     4.4, ,     3.6,E,     9.9,E,     3.5,E,    10.3, ,    16.7,E,     9.1, 
2006,     4.6, ,     2.4, ,     4.7, ,     8.5, ,    12.4, ,    16.0, ,    18.2, ,    16.8, ,    14.6, ,     8.8, ,     2.6, ,     2.9, ,     9.4, ,     3.5,E,     8.5, ,    17.0, ,     8.7, 
2007,     2.6, ,     4.3, ,     5.7, ,     7.5, ,    11.8, ,    14.2, ,    18.0, ,    16.5, ,    13.4, ,     8.5, ,     4.9, ,     1.5, ,     9.1, ,     3.3, ,     8.3, ,    16.2, ,     8.9, 
2008,     1.6, ,     3.6, ,     4.4, ,     6.0, ,    12.4, ,    13.5, ,    16.6, ,    16.6, ,    13.5, ,     8.0, ,     6.4, ,     -.1, ,     8.5, ,     2.2, ,     7.6, ,    15.6, ,     9.3, 
2009,      .7, ,     2.2, ,     3.5, ,     7.5, ,    10.9, ,    16.0, ,    18.9, ,    17.0, ,    13.8, ,     9.1, ,     5.7, ,      .8, ,     8.8, ,      .9, ,     7.3, ,    17.3, ,     9.5, 
2010,     5.9, ,     6.1, ,     6.0, ,     8.4, ,    11.1, ,    14.3, ,    18.2, ,    17.7, ,    14.0, ,    10.1, , -9999.9,M,     3.3, , -9999.9,M,     4.3, ,     8.5, ,    16.7, , -9999.9,M
2011,     2.3, ,     1.9, ,     5.0, ,     6.1, ,    10.6, ,    14.6, ,    15.9, ,    17.1, ,    14.6, ,     8.8, ,     4.0, ,     2.8, ,     8.6, ,     2.5, ,     7.2, ,    15.9, ,     9.1, 
2012,     2.1, ,     4.0, ,     4.4, ,     8.0, ,    11.5, ,    13.5, ,    17.4, ,    17.9, ,    14.1, , -9999.9,M, -9999.9,M,     2.5, , -9999.9,M,     3.0, ,     8.0, ,    16.3, , -9999.9,M
