1183090,GERMANSEN      ,BC, station not joined, Monthly mean of homogenized daily mean temperature                     , °C,          Updated to December 2012
1183090,GERMANSEN      ,BC, station non-jointe, Moyenne mensuelle des températures homogénéisées moyennes quotidiennes , °C, Mise à jour jusqu à décembre 2012
Year,     Jan, ,     Feb, ,     Mar, ,     Apr, ,     May, ,     Jun, ,     Jul, ,     Aug, ,     Sep, ,     Oct, ,     Nov, ,     Dec, ,  Annual, ,  Winter, ,  Spring, ,  Summer, ,  Autumn
Year,    Janv, ,     Fév, ,    Mars, ,     Avr, ,     Mai, ,    Juin, ,    Juil, ,    Août, ,    Sept, ,     Oct, ,     Nov, ,     Déc, ,  Annuel, ,   Hiver, ,Printemp, ,     Eté, , Automne
1951, -9999.9,M, -9999.9,M, -9999.9,M, -9999.9,M, -9999.9,M, -9999.9,M, -9999.9,M, -9999.9,M,     9.2, ,     -.9, ,    -8.6, ,   -19.1, , -9999.9,M, -9999.9,M, -9999.9,M, -9999.9,M,     -.1, 
1952,   -18.4, ,   -11.2, ,    -4.4, ,     1.3, ,     7.3, ,    10.6, ,    14.4, ,    13.7, ,     9.6, , -9999.9,M,    -5.4, ,   -10.1, , -9999.9,M,   -16.2, ,     1.4, ,    12.9, , -9999.9,M
1953,   -20.3, ,    -6.0, ,    -3.3, , -9999.9,M, -9999.9,M, -9999.9,M, -9999.9,M,    12.7, ,     7.7, ,     3.5, ,    -2.2, ,    -8.3, , -9999.9,M,   -12.1, , -9999.9,M, -9999.9,M,     3.0, 
1954,   -22.8, ,    -7.8, ,    -5.7, ,    -5.5, ,     6.9, ,    10.2, ,    11.8, ,    13.3, ,     8.2, , -9999.9,M,    -1.4, ,    -8.8, , -9999.9,M,   -13.0, ,    -1.4, ,    11.8, , -9999.9,M
1955,   -12.3, ,   -10.0, ,    -9.1, ,     1.7, ,     5.4, ,    11.1, ,    14.3, , -9999.9,M,     7.6, ,      .8, ,   -15.9, ,   -19.5, , -9999.9,M,   -10.4, ,     -.7, , -9999.9,M,    -2.5, 
1956,   -18.6, ,   -15.2, ,    -5.9, ,     1.8, ,     8.2, ,     9.8, ,    13.7, ,    13.3, , -9999.9,M, -9999.9,M,    -5.9, ,   -13.1, , -9999.9,M,   -17.8, ,     1.4, ,    12.3, , -9999.9,M
1957,   -26.7, ,   -14.5, ,    -4.1, ,     2.1, ,     9.3, ,    11.3, ,    11.6, ,    12.3, ,    10.9, ,      .6, ,    -3.7, ,   -11.8, ,     -.2, ,   -18.1, ,     2.4, ,    11.7, ,     2.6, 
1958,    -7.4, ,   -10.5, ,    -4.6, ,     2.9, ,     9.2, ,    15.5, ,    16.3, ,    12.1, ,     7.0, ,     3.3, ,    -8.5, ,   -12.9, ,     1.9, ,    -9.9, ,     2.5, ,    14.6, ,      .6, 
1959,   -19.1, ,   -12.7, , -9999.9,M,     2.3, ,     7.2, ,    10.7, ,    13.9, ,    10.0, , -9999.9,M,     1.2, ,    -9.4, ,    -6.3, , -9999.9,M,   -14.9, , -9999.9,M,    11.5, , -9999.9,M
1960,   -18.6, ,    -7.7, ,    -5.3, ,     3.2, ,     6.6, ,    10.5, ,    14.1, ,    11.9, ,     8.1, , -9999.9,M,    -6.0, ,   -11.5, , -9999.9,M,   -10.9, ,     1.5, ,    12.2, , -9999.9,M
1961,   -12.1, ,    -7.9, ,    -3.3, ,     2.3, ,     8.1, ,    12.9, ,    15.8, ,    14.1, ,     7.0, ,     1.6, ,   -10.1, ,   -17.1, ,      .9, ,   -10.5, ,     2.4, ,    14.3, ,     -.5, 
1962,   -14.9, ,   -14.0, ,    -7.8, ,     2.5, ,     6.3, ,     9.6, ,    13.9, ,    12.6, , -9999.9,M, -9999.9,M,    -2.1, ,    -9.6, , -9999.9,M,   -15.3, ,      .3, ,    12.0, , -9999.9,M
1963,   -14.4, ,    -6.4, ,    -3.7, ,     2.2, ,     6.6, ,    10.3, ,    13.5, ,    14.5, ,    10.3, ,     3.6, ,    -9.3, ,   -12.6, ,     1.2, ,   -10.1, ,     1.7, ,    12.8, ,     1.5, 
1964,   -13.9, ,    -4.3, ,    -7.3, ,     1.1, ,     6.5, ,    11.8, ,    12.8, ,    12.0, ,     7.6, ,     3.2, ,    -8.3, ,   -20.9, ,      .0, ,   -10.3, ,      .1, ,    12.2, ,      .8, 
1965,   -15.2, ,   -10.1, ,    -6.3, ,     1.5, ,     6.5, ,    11.1, ,    14.7, ,    15.0, ,     8.1, ,     2.9, ,    -8.4, ,   -14.2, ,      .5, ,   -15.4, ,      .6, ,    13.6, ,      .9, 
1966,   -20.2, ,    -9.0, ,    -3.4, ,      .6, ,     6.7, ,    10.4, ,    14.4, ,    11.9, ,     8.4, ,      .9, ,    -9.9, ,   -11.8, ,     -.1, ,   -14.5, ,     1.3, ,    12.2, ,     -.2, 
1967,   -16.6, ,    -6.5, ,    -8.8, ,      .3, ,     6.9, ,    12.9, ,    12.8, ,    13.9, ,     9.6, ,     2.3, ,    -4.6, ,   -15.7, ,      .5, ,   -11.6, ,     -.5, ,    13.2, ,     2.4, 
1968,   -15.8, ,   -10.9, ,    -1.7, ,      .2, ,     7.3, ,    10.0, ,    13.8, ,    10.9, ,     7.0, ,     1.5, ,    -4.7, ,   -20.0, ,     -.2, ,   -14.1, ,     1.9, ,    11.6, ,     1.3, 
1969,   -28.3, ,   -11.4, ,    -3.1, ,     3.6, ,     8.3, ,    14.2, ,    12.6, ,    10.5, ,     8.0, ,     1.1, ,    -1.7, ,    -8.1, ,      .5, ,   -19.9, ,     2.9, ,    12.4, ,     2.5, 
1970,   -17.5, ,    -4.7, ,    -3.0, ,     1.7, ,     6.5, ,    12.6, ,    12.1, ,    12.4, ,     7.2, ,     2.8, ,    -9.6, ,   -16.3, ,      .4, ,   -10.1, ,     1.7, ,    12.4, ,      .1, 
1971,   -17.1, ,    -9.9, ,    -6.9, ,     2.5, ,     7.6, ,    11.4, ,    15.8, ,    12.9, ,     6.7, ,      .5, ,    -5.9, ,   -21.5, ,     -.3, ,   -14.4, ,     1.1, ,    13.4, ,      .4, 
1972,   -22.4, ,   -15.0, ,    -3.7, ,    -1.0, ,     7.2, ,    11.5, ,    13.3, ,    13.1, ,     5.8, ,      .5, ,    -3.1, ,   -18.8, ,    -1.1, ,   -19.6, ,      .8, ,    12.6, ,     1.1, 
1973,   -15.3, ,   -11.6, ,    -3.8, ,     2.0, ,     7.2, ,    10.3, ,    12.7, ,    11.2, ,     7.7, ,     1.1, ,   -15.1, ,   -13.9, ,     -.6, ,   -15.2, ,     1.8, ,    11.4, ,    -2.1, 
1974,   -21.6, ,    -8.4, ,    -6.8, ,     2.8, ,     5.4, ,     9.5, ,    11.5, ,    13.2, ,     8.7, ,     2.8, ,    -5.5, ,    -6.9, ,      .4, ,   -14.6, ,      .5, ,    11.4, ,     2.0, 
1975,   -16.0, ,   -15.6, ,    -6.4, ,     1.2, ,     6.9, ,    11.0, ,    14.8, ,    11.3, ,     8.7, ,     2.4, ,    -9.4, ,   -11.7, ,     -.2, ,   -12.8, ,      .6, ,    12.4, ,      .6, 
1976,   -12.2, ,   -11.0, ,    -5.0, ,     2.6, ,     6.8, ,    10.4, ,    11.4, ,    12.3, ,     8.9, ,     2.0, ,    -7.2, ,   -11.0, ,      .7, ,   -11.6, ,     1.5, ,    11.4, ,     1.2, 
1977,   -14.2, ,    -3.8, ,    -3.9, ,     4.6, ,     7.4, ,    11.4, ,    13.2, ,    14.4, ,     7.3, ,     2.2, ,    -9.1, ,   -19.5, ,      .8, ,    -9.7, ,     2.7, ,    13.0, ,      .1, 
1978,   -16.5, ,    -9.2, ,    -3.7, ,     3.1, ,     6.7, ,    13.2, ,    14.9, ,    12.6, ,     7.4, ,     3.4, ,    -9.8, ,   -16.6, ,      .5, ,   -15.1, ,     2.0, ,    13.6, ,      .3, 
1979,   -23.9, ,   -17.3, ,     -.7, ,     1.9, ,     6.3, , -9999.9,M,    14.6, ,    14.6, ,     9.6, ,     3.2, ,    -7.8, ,   -10.2, , -9999.9,M,   -19.3, ,     2.5, , -9999.9,M,     1.7, 
1980,   -19.1, ,    -8.8, ,    -4.5, ,     4.1, ,     8.8, ,    13.4, ,    13.0, ,    11.3, ,     8.3, ,     3.8, ,    -2.5, ,   -12.8, ,     1.3, ,   -12.7, ,     2.8, ,    12.6, ,     3.2, 
1981,    -7.7, ,    -8.1, ,    -1.4, ,     1.6, ,     9.0, ,    10.1, ,    15.3, ,    14.9, ,     8.9, ,     2.3, ,    -3.2, ,   -14.9, ,     2.2, ,    -9.5, ,     3.1, ,    13.4, ,     2.7, 
1982,   -23.0, ,   -14.3, ,    -5.2, ,     -.7, ,     6.8, ,    14.1, ,    15.5, ,    12.3, ,    10.0, ,     2.7, ,    -9.3, ,   -12.0, ,     -.3, ,   -17.4, ,      .3, ,    14.0, ,     1.1, 
1983,   -10.1, ,    -5.1, ,    -4.9, ,     3.6, ,     9.1, ,    12.2, ,    13.2, ,    11.9, ,     6.9, ,     2.1, ,    -4.5, ,   -22.0, ,     1.0, ,    -9.1, ,     2.6, ,    12.4, ,     1.5, 
1984,    -9.4, ,    -4.6, ,     -.8, ,     3.5, ,     5.8, ,    10.4, ,    13.4, ,    12.5, ,     6.3, ,      .3, ,    -8.7, ,   -19.2, ,      .8, ,   -12.0, ,     2.8, ,    12.1, ,     -.7, 
1985,    -8.7, ,    -9.4, ,    -3.2, ,     1.6, ,     8.0, ,    10.4, ,    14.2, ,    12.0, ,     7.7, ,      .7, ,   -18.6, ,   -12.8, ,      .2, ,   -12.4, ,     2.1, ,    12.2, ,    -3.4, 
1986,    -7.6, ,   -13.5, ,     -.1, ,      .9, ,     6.3, ,    10.5, ,    13.7, ,    13.1, ,     7.3, ,     3.8, ,    -7.6, ,   -10.3, ,     1.4, ,   -11.3, ,     2.4, ,    12.4, ,     1.2, 
1987,    -9.7, ,    -5.8, ,    -4.4, ,     2.9, ,     7.2, ,    12.0, ,    14.8, ,    12.1, ,     9.8, ,     3.0, ,    -2.5, ,   -10.2, ,     2.4, ,    -8.6, ,     1.9, ,    13.0, ,     3.4, 
1988,   -15.3, ,    -9.5, ,     -.6, ,     3.5, ,     7.6, ,    10.8, ,    12.7, ,    13.6, ,     8.5, ,     3.6, ,    -2.5, ,   -12.6, ,     1.7, ,   -11.7, ,     3.5, ,    12.4, ,     3.2, 
1989,   -12.8, ,   -15.7, ,    -7.7, ,     4.3, ,     9.0, ,    13.1, ,    15.0, ,    15.5, ,    10.0, ,     3.2, ,    -4.4, ,    -7.1, ,     1.9, ,   -13.7, ,     1.9, ,    14.5, ,     2.9, 
1990,   -12.1, ,   -11.2, ,    -2.1, ,     3.1, ,     8.7, ,    12.2, ,    15.4, ,    15.1, ,     9.7, ,      .9, ,   -11.7, ,   -16.7, ,      .9, ,   -10.1, ,     3.2, ,    14.2, ,     -.4, 
1991,   -20.1, ,    -2.1, ,    -5.1, ,     3.8, ,     9.2, ,    12.3, ,    13.2, ,    14.1, ,     9.9, ,      .3, ,    -5.4, ,    -4.9, ,     2.1, ,   -13.0, ,     2.6, ,    13.2, ,     1.6, 
1992,    -7.4, ,    -6.2, ,      .5, ,     3.2, ,     6.7, ,    13.7, ,    15.0, ,    13.4, ,     6.4, ,     1.3, ,    -4.4, ,   -17.1, ,     2.1, ,    -6.2, ,     3.5, ,    14.0, ,     1.1, 
1993,   -19.6, ,    -8.9, ,    -2.3, ,     4.5, ,    11.2, ,    11.9, ,    13.5, ,    13.7, ,     9.7, ,     4.0, ,    -5.1, ,    -8.8, ,     2.0, ,   -15.2, ,     4.5, ,    13.0, ,     2.9, 
1994,   -13.0, ,   -17.1, ,     -.1, ,     4.2, ,     8.1, ,    12.1, ,    15.8, ,    15.1, ,     9.8, ,     2.5, ,    -7.2, ,   -12.1, ,     1.5, ,   -13.0, ,     4.1, ,    14.3, ,     1.7, 
1995,   -13.3, ,    -9.9, ,    -3.8, ,     3.6, ,     9.8, ,    13.9, ,    14.3, ,    10.8, ,    10.8, ,     2.3, ,    -7.0, ,   -12.5, ,     1.6, ,   -11.8, ,     3.2, ,    13.0, ,     2.0, 
1996,   -22.3, ,    -8.5, ,    -6.4, ,     2.7, ,     5.3, ,    10.6, ,    13.7, ,    12.9, ,     7.5, ,      .5, ,   -10.1, ,   -19.6, ,    -1.1, ,   -14.4, ,      .5, ,    12.4, ,     -.7, 
1997,   -16.0, ,    -5.6, ,    -5.8, ,     2.8, ,     8.7, ,    12.2, ,    14.2, ,    14.6, ,     9.2, ,     1.6, ,    -5.5, ,    -7.0, ,     2.0, ,   -13.7, ,     1.9, ,    13.7, ,     1.8, 
1998,   -15.2, ,    -5.5, ,    -2.1, ,     3.0, ,    11.8, ,    14.7, ,    16.1, ,    13.6, ,     8.7, ,     2.3, ,    -4.8, ,   -11.5, ,     2.6, ,    -9.2, ,     4.2, ,    14.8, ,     2.1, 
1999,   -14.3, ,    -7.7, ,    -2.2, ,     2.9, ,     5.9, ,    11.0, ,    13.6, ,    13.5, ,     8.9, ,     2.8, ,    -3.7, ,    -8.4, ,     1.9, ,   -11.2, ,     2.2, ,    12.7, ,     2.7, 
2000,   -17.5, ,   -11.6, ,    -2.6, ,     2.3, ,     6.1, ,    12.2, ,    14.3, ,    12.5, ,     8.2, ,     2.0, ,    -2.3, ,   -12.2, ,     1.0, ,   -12.5, ,     1.9, ,    13.0, ,     2.6, 
2001,    -8.8, ,   -13.1, ,    -4.0, ,     2.1, ,     6.3, ,    10.3, ,    14.0, ,    13.7, ,     8.4, ,     1.3, ,    -4.8, ,   -13.4, ,     1.0, ,   -11.4, ,     1.5, ,    12.7, ,     1.6, 
2002,   -11.4, ,    -8.5, ,    -9.8, ,      .6, ,     6.0, ,    12.5, ,    13.3, ,    12.4, ,     7.5, ,     1.6, ,    -3.9, ,    -8.8, ,     1.0, ,   -11.1, ,    -1.1, ,    12.7, ,     1.7, 
2003,    -9.1, ,   -11.0, ,    -6.1, ,     2.7, ,     6.4, ,    12.5, ,    14.5, ,    12.7, ,     8.1, ,     3.2, ,    -8.5, ,    -9.3, ,     1.3, ,    -9.6, ,     1.0, ,    13.2, ,      .9, 
2004,   -15.4, ,    -6.2, ,    -1.3, ,     3.8, ,     8.5, ,    14.7, ,    15.7, ,    14.3, ,     7.2, ,     1.6, ,    -6.3, ,    -8.6, ,     2.3, ,   -10.3, ,     3.7, ,    14.9, ,      .8, 
2005,   -15.2, ,    -7.7, ,    -1.4, ,     4.0, ,     9.9, ,    13.1, ,    12.8, ,    13.2, ,     7.7, ,     2.5, ,    -3.7, ,    -7.1, ,     2.3, ,   -10.5, ,     4.2, ,    13.0, ,     2.2, 
2006,    -7.3, ,    -8.6, ,    -5.4, ,     3.2, ,     8.5, ,    13.1, ,    15.1, ,    12.1, ,     9.7, ,     1.0, ,   -10.6, ,    -9.5, ,     1.8, ,    -7.7, ,     2.1, ,    13.4, ,      .0, 
2007,   -11.3, ,    -7.9, ,    -2.1, ,     1.2, ,     7.3, ,    11.8, ,    15.0, ,    12.7, ,     8.6, ,     3.1, ,    -7.3, ,   -15.7, ,     1.3, ,    -9.6, ,     2.1, ,    13.2, ,     1.5, 
2008,   -13.2, ,    -9.7, ,    -3.8, ,      .9, ,     9.1, ,    10.7, ,    13.5, ,    14.1, ,     9.1, ,     2.5, ,    -3.2, ,   -19.1, ,      .9, ,   -12.9, ,     2.1, ,    12.8, ,     2.8, 
2009,   -13.4, ,   -10.9, ,    -7.4, ,     2.2, ,     6.9, ,    12.7, ,    16.5, ,    14.1, ,    10.8, ,      .8, ,    -5.9, ,   -18.8, ,      .6, ,   -14.5, ,      .6, ,    14.4, ,     1.9, 
2010,    -8.6, ,    -4.3, ,      .8, ,     3.5, ,     7.8, ,    11.6, ,    15.1, ,    14.6, ,     8.1, ,     3.6, ,    -7.1, ,   -11.0, ,     2.8, ,   -10.6, ,     4.0, ,    13.8, ,     1.5, 
2011,   -12.9, ,   -12.9, ,    -5.6, ,     1.0, ,     8.7, ,    12.7, ,    13.4, ,    12.4, ,     9.7, ,     2.3, ,    -6.6, ,    -9.4, ,     1.1, ,   -12.3, ,     1.4, ,    12.8, ,     1.8, 
2012,   -11.7, ,    -7.3, ,    -3.2, ,     2.8, ,     7.2, ,    11.6, ,    15.8, ,    14.6, ,    10.2, ,      .0, ,    -6.8, ,   -14.3, ,     1.6, ,    -9.5, ,     2.3, ,    14.0, ,     1.1, 
