1143900,KASLO          ,BC, station not joined, Monthly mean of homogenized daily mean temperature                     , °C,          Updated to December 2012
1143900,KASLO          ,BC, station non-jointe, Moyenne mensuelle des températures homogénéisées moyennes quotidiennes , °C, Mise à jour jusqu à décembre 2012
Year,     Jan, ,     Feb, ,     Mar, ,     Apr, ,     May, ,     Jun, ,     Jul, ,     Aug, ,     Sep, ,     Oct, ,     Nov, ,     Dec, ,  Annual, ,  Winter, ,  Spring, ,  Summer, ,  Autumn
Year,    Janv, ,     Fév, ,    Mars, ,     Avr, ,     Mai, ,    Juin, ,    Juil, ,    Août, ,    Sept, ,     Oct, ,     Nov, ,     Déc, ,  Annuel, ,   Hiver, ,Printemp, ,     Eté, , Automne
1912, -9999.9,M, -9999.9,M,     -.5, , -9999.9,M,    11.5, ,    15.8, ,    14.8, , -9999.9,M,     9.5, ,     4.6, ,     1.1, ,    -1.6, , -9999.9,M, -9999.9,M, -9999.9,M, -9999.9,M,     5.1, 
1913,    -5.8, ,    -6.4, ,    -1.5, ,     5.6, ,    10.1, ,    14.3, ,    15.7, ,    15.8, ,    10.9, ,     5.1, ,     1.7, ,    -2.9, ,     5.2, ,    -4.6, ,     4.7, ,    15.3, ,     5.9, 
1914,     -.4, ,    -2.4, ,     2.3, ,     7.3, ,    11.5, ,    13.3, ,    18.1, ,    16.6, ,    11.1, ,     7.5, ,     2.8, ,    -7.3, ,     6.7, ,    -1.9, ,     7.0, ,    16.0, ,     7.1, 
1915,    -3.6, ,      .7, ,     3.9, ,     9.6, ,    11.1, ,    13.7, ,    17.8, ,    17.9, ,    11.5, ,     7.4, ,      .7, ,    -3.0, ,     7.3, ,    -3.4, ,     8.2, ,    16.5, ,     6.5, 
1916,   -10.7, ,    -3.8, ,     3.5, ,     7.9, ,     8.6, ,    12.8, ,    15.2, ,    15.7, ,    11.5, ,     6.1, ,     -.4, ,    -7.4, ,     4.9, ,    -5.8, ,     6.7, ,    14.6, ,     5.7, 
1917,    -4.7, ,    -3.4, ,    -2.7, ,     4.1, ,    10.8, ,    13.4, ,    18.3, ,    15.2, ,    11.5, ,     6.5, ,     2.9, ,    -2.7, ,     5.8, ,    -5.2, ,     4.1, ,    15.6, ,     7.0, 
1918,    -4.8, ,    -3.3, , -9999.9,M, -9999.9,M, -9999.9,M, -9999.9,M,    17.5, ,    15.6, ,    14.2, ,     8.7, ,     2.1, ,    -1.3, , -9999.9,M,    -3.6, , -9999.9,M, -9999.9,M,     8.3, 
1919,     -.9, ,    -2.5, ,     1.0, ,     7.3, ,    11.1, ,    14.2, ,    17.8, ,    17.8, ,    12.2, ,     5.2, ,     -.5, ,    -4.8, ,     6.5, ,    -1.6, ,     6.5, ,    16.6, ,     5.6, 
1920,    -4.4, ,    -2.0, ,     1.3, ,     5.5, ,     9.1, ,    13.0, ,    19.2, ,    17.1, ,    11.4, ,     6.0, ,     1.8, ,     -.2, ,     6.5, ,    -3.7, ,     5.3, ,    16.4, ,     6.4, 
1921,    -2.1, ,    -1.5, ,     1.2, ,     6.2, ,    11.4, ,    14.6, ,    17.2, ,    16.6, ,     9.6, ,     7.4, ,      .7, ,    -4.7, ,     6.4, ,    -1.3, ,     6.3, ,    16.1, ,     5.9, 
1922,    -6.1, ,    -5.3, ,      .1, ,     5.4, ,    10.2, ,    16.8, ,    18.2, ,    18.1, ,    13.4, ,     8.4, ,     1.0, ,    -5.3, ,     6.2, ,    -5.4, ,     5.2, ,    17.7, ,     7.6, 
1923,    -1.9, ,    -4.9, ,     1.0, ,     6.9, ,    10.5, ,    14.9, ,    18.1, ,    17.9, ,    14.8, ,     8.3, ,     2.5, ,    -1.3, ,     7.2, ,    -4.0, ,     6.1, ,    17.0, ,     8.5, 
1924,    -5.0, ,     2.5, ,     2.5, ,     6.1, ,    13.5, ,    14.4, ,    19.4, ,    16.4, ,    13.3, ,     7.4, ,      .2, ,    -6.0, ,     7.1, ,    -1.3, ,     7.4, ,    16.7, ,     7.0, 
1925,    -2.0, ,     1.8, ,     2.8, ,     8.3, ,    12.7, ,    15.7, ,    20.1, ,    17.0, ,    12.9, ,     5.8, ,     1.9, ,     1.4, ,     8.2, ,    -2.1, ,     7.9, ,    17.6, ,     6.9, 
1926,    -2.0, ,     1.7, ,     4.7, ,     9.1, ,    11.2, ,    16.1, ,    20.7, ,    16.7, ,     9.3, ,     7.8, ,     3.1, ,    -2.5, ,     8.0, ,      .4, ,     8.3, ,    17.8, ,     6.7, 
1927,    -4.1, ,    -1.5, ,     1.8, ,     5.6, ,     9.4, ,    14.3, ,    17.1, ,    17.2, ,    11.9, ,     7.3, ,     1.0, ,    -6.3, ,     6.1, ,    -2.7, ,     5.6, ,    16.2, ,     6.7, 
1928,    -3.0, ,    -1.2, ,     3.0, ,     5.5, ,    12.7, ,    14.1, ,    18.5, ,    16.7, ,    13.3, ,     5.7, ,     1.7, ,    -2.6, ,     7.0, ,    -3.5, ,     7.1, ,    16.4, ,     6.9, 
1929,    -8.3, ,    -6.1, ,     2.8, ,     5.4, ,    10.9, ,    13.2, ,    17.8, ,    18.3, ,    11.4, ,     7.2, ,      .4, ,    -1.3, ,     6.0, ,    -5.7, ,     6.4, ,    16.4, ,     6.3, 
1930,   -11.3, ,     -.2, ,     1.2, ,     8.8, ,    10.0, ,    13.2, ,    17.7, ,    18.4, ,    13.4, ,     5.5, ,      .5, ,     -.7, ,     6.4, ,    -4.3, ,     6.7, ,    16.4, ,     6.5, 
1931,     -.4, ,    -1.1, ,     2.8, ,     7.6, ,    11.9, ,    13.4, ,    18.4, ,    18.2, ,    11.7, ,     6.8, ,     -.2, ,    -1.5, ,     7.3, ,     -.7, ,     7.4, ,    16.7, ,     6.1, 
1932,    -4.7, ,    -3.5, ,      .8, ,     6.7, ,    10.7, ,    15.3, ,    16.8, ,    17.4, ,    12.3, ,     6.4, ,     2.4, ,    -4.4, ,     6.4, ,    -3.2, ,     6.1, ,    16.5, ,     7.0, 
1933,    -1.9, ,    -5.9, ,     1.8, ,     6.5, ,    10.4, ,    14.5, ,    18.1, ,    18.3, ,    10.9, ,     6.8, ,     3.4, ,     -.9, ,     6.8, ,    -4.1, ,     6.2, ,    17.0, ,     7.0, 
1934,     -.5, ,     -.7, ,     3.3, ,    10.4, ,    12.6, ,    15.2, ,    18.6, ,    18.7, ,    11.3, ,     8.3, ,     4.3, ,    -1.0, ,     8.4, ,     -.7, ,     8.8, ,    17.5, ,     8.0, 
1935,    -4.5, ,     -.4, ,      .7, ,     4.8, ,    10.6, ,    14.1, ,    17.4, ,    16.4, ,    14.3, ,     6.8, ,      .2, ,     -.3, ,     6.7, ,    -2.0, ,     5.4, ,    16.0, ,     7.1, 
1936,    -1.2, ,    -9.9, ,      .4, ,     7.2, ,    14.2, ,    16.1, ,    19.4, ,    18.8, ,    13.0, ,     8.5, ,      .8, ,     -.8, ,     7.2, ,    -3.8, ,     7.3, ,    18.1, ,     7.4, 
1937,   -11.2, ,    -3.4, ,     2.2, ,     6.2, ,    12.1, ,    15.6, ,    19.7, ,    16.3, ,    14.6, ,     8.9, ,     2.5, ,    -1.5, ,     6.8, ,    -5.1, ,     6.8, ,    17.2, ,     8.7, 
1938,    -2.5, ,    -1.2, ,     2.8, ,     7.5, ,    11.7, ,    16.6, ,    20.4, ,    16.9, ,    16.1, ,     8.9, ,      .0, ,    -2.6, ,     7.9, ,    -1.7, ,     7.3, ,    18.0, ,     8.3, 
1939,     -.1, ,    -4.1, ,     2.1, ,     8.4, ,    12.0, ,    13.1, ,    18.8, , -9999.9,M,    12.7, ,     6.8, ,     2.9, ,      .5, , -9999.9,M,    -2.3, ,     7.5, , -9999.9,M,     7.5, 
1940,    -3.5, ,      .0, ,     4.3, ,     7.7, ,    12.5, ,    16.0, ,    18.8, ,    17.9, ,    15.2, ,     8.5, ,     -.2, ,     -.4, ,     8.1, ,    -1.0, ,     8.2, ,    17.6, ,     7.8, 
1941,     -.8, ,      .4, ,     5.1, ,     9.3, ,    11.4, ,    15.5, ,    20.0, ,    17.6, ,    10.7, ,     7.0, ,     3.1, ,    -1.1, ,     8.2, ,     -.3, ,     8.6, ,    17.7, ,     6.9, 
1942,    -4.6, ,    -1.7, ,     2.3, ,     7.8, ,     9.9, ,    13.0, ,    17.2, ,    17.1, ,    13.1, ,     7.7, ,      .3, ,    -1.5, ,     6.7, ,    -2.5, ,     6.7, ,    15.8, ,     7.0, 
1943,    -8.7, ,     -.7, ,    -1.4, ,     6.9, ,     9.7, ,    12.3, ,    16.6, ,    16.6, ,    13.1, ,     7.1, ,     2.3, ,    -1.5, ,     6.0, ,    -3.6, ,     5.1, ,    15.2, ,     7.5, 
1944,    -2.7, ,    -1.5, ,      .6, ,     7.3, ,    11.3, ,    15.3, ,    18.1, ,    16.4, ,    13.4, ,     8.3, ,     2.3, ,    -2.4, ,     7.2, ,    -1.9, ,     6.4, ,    16.6, ,     8.0, 
1945,    -1.8, ,    -1.0, ,     1.7, ,     4.5, ,    11.7, ,    14.9, ,    19.4, ,    18.8, ,    12.1, ,     7.2, ,     1.1, ,    -1.6, ,     7.3, ,    -1.7, ,     6.0, ,    17.7, ,     6.8, 
1946,    -1.0, ,     -.5, ,     3.4, ,     7.0, ,    12.4, ,    14.0, ,    18.3, ,    17.8, ,    12.4, ,     5.5, ,     -.5, ,    -1.9, ,     7.2, ,    -1.0, ,     7.6, ,    16.7, ,     5.8, 
1947,    -3.8, ,    -1.0, ,     2.8, ,     7.6, ,    12.6, ,    14.2, ,    18.4, ,    16.8, ,    13.2, ,     8.0, ,      .9, ,     -.1, ,     7.5, ,    -2.2, ,     7.7, ,    16.5, ,     7.4, 
1948,    -2.7, ,    -3.6, ,      .5, ,     5.7, ,    11.5, ,    16.9, ,    16.9, ,    16.5, ,    13.0, ,     6.0, ,     1.6, ,    -4.7, ,     6.5, ,    -2.1, ,     5.9, ,    16.8, ,     6.9, 
1949,    -8.9, ,    -4.4, ,      .9, ,     7.8, ,    13.0, ,    15.0, ,    17.3, ,    17.0, ,    13.3, ,     5.5, ,     3.7, ,    -2.5, ,     6.5, ,    -6.0, ,     7.2, ,    16.4, ,     7.5, 
1950,   -13.0, ,    -1.6, ,      .5, ,     5.1, ,     9.9, ,    14.8, ,    17.5, ,    16.8, ,    13.9, ,     6.4, ,      .8, ,      .1, ,     5.9, ,    -5.7, ,     5.2, ,    16.4, ,     7.0, 
1951,    -4.0, ,    -2.6, ,     -.8, ,     6.4, ,    10.8, ,    13.8, ,    18.4, ,    17.1, ,    12.1, ,     6.5, ,     1.2, ,    -4.7, ,     6.2, ,    -2.2, ,     5.5, ,    16.4, ,     6.6, 
1952,    -3.8, ,     -.9, ,     1.8, ,     6.7, ,    11.4, ,    13.8, ,    17.5, ,    17.8, ,    14.1, ,     9.0, ,      .8, ,     -.4, ,     7.3, ,    -3.1, ,     6.6, ,    16.4, ,     8.0, 
1953,     1.1, ,      .0, ,     2.8, ,     5.5, ,    11.2, ,    13.6, ,    17.3, ,    17.7, ,    12.6, ,     8.0, ,     3.5, ,      .0, ,     7.8, ,      .2, ,     6.5, ,    16.2, ,     8.0, 
1954,    -5.1, ,      .8, ,      .1, ,     4.4, ,    11.2, ,    13.1, ,    16.8, ,    16.1, ,    12.2, ,     6.2, ,     4.4, ,     -.6, ,     6.6, ,    -1.4, ,     5.2, ,    15.3, ,     7.6, 
1955,    -2.2, ,    -3.4, ,    -2.3, ,     4.4, ,     9.1, ,    14.8, ,    17.0, ,    17.0, ,    13.3, ,     6.7, ,    -2.7, ,    -3.9, ,     5.7, ,    -2.1, ,     3.7, ,    16.3, ,     5.8, 
1956,    -2.0, ,    -4.2, ,      .5, ,     6.5, ,    11.8, ,    13.1, ,    18.7, ,    18.3, ,    13.4, ,     6.7, ,      .5, ,    -2.0, ,     6.8, ,    -3.4, ,     6.3, ,    16.7, ,     6.9, 
1957,    -8.1, ,    -3.4, ,     2.0, ,     7.0, ,    14.6, ,    15.3, ,    17.0, ,    14.9, ,    14.0, ,     6.2, ,     1.8, ,     -.2, ,     6.8, ,    -4.5, ,     7.9, ,    15.7, ,     7.3, 
1958,     -.3, ,     2.0, ,     3.3, ,     6.8, ,    15.1, ,    17.4, ,    20.0, ,    21.1, ,    12.7, ,     6.7, ,      .4, ,     -.8, ,     8.7, ,      .5, ,     8.4, ,    19.5, ,     6.6, 
1959,    -3.2, ,    -2.7, ,     2.4, , -9999.9,M,    10.0, ,    14.7, ,    18.7, ,    15.4, ,    11.2, ,     6.2, ,    -1.1, ,    -1.7, , -9999.9,M,    -2.2, , -9999.9,M,    16.3, ,     5.4, 
1960,    -5.0, ,    -1.5, ,     1.2, ,     6.7, ,     9.9, ,    14.9, ,    21.3, ,    16.9, ,    12.3, ,     8.0, ,     1.0, ,    -2.0, ,     7.0, ,    -2.7, ,     5.9, ,    17.7, ,     7.1, 
1961,    -1.5, ,     2.1, ,     3.4, ,     6.4, ,    11.6, ,    18.0, ,    19.2, ,    20.0, ,    11.0, ,     5.7, ,     -.6, ,    -2.6, ,     7.7, ,     -.5, ,     7.1, ,    19.1, ,     5.4, 
1962,    -4.6, ,    -1.4, ,      .7, ,     7.3, ,    10.6, ,    14.8, ,    17.3, ,    16.2, ,    12.8, ,     7.8, ,     3.8, ,      .6, ,     7.2, ,    -2.9, ,     6.2, ,    16.1, ,     8.1, 
1963,    -7.1, ,     1.6, ,     3.9, ,     7.4, ,    11.3, ,    15.2, ,    16.9, ,    18.2, ,    15.5, ,     8.9, ,     2.3, ,    -1.6, ,     7.7, ,    -1.6, ,     7.5, ,    16.8, ,     8.9, 
1964,     -.8, ,     -.4, ,      .9, ,     5.9, ,    10.5, ,    14.5, ,    18.0, ,    15.2, ,    10.9, ,     7.2, ,     1.6, ,    -4.2, ,     6.6, ,     -.9, ,     5.8, ,    15.9, ,     6.6, 
1965,     -.9, ,    -1.0, ,     -.6, ,     7.5, ,    10.4, ,    15.0, ,    19.2, ,    18.4, ,     9.9, ,     8.0, ,     2.1, ,     -.9, ,     7.3, ,    -2.0, ,     5.8, ,    17.5, ,     6.7, 
1966,    -2.2, ,      .0, ,     1.9, ,     6.0, ,    11.3, ,    13.8, ,    17.6, ,    16.7, ,    15.0, ,     6.8, ,     1.6, ,     -.1, ,     7.4, ,    -1.0, ,     6.4, ,    16.0, ,     7.8, 
1967,     -.7, ,      .1, ,     1.0, ,     5.5, ,    10.0, ,    15.4, ,    18.6, ,    20.3, ,    15.8, ,     6.4, ,      .7, ,    -3.1, ,     7.5, ,     -.2, ,     5.5, ,    18.1, ,     7.6, 
1968,    -3.4, ,     -.2, ,     2.9, ,     5.4, ,    10.9, ,    14.0, ,    18.3, ,    16.1, ,    12.6, ,     6.1, ,     2.5, ,    -4.2, ,     6.8, ,    -2.2, ,     6.4, ,    16.1, ,     7.1, 
1969,    -7.9, ,    -1.4, ,     2.7, ,     7.3, ,    12.5, ,    16.3, ,    16.8, ,    17.3, ,    13.6, ,     6.5, ,     3.4, ,      .1, ,     7.3, ,    -4.5, ,     7.5, ,    16.8, ,     7.8, 
1970,    -3.3, ,      .6, ,     2.5, ,     5.4, ,    11.6, ,    17.3, ,    19.2, ,    19.3, ,    10.6, ,     6.1, ,      .8, ,    -2.1, ,     7.3, ,     -.9, ,     6.5, ,    18.6, ,     5.8, 
1971,    -2.5, ,     -.5, ,      .9, ,     6.8, ,    11.7, ,    13.5, ,    17.7, ,    20.7, ,    11.3, ,     6.2, ,     2.3, ,    -4.3, ,     7.0, ,    -1.7, ,     6.5, ,    17.3, ,     6.6, 
1972,    -5.6, ,     -.6, ,     3.3, ,     4.9, ,    11.9, ,    14.4, ,    16.5, ,    19.5, ,    10.4, ,     5.9, ,     2.7, ,    -4.5, ,     6.6, ,    -3.5, ,     6.7, ,    16.8, ,     6.3, 
1973,    -4.1, ,     -.3, ,     4.0, ,     6.7, ,    11.6, ,    14.5, ,    18.8, ,    18.1, ,    13.9, ,     7.1, ,      .0, ,     -.4, ,     7.5, ,    -3.0, ,     7.4, ,    17.1, ,     7.0, 
1974,    -4.0, ,      .8, ,     2.0, ,     7.0, ,    10.1, ,    16.8, ,    17.3, ,    17.1, ,    13.1, ,     8.4, ,     2.7, ,     -.1, ,     7.6, ,    -1.2, ,     6.4, ,    17.1, ,     8.1, 
1975,    -4.6, ,    -3.6, ,      .7, ,     5.6, ,    11.1, ,    14.8, ,    20.1, ,    15.9, ,    13.5, ,     6.9, ,      .9, ,    -1.8, ,     6.6, ,    -2.8, ,     5.8, ,    16.9, ,     7.1, 
1976,    -1.5, ,     -.3, ,      .4, ,     7.2, ,    11.8, ,    13.0, ,    17.2, ,    16.4, ,    14.0, ,     7.2, ,     1.6, ,     -.2, ,     7.2, ,    -1.2, ,     6.5, ,    15.5, ,     7.6, 
1977,    -4.1, ,      .9, ,     2.7, ,     8.5, ,    11.1, ,    16.8, ,    17.1, ,    18.7, ,    12.0, ,     6.9, ,     -.1, ,    -4.0, ,     7.2, ,    -1.1, ,     7.4, ,    17.5, ,     6.3, 
1978,    -3.5, ,      .3, ,     2.9, ,     7.5, ,    10.5, ,    15.8, ,    18.8, ,    16.7, ,    12.7, ,     7.5, ,      .0, ,    -4.7, ,     7.0, ,    -2.4, ,     7.0, ,    17.1, ,     6.7, 
1979,    -9.3, ,    -1.4, ,     3.0, ,     6.7, ,    11.4, ,    16.6, ,    19.4, ,    20.0, ,    14.8, ,     8.7, ,      .6, ,      .7, ,     7.6, ,    -5.1, ,     7.0, ,    18.7, ,     8.0, 
1980,    -5.8, ,     -.4, ,     2.1, ,     8.7, ,    13.3, ,    14.8, ,    17.8, ,    16.0, ,    13.0, ,     8.6, ,     3.0, ,     -.5, ,     7.6, ,    -1.8, ,     8.0, ,    16.2, ,     8.2, 
1981,     -.8, ,     -.4, ,     4.6, ,     6.5, ,    12.2, ,    13.2, ,    16.6, ,    19.7, ,    13.4, ,     7.0, ,     3.6, ,    -2.1, ,     7.8, ,     -.6, ,     7.8, ,    16.5, ,     8.0, 
1982,    -3.8, ,    -1.8, ,     2.6, ,     5.6, ,    10.7, ,    17.2, ,    16.6, ,    17.1,E,    13.0, ,     7.2, ,     -.2, ,    -2.3, ,     6.8,E,    -2.6, ,     6.3, ,    17.0,E,     6.7, 
1983,      .2, ,     1.3, ,     4.6, ,     6.7, ,    12.7, ,    14.9, ,    15.6, ,    18.6, ,    11.0, ,     6.6, ,     3.5, ,    -7.0, ,     7.4, ,     -.3, ,     8.0, ,    16.4, ,     7.0, 
1984,    -1.8, ,      .4, ,     4.3, ,     6.8, ,     9.0, ,    14.0, ,    18.3, ,    17.4, ,    10.3, ,     6.0, ,      .7, ,    -5.6, ,     6.7, ,    -2.8, ,     6.7, ,    16.6, ,     5.7, 
1985,    -4.3, ,    -3.2, ,     1.2, ,     6.9, ,    12.2, ,    14.5, ,    20.5, ,    16.1, ,    10.7, ,     5.9, ,    -5.1, ,    -3.5, ,     6.0, ,    -4.4, ,     6.8, ,    17.0, ,     3.8, 
1986,     -.5, ,    -1.8, ,     4.5, ,     7.0, ,    12.4, ,    16.8, ,    15.6, ,    19.1, ,    11.6, ,     7.9, ,     1.1, ,    -1.5, ,     7.7, ,    -1.9, ,     8.0, ,    17.2, ,     6.9, 
1987,    -2.5, ,      .4, ,     4.2, ,     9.0, ,    13.2, ,    17.3, ,    18.5,E,    17.1, ,    15.5, ,     8.1, ,     4.5, ,    -1.7, ,     8.6,E,    -1.2, ,     8.8, ,    17.6,E,     9.4, 
1988,    -3.5, ,     -.3, ,     3.6, ,     8.9, ,    12.5, ,    16.0, ,    18.1, ,    18.2, ,    13.5, ,     9.3, ,     3.0, ,    -1.6, ,     8.1, ,    -1.8, ,     8.3, ,    17.4, ,     8.6, 
1989,    -1.9, ,    -5.8, ,     1.9, ,     7.7,E,    11.2, ,    16.1, ,    19.3, ,    16.8, ,    13.5, ,     7.4, ,     2.3, ,     -.3, ,     7.4,E,    -3.1, ,     6.9,E,    17.4, ,     7.7, 
1990,    -1.2, ,    -2.0, ,     3.4, ,     8.5, ,    10.9, ,    14.2,E,    19.7, ,    19.4,E,    16.1, ,     6.4, ,     2.5, ,    -4.9, ,     7.8,E,    -1.2, ,     7.6, ,    17.8,E,     8.3, 
1991,    -5.4, ,     2.8, ,     2.0, ,     7.4, ,    11.5, ,    14.4, ,    18.3, ,    18.9, ,    13.9, ,     6.9, ,     1.4, ,     -.9,E,     7.6,E,    -2.5, ,     7.0, ,    17.2, ,     7.4, 
1992,      .0, ,     2.5, ,     6.3, ,     8.6, ,    13.1, ,    18.6, ,    18.4, ,    18.6, ,    11.8, ,     8.2, ,     2.2, ,    -4.7, ,     8.6, ,      .5,E,     9.3, ,    18.5, ,     7.4, 
1993,    -5.6, ,    -3.1, ,     2.9, ,     7.8, ,    15.4, ,    15.3, ,    15.9, ,    16.8, ,    13.9, ,     8.8, ,     -.3, ,     -.7, ,     7.3, ,    -4.5, ,     8.7, ,    16.0, ,     7.5, 
1994,     1.0, ,    -2.1, , -9999.9,M,     9.3, ,    12.8, ,    14.9, ,    20.6, ,    20.0, ,    15.7, ,     8.0, ,      .2, ,    -1.7, , -9999.9,M,     -.6, , -9999.9,M,    18.5, ,     8.0, 
1995,    -2.5, ,      .6, ,     3.1, ,     7.1, ,    12.9, ,    15.9, ,    18.5, ,    15.6, ,    14.8, ,     6.4, ,     2.0, ,    -2.6,E,     7.7,E,    -1.2, ,     7.7, ,    16.7, ,     7.7, 
1996,    -5.0, ,    -2.2, ,     1.7, ,     7.3, ,     9.8, ,    15.2, ,    18.8, ,    18.0, ,    12.2, ,     6.6, ,      .3, ,    -4.5,E,     6.5,E,    -3.3,E,     6.3, ,    17.3, ,     6.4, 
1997,    -3.1, ,     -.7, ,     1.9, ,     5.9, ,    11.6, ,    14.7, ,    17.5, ,    18.2, ,    13.9, ,     7.3, ,     3.1, ,     -.4, ,     7.5, ,    -2.8,E,     6.5, ,    16.8, ,     8.1, 
1998,    -1.8, ,     2.0, ,     4.2, ,     8.5, ,    13.8, ,    15.3, ,    20.6, ,    19.6, ,    16.7, ,     7.2, ,     3.5, ,    -2.8, ,     8.9, ,     -.1, ,     8.8, ,    18.5, ,     9.1, 
1999,     -.3, ,      .0, ,     3.1, ,     7.1, ,    10.4, ,    13.7,E,    16.2, ,    18.0, ,    12.5, ,     6.6, ,     3.3, , -9999.9,M, -9999.9,M,    -1.0, ,     6.9, ,    16.0,E,     7.5, 
2000, -9999.9,M,      .2,E,     4.0,E,     7.9, ,    11.1, ,    14.7, ,    18.6, ,    18.3, ,    12.4, ,     7.8, ,      .7, ,    -2.8, , -9999.9,M, -9999.9,M,     7.7,E,    17.2, ,     7.0, 
2001,    -1.6, ,    -1.6, ,     4.1, ,     7.2, ,    12.7, ,    13.7, ,    18.5, ,    20.3, ,    15.0, ,     6.6, ,     4.4, ,    -1.6,E,     8.1,E,    -2.0, ,     8.0, ,    17.5, ,     8.7, 
2002,    -1.6, ,     -.3, ,      .6,E,     7.2, ,    10.2, ,    15.8, ,    19.0, ,    17.5, ,    13.4, ,     6.3,E,     3.0, ,      .6, ,     7.6,E,    -1.2,E,     6.0,E,    17.4, ,     7.6,E
2003,     -.3, ,      .2, ,     3.1, ,     7.9, ,    11.4, ,    16.6, ,    21.4, ,    20.5, ,    14.7, ,     8.6, ,     -.4, ,    -2.0, ,     8.5, ,      .2, ,     7.5, ,    19.5, ,     7.6, 
2004,    -2.5,E,      .1, ,     4.6, ,     9.2, ,    12.0, ,    16.1, ,    19.7, ,    19.7, ,    12.4, ,     8.2, ,     2.0, ,      .2, ,     8.5,E,    -1.5,E,     8.6, ,    18.5, ,     7.5, 
2005,    -3.2, ,     -.2, ,     4.4, ,     8.4, ,    13.4, ,    14.8, ,    18.7, ,    18.5, ,    12.8, ,     7.9, ,     2.2, ,    -2.3, ,     8.0, ,    -1.1, ,     8.7, ,    17.3, ,     7.6, 
2006,     1.7, ,    -1.4, ,     3.5, ,     8.0, ,    12.6, ,    17.0, ,    21.0, ,    18.2, ,    14.8, ,     8.1, ,     1.3, ,    -1.1, ,     8.6, ,     -.7, ,     8.0, ,    18.7, ,     8.1, 
2007,    -3.5, ,      .8, ,     4.7, ,     7.4, ,    12.5, , -9999.9,M,    22.2, ,    18.4, ,    13.6, ,     7.3, ,     1.0, ,    -2.0, , -9999.9,M,    -1.3, ,     8.2, , -9999.9,M,     7.3, 
2008,    -3.0, ,      .3, ,     2.6, ,     5.5, ,    12.5, ,    15.2, ,    19.5, ,    17.9, ,    12.3, ,     7.0, ,     3.3, ,    -4.8, ,     7.4, ,    -1.6, ,     6.9, ,    17.5, ,     7.5, 
2009,    -2.7, ,     -.3, ,     1.5, ,     6.7, ,    11.7, ,    15.7, ,    19.6, ,    19.2, ,    15.3, ,     5.5, ,     3.1, ,    -5.0, ,     7.5, ,    -2.6, ,     6.6, ,    18.2, ,     8.0, 
2010,      .0, ,     2.5, , -9999.9,M,     7.8, ,    11.0, ,    15.0, , -9999.9,M, -9999.9,M, -9999.9,M,     8.9, ,     1.2, , -9999.9,M, -9999.9,M,     -.8, , -9999.9,M, -9999.9,M, -9999.9,M
2011,    -2.0, ,    -2.7, ,     3.4, ,     5.6, ,    11.4, ,    14.4, ,    17.2, ,    18.8, ,    15.3, ,     7.8, ,      .8, ,     -.8, ,     7.4, , -9999.9,M,     6.8, ,    16.8, ,     8.0, 
2012,    -2.1, ,     -.2, ,     3.6, , -9999.9,M, -9999.9,M,    13.9, , -9999.9,M, -9999.9,M, -9999.9,M, -9999.9,M, -9999.9,M, -9999.9,M, -9999.9,M,    -1.0, , -9999.9,M, -9999.9,M, -9999.9,M
