1182289,DAWSON CREEK   ,BC, station joined    , Monthly mean of homogenized daily mean temperature                     , °C,          Updated to December 2012
1182289,DAWSON CREEK   ,BC, station jointe    , Moyenne mensuelle des températures homogénéisées moyennes quotidiennes , °C, Mise à jour jusqu à décembre 2012
Year,     Jan, ,     Feb, ,     Mar, ,     Apr, ,     May, ,     Jun, ,     Jul, ,     Aug, ,     Sep, ,     Oct, ,     Nov, ,     Dec, ,  Annual, ,  Winter, ,  Spring, ,  Summer, ,  Autumn
Year,    Janv, ,     Fév, ,    Mars, ,     Avr, ,     Mai, ,    Juin, ,    Juil, ,    Août, ,    Sept, ,     Oct, ,     Nov, ,     Déc, ,  Annuel, ,   Hiver, ,Printemp, ,     Eté, , Automne
1952, -9999.9,M, -9999.9,M, -9999.9,M, -9999.9,M, -9999.9,M, -9999.9,M, -9999.9,M, -9999.9,M, -9999.9,M, -9999.9,M,     -.9, , -9999.9,M, -9999.9,M, -9999.9,M, -9999.9,M, -9999.9,M, -9999.9,M
1953,   -22.8, ,    -5.5, ,    -6.6, ,      .7, ,    10.6, ,    12.6, ,    14.4, ,    14.6, ,     9.5, ,     6.3, ,    -2.6, ,    -7.3, ,     2.0, , -9999.9,M,     1.6, ,    13.9, ,     4.4, 
1954,   -25.3, ,    -8.3, ,    -7.4, ,    -5.6, ,     8.6, ,    12.1, ,    14.1, ,    13.8, ,     8.7, ,     5.1, ,     -.8, ,    -7.3, ,      .6, ,   -13.6, ,    -1.5, ,    13.3, ,     4.3, 
1955,    -8.9, ,   -13.8, ,   -11.1, ,     2.0, ,     8.2, ,    13.6, ,    14.8, ,    13.4, ,     8.3, ,     2.8, ,   -17.0, ,   -20.9, ,     -.7, ,   -10.0, ,     -.3, ,    13.9, ,    -2.0, 
1956,   -23.3, ,   -15.7, ,    -7.4, ,     2.3, ,    10.3, ,    12.3, ,    15.1, ,    14.6, ,     8.0, ,      .8, ,      .7, ,   -12.1, ,      .5, ,   -20.0, ,     1.7, ,    14.0, ,     3.2, 
1957,   -17.5, ,   -14.7, ,    -6.9, ,     3.7, ,     9.3, ,    12.4, ,    13.3, ,    12.9, ,    12.0, ,      .6, ,    -2.0, ,   -11.8, ,      .9, ,   -14.8, ,     2.0, ,    12.9, ,     3.5, 
1958,    -8.8, ,   -15.5, ,    -7.5, ,     4.2, ,    10.8, ,    13.9, ,    16.8, ,    15.1, ,     9.1, ,     6.0, ,    -6.3, ,   -13.3, ,     2.0, ,   -12.0, ,     2.5, ,    15.3, ,     2.9, 
1959,   -24.2, ,   -11.5, ,     -.9, ,     2.5, ,     7.6, ,    11.8, ,    16.2, ,    12.1, ,     8.4, ,     2.2, ,    -6.1, ,    -2.6, ,     1.3, ,   -16.3, ,     3.1, ,    13.4, ,     1.5, 
1960,   -13.8, ,   -10.6, ,   -10.1, ,     4.6, ,     7.4, ,    12.0, ,    16.2, ,    13.7, ,     9.8, ,     4.1, ,    -6.6, ,    -7.0, ,     1.6, ,    -9.0, ,      .6, ,    14.0, ,     2.4, 
1961,   -11.6, ,   -10.8, ,    -6.0, ,     1.9, ,     9.5, ,    14.8, ,    15.9, ,    16.0, ,     6.7, ,     2.0, ,    -8.0, ,   -20.1, ,      .9, ,    -9.8, ,     1.8, ,    15.6, ,      .2, 
1962,   -13.7, ,   -15.1, ,    -9.8, ,     4.8, ,     8.0, ,    12.9, ,    15.0, ,    14.3, ,     9.7, ,     4.6, ,    -2.6, ,   -10.4, ,     1.5, ,   -16.3, ,     1.0, ,    14.1, ,     3.9, 
1963,   -14.9, ,   -10.8, ,    -6.1, ,     2.6, ,     8.0, ,    13.2, ,    15.9, ,    15.5, ,    12.7, ,     6.4, , -9999.9,M, -9999.9,M, -9999.9,M,   -12.0, ,     1.5, ,    14.9, , -9999.9,M
1964, -9999.9,M, -9999.9,M, -9999.9,M, -9999.9,M, -9999.9,M, -9999.9,M, -9999.9,M, -9999.9,M, -9999.9,M, -9999.9,M, -9999.9,M, -9999.9,M, -9999.9,M, -9999.9,M, -9999.9,M, -9999.9,M, -9999.9,M
1965, -9999.9,M, -9999.9,M, -9999.9,M, -9999.9,M, -9999.9,M, -9999.9,M, -9999.9,M, -9999.9,M, -9999.9,M, -9999.9,M, -9999.9,M, -9999.9,M, -9999.9,M, -9999.9,M, -9999.9,M, -9999.9,M, -9999.9,M
1966, -9999.9,M, -9999.9,M, -9999.9,M, -9999.9,M, -9999.9,M, -9999.9,M, -9999.9,M, -9999.9,M, -9999.9,M, -9999.9,M, -9999.9,M, -9999.9,M, -9999.9,M, -9999.9,M, -9999.9,M, -9999.9,M, -9999.9,M
1967, -9999.9,M, -9999.9,M, -9999.9,M, -9999.9,M, -9999.9,M, -9999.9,M, -9999.9,M, -9999.9,M, -9999.9,M, -9999.9,M, -9999.9,M, -9999.9,M, -9999.9,M, -9999.9,M, -9999.9,M, -9999.9,M, -9999.9,M
1968, -9999.9,M, -9999.9,M,    -2.0, ,     3.4, ,     8.4, ,    12.2, ,    14.7, ,    12.2, ,     9.2, ,     3.9, ,    -2.7, ,   -20.7, , -9999.9,M, -9999.9,M,     3.3, ,    13.0, ,     3.5, 
1969,   -32.3, ,   -18.1, ,    -7.6, ,     3.7, ,     9.7, ,    13.5, ,    15.1, ,    13.1, ,     7.7, ,     2.3, ,    -3.6, ,    -8.1, ,     -.4, ,   -23.7, ,     1.9, ,    13.9, ,     2.1, 
1970,   -19.6, ,    -5.3, ,    -4.6, ,     3.7, ,     8.6, ,    14.3, ,    14.9, ,    14.7, ,     9.0, ,     4.0, ,   -11.6, ,   -18.5, ,      .8, ,   -11.0, ,     2.6, ,    14.6, ,      .5, 
1971,   -22.6, ,   -10.2, ,    -8.4, ,     4.3, ,    10.8, ,    13.7, ,    16.0, ,    15.5, ,     7.9, ,     3.4, ,    -6.2, ,   -18.8, ,      .5, ,   -17.1, ,     2.2, ,    15.1, ,     1.7, 
1972,   -20.0, ,   -19.8, ,    -6.4, ,      .4, ,     9.7, ,    14.0, ,    13.4, ,    15.2, ,     5.5, ,     3.0, ,    -6.9, ,   -17.9, ,     -.8, ,   -19.5, ,     1.2, ,    14.2, ,      .5, 
1973,   -13.2, ,   -11.5, ,    -4.0, ,     4.0, ,    10.6, ,    12.4, ,    14.5, ,    12.6, ,     9.7, ,     3.5, ,   -17.1, ,   -14.5, ,      .6, ,   -14.2, ,     3.5, ,    13.2, ,    -1.3, 
1974,   -22.5, ,   -10.2, ,   -12.9, ,     2.6, ,     7.4, ,    12.9, ,    13.0, ,    12.6, ,     7.6, ,     5.8, ,    -3.1, ,    -6.0, ,      .6, ,   -15.7, ,    -1.0, ,    12.8, ,     3.4, 
1975,   -12.2, ,   -14.5, ,    -9.0, ,     1.4, ,     8.4, ,    12.8, ,    16.3, ,    12.3, ,    11.5, ,     3.6, ,    -6.5, ,   -12.0, ,     1.0, ,   -10.9, ,      .3, ,    13.8, ,     2.9, 
1976,    -9.8, ,   -11.4, ,    -5.0, ,     5.7, ,     9.9, ,    11.1, ,    14.3, ,    14.1, ,    11.5, ,     4.6, ,     -.5, ,   -11.2, ,     2.8, ,   -11.1, ,     3.5, ,    13.2, ,     5.2, 
1977,   -11.2, ,      .2, ,    -2.6, ,     7.0, ,     9.6, ,    13.3, ,    13.8, ,    12.6, ,     8.8, ,     4.5, ,    -7.4, ,   -21.1, ,     2.3, ,    -7.4, ,     4.7, ,    13.2, ,     2.0, 
1978,   -18.5, ,   -11.6, ,    -3.4, ,     3.3, ,     8.6, ,    14.6, ,    15.8, ,    13.2, ,     9.3, ,     7.2, ,    -7.0, ,   -10.1,E,     1.8,E,   -17.1, ,     2.8, ,    14.5, ,     3.2, 
1979,   -17.4, ,   -26.3, ,    -2.8, ,     -.1, ,     7.5, ,    12.8, ,    15.7, ,    14.4, ,    10.8, , -9999.9,M, -9999.9,M,    -9.3, , -9999.9,M,   -17.9,E,     1.5, ,    14.3, , -9999.9,M
1980,   -17.5, ,    -7.9, ,    -5.5, ,     6.8, ,    10.2, ,    14.4, ,    14.9, ,    12.5, ,     9.6, ,     6.9, ,      .9, ,   -17.5, ,     2.3, ,   -11.6, ,     3.8, ,    13.9, ,     5.8, 
1981,    -6.1, ,    -7.4, ,      .7, ,     1.2, ,    11.2, ,    12.1, ,    16.6, ,    16.9, ,    10.6,E,     3.6, ,    -3.3, ,   -17.1, ,     3.3,E,   -10.3, ,     4.4, ,    15.2, ,     3.6,E
1982,   -28.6, ,   -18.0, ,   -10.2, ,    -1.1, ,     8.8, ,    14.7, ,    16.4, ,    11.8, ,    10.8, ,     4.1, ,    -9.6, ,   -13.6, ,    -1.2, ,   -21.2, ,     -.8, ,    14.3, ,     1.8, 
1983,   -12.2, ,   -11.3, ,    -9.4, ,     4.4, ,     9.9, ,    13.5, ,    15.1, ,    14.6, ,     7.7, ,     4.8, ,    -6.1, ,   -21.4, ,      .8, ,   -12.4, ,     1.6, ,    14.4, ,     2.1, 
1984,    -7.6, ,    -2.4, ,    -2.0, ,     4.8, ,     7.3, ,    12.8, ,    14.9, ,    14.8, ,     6.4, ,     -.1, ,   -12.3, ,   -18.4, ,     1.5, ,   -10.5, ,     3.4, ,    14.2, ,    -2.0, 
1985,    -7.3, ,   -14.7, ,    -1.1, ,     3.7, ,    10.5, ,    12.3, ,    15.9, ,    13.9, ,     7.6, ,     2.6, ,   -16.3, ,    -5.4, ,     1.8, ,   -13.5, ,     4.4, ,    14.0, ,    -2.0, 
1986,    -7.5, ,   -12.6, ,     -.7, ,     2.3, ,     8.4, ,    13.1, ,    15.2, ,    14.6, ,     7.6, ,     5.1, ,    -9.3, ,    -4.5, ,     2.6, ,    -8.5, ,     3.3, ,    14.3, ,     1.1, 
1987,    -6.3, ,    -6.0, ,   -10.5, ,     6.5, ,    10.2, ,    14.5, ,    15.3, ,    12.5, ,    12.1, ,     5.7, ,      .8, ,    -6.4, ,     4.0, ,    -5.6, ,     2.1, ,    14.1, ,     6.2, 
1988,   -14.9, ,    -9.9, ,     1.7, ,     5.0, ,    10.0, ,    12.9, ,    14.7, ,    14.6, ,     9.9, ,     5.2, ,    -7.6, ,    -9.6, ,     2.7, ,   -10.4, ,     5.6, ,    14.1, ,     2.5, 
1989,   -10.2, ,   -14.9, ,   -12.4, ,     4.0, ,    10.0, ,    14.5, ,    16.0, ,    15.7, ,    10.2, ,     3.3, ,    -5.2, ,    -5.9, ,     2.1, ,   -11.6, ,      .5, ,    15.4, ,     2.8, 
1990,   -11.7, ,   -14.0, ,     -.7, ,     3.3, ,     9.7, ,    13.7, ,    15.8, ,    15.1, ,    12.4, ,     1.6, ,   -13.1, ,   -16.1, ,     1.3, ,   -10.5, ,     4.1, ,    14.9, ,      .3, 
1991,   -13.9, ,    -1.3, ,    -5.3, ,     5.4, ,     9.9, ,    12.8, ,    15.2, ,    15.9, ,    11.4, ,      .8, ,    -8.0, ,    -7.5, ,     3.0, ,   -10.4, ,     3.3, ,    14.6, ,     1.4, 
1992,    -5.3, ,    -9.4, ,     1.2, ,     3.7, ,     8.6, ,    15.3, ,    14.7, ,    14.3, ,     6.8, ,     2.0, ,    -3.4, ,   -18.7, ,     2.5, ,    -7.4, ,     4.5, ,    14.8, ,     1.8, 
1993,   -15.7, ,    -8.7, ,    -1.1, ,     4.0, ,    11.2, ,    13.4, ,    13.9, ,    14.0, ,    10.2, ,     5.0, ,    -3.7, ,    -5.7, ,     3.1, ,   -14.4, ,     4.7, ,    13.8, ,     3.8, 
1994,   -18.8, ,   -21.3, ,      .3, ,     3.9, ,     9.9, ,    13.7, ,    16.8, ,    15.3, ,    11.6, ,     4.3, ,    -7.2, ,   -13.2, ,     1.3, ,   -15.3, ,     4.7, ,    15.3, ,     2.9, 
1995,   -14.7, ,   -10.9, ,    -7.9, ,     3.4, ,     9.9, ,    14.7, ,    15.2, ,    11.7, ,    11.7, ,     3.6, ,   -10.5, ,   -17.8, ,      .7, ,   -12.9, ,     1.8, ,    13.9, ,     1.6, 
1996,   -25.0, ,    -9.5, ,    -8.4, ,     3.9, ,     5.8, ,    12.5, ,    14.7, ,    14.2, ,     8.0, ,     1.9, ,   -11.6, ,   -19.5, ,    -1.1, ,   -17.4, ,      .4, ,    13.8, ,     -.6, 
1997,   -17.6, ,    -7.9, ,    -8.1, ,      .7, ,     8.9, ,    13.4, ,    15.9, ,    15.1, ,    11.1, ,     2.1, ,    -3.5, ,    -2.9, ,     2.3, ,   -15.0, ,      .5, ,    14.8, ,     3.2, 
1998,   -20.5, ,    -7.8, ,    -4.1, ,     5.4, ,    13.0, ,    14.6, ,    17.0, ,    16.4, ,    11.0, ,     4.3, ,    -6.9, ,   -12.8, ,     2.5, ,   -10.4, ,     4.8, ,    16.0, ,     2.8, 
1999,   -16.4, ,   -11.0, ,    -5.1, ,     4.4, ,     8.2, ,    12.3, ,    14.2, ,    15.2, ,     9.8, ,     5.1, ,    -4.2, ,    -4.9, ,     2.3, ,   -13.4, ,     2.5, ,    13.9, ,     3.6, 
2000,   -15.7, ,    -9.7, ,    -2.3, ,     2.3, ,     6.5, ,    13.0, ,    15.4, ,    12.8, ,     9.8, ,     2.8, ,    -3.3, ,   -13.2, ,     1.5, ,   -10.1, ,     2.2, ,    13.7, ,     3.1, 
2001,    -2.4, ,   -12.0, ,    -4.1, ,     3.4, ,     9.0, ,    12.4, ,    14.9, ,    15.2, ,    10.3, ,     3.1, ,    -4.5, ,   -15.4, ,     2.5, ,    -9.2, ,     2.8, ,    14.2, ,     3.0, 
2002,   -13.8, ,    -6.5, ,   -14.5, ,    -2.7, ,     6.7, ,    14.7, ,    15.7, ,    13.9, ,     8.6, ,     1.8, ,    -1.5, ,    -6.5, ,     1.3, ,   -11.9, ,    -3.5, ,    14.8, ,     3.0, 
2003,   -12.1, ,   -11.9, ,   -10.7, ,     2.1, ,     8.2, ,    13.9, ,    16.1, ,    13.7, ,     9.7, ,     4.9, ,    -8.3, ,   -10.3, ,     1.3, ,   -10.2, ,     -.1, ,    14.6, ,     2.1, 
2004,   -17.9, ,    -8.6,E,    -2.9, ,     4.8, ,     7.4, ,    14.8, ,    16.7, ,    13.6, ,     7.9, ,     2.1, ,    -1.1, ,    -8.4, ,     2.4,E,   -12.3,E,     3.1, ,    15.0, ,     3.0, 
2005,   -17.3, ,    -4.3, ,     -.6,E,     5.2, ,    10.9, ,    13.2, ,    14.5,E,    13.3, ,     9.4,E,     4.1, ,    -1.4, ,    -6.2, ,     3.4,E,   -10.0, ,     5.2,E,    13.7,E,     4.0,E
2006,    -9.7, ,    -8.7, ,   -10.9, ,     6.2, ,    10.7, , -9999.9,M,    17.3, ,    14.1, ,    11.5, ,     2.5, ,   -16.2, ,    -6.4, , -9999.9,M,    -8.2, ,     2.0, , -9999.9,M,     -.7, 
2007,    -6.1, ,   -14.6, ,    -8.2,E,     1.8, ,     8.9, ,    13.9, ,    17.0, ,    12.5,E,     9.2, ,     5.0, ,    -5.7, ,   -13.7, ,     1.7,E,    -9.0, ,      .8,E,    14.5,E,     2.8, 
2008,   -14.7, ,   -12.2, ,    -3.7, ,     1.9, ,    10.2, ,    13.1, ,    16.0, ,    15.7, ,    10.9,E,     5.0, ,    -3.5, ,   -17.5, ,     1.8,E,   -13.5, ,     2.8, ,    14.9, ,     4.1,E
2009,   -15.4, ,   -10.1, ,    -9.7, ,     2.6, ,     7.4,E,    13.0, ,    16.5, ,    15.0, ,    12.0, ,     1.0, ,    -2.9, ,   -16.8, ,     1.1,E,   -14.3, ,      .1,E,    14.8, ,     3.4, 
2010,   -14.2, ,   -10.4, ,      .3, ,     4.7, ,     7.4,E,    13.5,E,    16.6,E,    14.4,E,     8.3,E,     6.0,E,    -6.2, ,   -17.0, ,     2.0,E,   -13.8, ,     4.1,E,    14.8,E,     2.7,E
2011,   -12.6, ,   -10.7, ,   -11.3, ,     2.3,E,    10.5, ,    12.8, ,    14.7, ,    14.2,E,    11.8,E,     4.9, ,    -6.7, ,    -3.4, ,     2.2,E,   -13.4, ,      .5,E,    13.9,E,     3.3,E
2012,    -8.7, ,    -6.7, ,    -4.8,E,     3.4, ,     9.6, ,    14.0, ,    17.5, ,    15.6, ,    13.0, ,     -.8, ,   -10.4, ,   -17.7, ,     2.0,E,    -6.3, ,     2.7,E,    15.7, ,      .6, 
