1162265,DARFIELD       ,BC, station joined    , Monthly mean of homogenized daily mean temperature                     , °C,          Updated to December 2012
1162265,DARFIELD       ,BC, station jointe    , Moyenne mensuelle des températures homogénéisées moyennes quotidiennes , °C, Mise à jour jusqu à décembre 2012
Year,     Jan, ,     Feb, ,     Mar, ,     Apr, ,     May, ,     Jun, ,     Jul, ,     Aug, ,     Sep, ,     Oct, ,     Nov, ,     Dec, ,  Annual, ,  Winter, ,  Spring, ,  Summer, ,  Autumn
Year,    Janv, ,     Fév, ,    Mars, ,     Avr, ,     Mai, ,    Juin, ,    Juil, ,    Août, ,    Sept, ,     Oct, ,     Nov, ,     Déc, ,  Annuel, ,   Hiver, ,Printemp, ,     Eté, , Automne
1913, -9999.9,M, -9999.9,M, -9999.9,M, -9999.9,M, -9999.9,M, -9999.9,M, -9999.9,M, -9999.9,M, -9999.9,M, -9999.9,M, -9999.9,M, -9999.9,M, -9999.9,M, -9999.9,M, -9999.9,M, -9999.9,M, -9999.9,M
1914,    -2.3, ,    -4.4, ,     2.8, ,     8.7, ,    11.6, ,    15.0, ,    19.0, ,    17.4, ,    11.5, ,     8.4, ,     2.4, ,    -6.8, ,     6.9, , -9999.9,M,     7.7, ,    17.1, ,     7.4, 
1915,    -5.4, ,     1.2, ,     4.8, ,    10.4, ,    13.1, ,    14.4, ,    17.7, ,    19.2, ,    11.6, ,     7.7, ,     -.6, ,    -3.2, ,     7.6, ,    -3.7, ,     9.4, ,    17.1, ,     6.2, 
1916,   -22.2, ,    -6.8, ,     2.1, ,     7.3, ,    10.7, ,    14.7, ,    15.7, ,    17.2, ,    11.7, ,     5.4, ,    -1.8, ,    -9.1, ,     3.7, ,   -10.7, ,     6.7, ,    15.9, ,     5.1, 
1917,    -9.8, ,    -9.2, ,    -2.2, ,     5.4, ,    11.1, ,    13.1, ,    17.3, ,    17.0, ,    12.3, ,     6.6, ,     3.7, ,    -7.6, ,     4.8, ,    -9.4, ,     4.8, ,    15.8, ,     7.5, 
1918,    -5.9, ,    -6.9, ,     1.1, ,     6.5, ,    10.4, ,    14.5, ,    17.8, ,    15.5, ,    14.0, ,     7.4, ,     1.9, ,    -2.6, ,     6.1, ,    -6.8, ,     6.0, ,    15.9, ,     7.8, 
1919,    -3.4, ,    -5.0, ,    -2.1, ,     7.7, ,    10.7, ,    13.1, ,    17.3, ,    17.3, ,    12.1, ,     3.4, ,    -3.2, ,    -9.1, ,     4.9, ,    -3.7, ,     5.4, ,    15.9, ,     4.1, 
1920,    -9.4, ,    -5.7, ,      .1, ,     4.8, ,     9.3, ,    13.3, ,    18.8, ,    17.2, ,    11.1, ,     5.3, ,     1.3, ,     -.8, ,     5.4, ,    -8.1, ,     4.7, ,    16.4, ,     5.9, 
1921,    -5.9, ,    -2.6, ,     1.4, ,     6.0, ,    11.3, ,    14.9, ,    16.1, ,    16.4, ,    10.0, ,     7.7, ,    -2.0, ,    -9.5, ,     5.3, ,    -3.1, ,     6.2, ,    15.8, ,     5.2, 
1922,    -9.7, ,   -12.0, ,      .1, ,     6.0, ,    10.4, ,    15.5, ,    17.1, ,    16.5, ,    12.9, ,     7.4, ,     -.1, ,    -9.3, ,     4.6, ,   -10.4, ,     5.5, ,    16.4, ,     6.7, 
1923,    -7.3, ,    -8.7, ,      .6, ,     7.1, ,    10.6, ,    15.2, ,    18.2, ,    17.6, ,    11.7, ,     7.3, ,     2.4, ,    -1.7, ,     6.1, ,    -8.4, ,     6.1, ,    17.0, ,     7.1, 
1924,    -7.4, ,     2.1, ,     1.8, ,     5.8, ,    13.5, ,    14.9, ,    18.2, ,    17.0, ,    13.0, ,     7.6, ,     -.6, ,    -9.6, ,     6.4, ,    -2.3, ,     7.0, ,    16.7, ,     6.7, 
1925,    -8.0, ,    -1.3, ,     3.2, ,     7.9, ,    13.1, ,    16.2, ,    19.2, , -9999.9,M,    11.3, ,     5.2, ,     1.1, ,     1.1, , -9999.9,M,    -6.3, ,     8.1, , -9999.9,M,     5.9, 
1926,    -2.1, ,     1.5, ,     4.7, ,     9.2, ,    12.1, ,    15.4, ,    19.2, ,    17.1, ,     9.0, ,     6.6, ,     1.2, ,    -3.9, ,     7.5, ,      .2, ,     8.7, ,    17.2, ,     5.6, 
1927,    -7.5, ,    -4.1, ,     2.8, ,     5.9, ,    10.5, ,    15.5, ,    17.9, ,    18.0, ,    12.6, ,     7.1, ,    -2.9, ,   -12.3, ,     5.3, ,    -5.2, ,     6.4, ,    17.1, ,     5.6, 
1928,    -5.4, ,    -2.1, ,     3.4, ,     6.3, ,    13.2, , -9999.9,M,    18.8, ,    16.4, ,    12.9, ,     5.5, ,     2.7, ,    -2.6, , -9999.9,M,    -6.6, ,     7.6, , -9999.9,M,     7.0, 
1929,   -11.8, ,   -10.9, ,     3.6, ,     5.7, ,    11.3, ,    14.4, ,    16.8, ,    17.9, ,    12.1, ,     7.5, ,      .8, ,    -4.7, ,     5.2, ,    -8.4, ,     6.9, ,    16.4, ,     6.8, 
1930,   -19.1, ,    -1.3, ,     1.9, ,     8.6, ,    10.4, ,    14.3, ,    17.9, ,    18.1, ,    12.6, ,     5.3, ,     1.4, ,     -.4, ,     5.8, ,    -8.4, ,     7.0, ,    16.8, ,     6.4, 
1931,      .4, ,    -1.1, ,     3.1, ,     8.7, ,    12.3, ,    15.4, ,    18.4, ,    17.6, ,    12.0, ,     6.4, ,    -2.8, ,    -3.5, ,     7.2, ,     -.4, ,     8.0, ,    17.1, ,     5.2, 
1932,    -6.9, ,    -5.8, ,     1.0, ,     8.2, ,    11.5, ,    16.5, ,    16.1, ,    17.8, ,    11.6, ,     5.9, ,     1.8, ,    -6.7, ,     5.9, ,    -5.4, ,     6.9, ,    16.8, ,     6.4, 
1933,    -4.2, ,    -7.5, ,     1.2, ,     5.8, ,    10.3, ,    13.5, ,    16.7, ,    18.5, ,    10.8, ,     5.6, ,     2.8, ,    -7.1, ,     5.5, ,    -6.1, ,     5.8, ,    16.2, ,     6.4, 
1934,    -3.4, ,    -1.5, ,     3.8, ,    12.1, ,    14.0, ,    16.7, ,    18.2, ,    17.9, ,    12.4, ,     7.5, ,     3.2, ,    -4.9, ,     8.0, ,    -4.0, ,    10.0, ,    17.6, ,     7.7, 
1935,    -9.0, ,     -.2, ,      .5, ,     5.8, ,    12.6, ,    15.4, ,    18.6, ,    16.5, ,    13.9, ,     5.5, ,     -.5, ,      .2, ,     6.6, ,    -4.7, ,     6.3, ,    16.8, ,     6.3, 
1936,    -4.6, ,   -15.1, ,     1.0, ,     9.5, ,    15.7, ,    17.3, ,    19.8, ,    19.2, ,    11.6, ,     6.9, ,      .1, ,    -4.2, ,     6.4, ,    -6.5, ,     8.7, ,    18.8, ,     6.2, 
1937,   -15.3, ,    -7.1, ,     3.9, ,     7.8, ,    12.2, ,    17.6, ,    20.4, ,    16.7, ,    16.1, ,     8.2, ,      .2, ,    -3.8, ,     6.4, ,    -8.9, ,     8.0, ,    18.2, ,     8.2, 
1938,    -3.8, ,    -3.9, ,     4.0, ,     9.3, ,    13.4, ,    19.7, ,    21.6, ,    17.3, ,    16.0, ,     7.4, ,     -.8, ,    -4.8, ,     8.0, ,    -3.8, ,     8.9, ,    19.5, ,     7.5, 
1939,    -1.7, ,    -6.2, ,     1.3, ,     9.7, ,    13.3, ,    14.0, ,    18.3, ,    19.9, ,    15.5, ,     7.3, ,     4.9, ,     2.7, ,     8.3, ,    -4.2, ,     8.1, ,    17.4, ,     9.2, 
1940,    -4.1, ,      .0, ,     6.6, ,     9.8, ,    13.6, ,    16.0, ,    19.9, ,    19.7, ,    17.9, ,     9.5, ,    -2.6, ,     -.3, ,     8.8, ,     -.5, ,    10.0, ,    18.5, ,     8.3, 
1941,     -.8, ,      .3, ,     7.4, ,    11.2, ,    11.7, ,    16.8, ,    23.0, ,    20.0, ,    11.4, , -9999.9,M,     1.6, ,    -1.7, , -9999.9,M,     -.3, ,    10.1, ,    19.9, , -9999.9,M
1942, -9999.9,M,     1.1, ,     3.8, ,     9.2, ,    12.8, ,    14.9, ,    20.0, ,    19.5, ,    14.3, ,     8.1, ,    -1.1, ,    -2.8, , -9999.9,M, -9999.9,M,     8.6, ,    18.1, ,     7.1, 
1943,   -13.2, ,    -1.9, ,     -.8, ,     9.0, ,    11.1, ,    14.1, ,    18.8, ,    18.4, ,    14.6, ,     8.3, ,     3.4, ,     -.7, ,     6.8, ,    -6.0, ,     6.4, ,    17.1, ,     8.8, 
1944,    -3.6, ,    -2.2, ,      .7, ,    10.2, ,    12.6, ,    17.3, ,    20.6, ,    17.5, ,    14.4, ,     8.8, ,     3.1, ,    -4.3, ,     7.9, ,    -2.2, ,     7.8, ,    18.5, ,     8.8, 
1945,    -2.5, ,    -1.2, ,     4.0, ,     6.1, ,    13.5, ,    15.1, ,    20.7, ,    20.0, ,    12.8, ,     8.0, ,    -1.1, ,    -1.8, ,     7.8, ,    -2.7, ,     7.9, ,    18.6, ,     6.6, 
1946,    -3.2, ,    -1.1, ,     4.9, ,     8.8, ,    14.7, ,    15.2, ,    18.9, ,    19.7, ,    14.0, ,     5.6, ,    -4.6, ,    -5.6, ,     7.3, ,    -2.0, ,     9.5, ,    17.9, ,     5.0, 
1947,    -7.8, ,    -1.7, ,     4.2, ,    10.0, ,    14.1, ,    15.6, ,    19.1, ,    17.4, , -9999.9,M,     8.2, ,     -.1, ,    -1.2, , -9999.9,M,    -5.0, ,     9.4, ,    17.4, , -9999.9,M
1948,    -3.5, ,    -6.1, ,     1.2, ,     7.0, ,    13.2, ,    18.5, ,    17.4, ,    16.7, ,    11.7, ,     6.0, ,      .5, ,    -8.3, ,     6.2, ,    -3.6, ,     7.1, ,    17.5, ,     6.1, 
1949,   -10.8, ,    -7.5, ,     3.1, ,    10.1, ,    14.3, ,    14.6, ,    17.6, ,    18.2, ,    14.3, ,     5.9, ,     3.8, ,    -6.3, ,     6.4, ,    -8.9, ,     9.2, ,    16.8, ,     8.0, 
1950,   -22.7, ,    -1.1, ,     2.2, ,     7.3, ,    11.2, ,    17.5, ,    19.8, ,    19.0, ,    15.5, ,     5.8, ,    -1.9, ,     -.3, ,     6.0, ,   -10.0, ,     6.9, ,    18.8, ,     6.5, 
1951,    -8.2, ,    -4.2, ,    -2.0, ,     8.3, ,    13.5, ,    16.2, ,    21.0, ,    19.5, ,    14.8, ,     6.4, ,     1.0, ,    -8.7, ,     6.5, ,    -4.2, ,     6.6, ,    18.9, ,     7.4, 
1952,    -9.8, ,    -1.6, ,     2.5, ,     9.2, ,    13.3, ,    14.7, ,    17.9, ,    18.6, ,    15.2, ,    10.1, ,     1.2, ,      .2, ,     7.6, ,    -6.7, ,     8.3, ,    17.1, ,     8.8, 
1953,    -3.1, ,      .7, ,     4.9, ,     7.6, ,    13.8, ,    15.0, ,    18.4, ,    19.0, ,    14.2, ,     8.8, ,     4.5, ,     -.9, ,     8.6, ,     -.7, ,     8.8, ,    17.5, ,     9.2, 
1954,   -10.7, ,      .9, ,      .6, ,     5.0, ,    12.5, ,    14.1, ,    17.5, ,    16.5, ,    13.2, ,     6.3, ,     5.4, ,      .0, ,     6.8, ,    -3.6, ,     6.0, ,    16.0, ,     8.3, 
1955,    -3.7, ,    -3.9, ,    -3.4, ,     6.6, ,    11.2, ,    16.1, ,    18.6, ,    18.0, ,    14.1, ,     7.8, , -9999.9,M, -9999.9,M, -9999.9,M,    -2.5, ,     4.8, ,    17.6, , -9999.9,M
1956, -9999.9,M, -9999.9,M, -9999.9,M, -9999.9,M, -9999.9,M, -9999.9,M, -9999.9,M, -9999.9,M, -9999.9,M, -9999.9,M, -9999.9,M, -9999.9,M, -9999.9,M, -9999.9,M, -9999.9,M, -9999.9,M, -9999.9,M
1957, -9999.9,M, -9999.9,M, -9999.9,M, -9999.9,M, -9999.9,M, -9999.9,M, -9999.9,M, -9999.9,M, -9999.9,M, -9999.9,M, -9999.9,M, -9999.9,M, -9999.9,M, -9999.9,M, -9999.9,M, -9999.9,M, -9999.9,M
1958, -9999.9,M, -9999.9,M, -9999.9,M, -9999.9,M, -9999.9,M, -9999.9,M, -9999.9,M, -9999.9,M, -9999.9,M, -9999.9,M, -9999.9,M, -9999.9,M, -9999.9,M, -9999.9,M, -9999.9,M, -9999.9,M, -9999.9,M
1959, -9999.9,M, -9999.9,M, -9999.9,M, -9999.9,M, -9999.9,M, -9999.9,M, -9999.9,M, -9999.9,M, -9999.9,M, -9999.9,M, -9999.9,M, -9999.9,M, -9999.9,M, -9999.9,M, -9999.9,M, -9999.9,M, -9999.9,M
1960, -9999.9,M, -9999.9,M, -9999.9,M, -9999.9,M, -9999.9,M, -9999.9,M, -9999.9,M, -9999.9,M, -9999.9,M, -9999.9,M, -9999.9,M, -9999.9,M, -9999.9,M, -9999.9,M, -9999.9,M, -9999.9,M, -9999.9,M
1961, -9999.9,M, -9999.9,M, -9999.9,M, -9999.9,M, -9999.9,M, -9999.9,M, -9999.9,M, -9999.9,M, -9999.9,M, -9999.9,M, -9999.9,M, -9999.9,M, -9999.9,M, -9999.9,M, -9999.9,M, -9999.9,M, -9999.9,M
1962, -9999.9,M, -9999.9,M, -9999.9,M, -9999.9,M, -9999.9,M, -9999.9,M, -9999.9,M, -9999.9,M, -9999.9,M, -9999.9,M, -9999.9,M,     -.6, , -9999.9,M, -9999.9,M, -9999.9,M, -9999.9,M, -9999.9,M
1963,   -10.3, ,      .5, ,     3.9, ,     8.5, ,    12.1, ,    16.1, ,    17.5, ,    18.6, ,    15.5, , -9999.9,M,      .9, ,    -3.5, , -9999.9,M,    -3.5, ,     8.2, ,    17.4, , -9999.9,M
1964,    -2.6, ,      .0, ,     1.6, ,     6.9, ,    11.2, ,    15.9, ,    18.6, ,    16.2, ,    11.0, ,     6.2, ,      .5, ,   -10.4, ,     6.3, ,    -2.0, ,     6.6, ,    16.9, ,     5.9, 
1965,    -6.9, ,    -3.9, ,    -2.3, ,     8.2, ,    11.5, ,    16.0, ,    19.7, ,    18.6, ,    11.0, ,     7.8, ,     -.2, ,    -3.4, ,     6.3, ,    -7.1, ,     5.8, ,    18.1, ,     6.2, 
1966,    -8.3, ,     -.8, ,     2.9, ,     7.1, ,    13.1, ,    15.1, ,    17.6, ,    17.2, ,    15.0, ,     6.9, ,      .7, ,    -1.0, ,     7.1, ,    -4.2, ,     7.7, ,    16.6, ,     7.5, 
1967,    -3.5, ,      .1, ,     1.7, ,     7.1, ,    12.4, ,    18.8, ,    19.5, ,    20.5, ,    15.8, , -9999.9,M,      .8, ,    -4.2, , -9999.9,M,    -1.5, ,     7.1, ,    19.6, , -9999.9,M
1968,    -3.9, ,     -.8, ,     4.4, ,     6.9, ,    12.1, ,    15.4, ,    19.5, ,    16.7, ,    12.9, ,     6.9, ,     1.2, ,    -8.0, ,     6.9, ,    -3.0, ,     7.8, ,    17.2, ,     7.0, 
1969,   -17.7, ,    -4.1, ,     2.7, ,     9.7, ,    14.0, ,    19.5, ,    17.5, ,    16.3, ,    13.1, ,     5.9, ,     2.7, ,    -1.4, ,     6.5, ,    -9.9, ,     8.8, ,    17.8, ,     7.2, 
1970,    -7.3, ,     -.2, ,     2.9, ,     7.7, ,    12.7, ,    18.4, ,    20.4, ,    18.7, ,    10.6, ,     4.9, ,    -2.0, ,    -6.9, ,     6.7, ,    -3.0, ,     7.8, ,    19.2, ,     4.5, 
1971,    -6.6, ,    -3.3, ,      .6, ,     8.4, ,    13.6, ,    15.6, ,    18.9, ,    20.6, ,    12.4, ,     5.9, ,     1.7, ,   -11.0, ,     6.4, ,    -5.6, ,     7.5, ,    18.4, ,     6.7, 
1972,   -13.6, ,    -4.8, ,     2.3, ,     5.8, ,    13.6, ,    16.3, ,    18.1, ,    19.0, ,    11.4, ,     4.5, ,     1.7, ,    -6.0, ,     5.7, ,    -9.8, ,     7.2, ,    17.8, ,     5.9, 
1973,    -6.5, ,    -1.8, ,     4.3, ,     8.1, ,    13.1, ,    16.6, ,    18.0, ,    18.0, ,    14.2, ,     6.9, ,    -2.6, ,     -.8, ,     7.3, ,    -4.8, ,     8.5, ,    17.5, ,     6.2, 
1974,    -6.2, ,      .4, ,     2.4, ,     9.3, ,    11.1, ,    17.5, ,    17.4, ,    19.2, ,    14.3, ,     6.7, ,     1.0, ,    -1.2, ,     7.7, ,    -2.2, ,     7.6, ,    18.0, ,     7.3, 
1975,    -8.4, ,    -9.7, ,      .5, ,     6.7, ,    12.2, ,    15.6, ,    20.7, ,    16.6, ,    13.5, ,     7.2, ,     1.3, ,    -4.5, ,     6.0, ,    -6.4, ,     6.5, ,    17.6, ,     7.3, 
1976,    -4.8, ,    -2.2, ,      .4, ,     8.0, ,    13.0, ,    14.9, ,    17.9, ,    17.1, ,    14.2, ,     6.4, ,     1.4, ,     -.7, ,     7.1, ,    -3.8, ,     7.1, ,    16.6, ,     7.3, 
1977,    -4.3, ,      .5, ,     3.4, ,     9.1, ,    12.1, ,    17.5, ,    18.3, ,    19.3, ,    11.8, ,     6.4, ,    -1.8, ,    -8.3, ,     7.0, ,    -1.5, ,     8.2, ,    18.4, ,     5.5, 
1978,    -8.0, ,    -1.6, ,     3.3, ,     8.4, ,    11.7, ,    18.0, ,    20.8, ,    17.9, ,    12.4, ,     6.4, ,    -2.7, ,    -8.7,E,     6.5,E,    -6.0, ,     7.8, ,    18.9, ,     5.4, 
1979,   -14.8, ,    -5.0,E,     3.3, ,     7.7, ,    12.5, ,    16.5, ,    20.1, ,    19.6, ,    14.6, ,     7.5, ,    -1.6, ,    -1.9, ,     6.5,E,    -9.5,E,     7.8, ,    18.7, ,     6.8, 
1980,    -8.5, ,    -1.2, ,     2.5, ,    10.3, ,    15.0, ,    16.6, ,    17.9, ,    16.0, ,    13.0, ,     7.1, ,     2.5, ,    -5.3, ,     7.2, ,    -3.9, ,     9.3, ,    16.8, ,     7.5, 
1981,    -1.7, ,     -.7, ,     4.9, ,     7.3, ,    14.0, ,    14.4, ,    19.0, ,    20.5, ,    13.4, ,     6.5, ,     4.0, ,    -3.7, ,     8.2, ,    -2.6, ,     8.7, ,    18.0, ,     8.0, 
1982,   -10.5, ,    -3.6, ,     1.4, ,     6.3, ,    11.9, ,    18.6, ,    17.7, ,    16.6, ,    13.6, ,     6.8, ,    -2.3, ,    -2.7, ,     6.2, ,    -5.9, ,     6.5, ,    17.6, ,     6.0, 
1983,    -1.0, ,     1.2, ,     5.1, ,     8.4, ,    14.4, ,    16.4, ,    18.2, ,    18.9, ,    11.1, ,     6.6, ,     3.5, ,   -10.7, ,     7.7, ,     -.8, ,     9.3, ,    17.8, ,     7.1, 
1984,    -4.3, ,      .5, ,     5.2, ,     7.6, ,    10.2, ,    16.2, ,    19.2, ,    18.3, ,    10.6, ,     5.3, ,    -1.0, ,    -9.7, ,     6.5, ,    -4.8, ,     7.7, ,    17.9, ,     5.0, 
1985,    -5.2, ,    -3.5, ,     1.6, ,     7.5, ,    13.9, ,    16.0, ,    21.3, ,    17.6, ,     9.8, ,     6.1, ,    -9.0, ,    -6.2, ,     5.8, ,    -6.1, ,     7.7, ,    18.3, ,     2.3, 
1986,    -1.1, ,    -5.4, ,     5.2, ,     7.9, ,    13.1, ,    17.6, ,    16.7, ,    19.2, ,    11.9, ,     6.6, ,     -.1, ,    -2.5, ,     7.4, ,    -4.2, ,     8.7, ,    17.8, ,     6.1, 
1987,    -1.4, ,     1.0, ,     5.7, ,     9.6, ,    13.6, ,    18.5, ,    19.0, ,    16.9, ,    14.9, ,     6.5, ,     3.3, ,    -2.5, ,     8.8, ,    -1.0, ,     9.6, ,    18.1, ,     8.2, 
1988,    -6.6, ,    -2.2, ,     3.9, ,     9.9, ,    13.0, ,    16.6, ,    18.8, ,    17.5, ,    12.6, ,     7.6, ,     2.6, ,    -3.1, ,     7.6, ,    -3.8, ,     8.9, ,    17.6, ,     7.6, 
1989,    -5.6,E,    -8.7, ,     2.0, ,     8.7, ,    12.9, ,    17.1, ,    19.0, ,    17.3, ,    13.5, ,     7.0, ,      .3, ,    -1.8, ,     6.8,E,    -5.8,E,     7.9, ,    17.8, ,     6.9, 
1990,    -3.6, ,    -5.4, ,     3.6, ,     9.4, ,    11.8, ,    15.4, ,    19.8, ,    19.4, ,    14.5, ,     5.9,E,      .5, ,    -8.2, ,     6.9,E,    -3.6, ,     8.3, ,    18.2, ,     7.0,E
1991,   -10.9, ,     3.3, ,     2.2, ,     9.0, ,    12.9, ,    15.2, ,    18.7, ,    18.8, ,    13.8, ,     4.4, ,      .8, ,    -1.7, ,     7.2, ,    -5.3, ,     8.0, ,    17.6, ,     6.3, 
1992,      .5, ,     1.8, ,     6.5, ,     8.9, ,    13.4, ,    19.3, ,    19.3, ,    18.3, ,    10.9, ,     7.0, ,     1.0, ,    -8.2, ,     8.2, ,      .2, ,     9.6, ,    19.0, ,     6.3, 
1993,   -12.4, ,    -5.9, ,     2.5, ,     8.3, ,    15.7, ,    15.8, ,    16.5, ,    17.3, ,    13.3, ,     6.6, ,    -1.7,E,    -1.1, ,     6.2,E,    -8.8, ,     8.8, ,    16.5, ,     6.1,E
1994,    -1.3, ,    -4.7, ,     5.0, ,     9.7, ,    13.2, ,    16.0, ,    20.6, ,    18.6, ,    15.1, ,     6.3, ,     -.5, ,    -3.1, ,     7.9, ,    -2.4, ,     9.3, ,    18.4, ,     7.0, 
1995,    -4.3, ,    -1.1, ,     2.2, ,     7.7, ,    13.9, ,    17.6, ,    19.3, ,    15.3, ,    14.3, ,     6.5, ,     -.4, ,    -3.4, ,     7.3, ,    -2.8, ,     7.9, ,    17.4, ,     6.8, 
1996,   -10.3, ,    -4.2, ,     1.2,E,     8.2, ,    10.4, ,    15.3, ,    19.6, ,    18.2, ,    11.7, ,     5.7, ,    -3.1, ,    -9.5, ,     5.3,E,    -6.0, ,     6.6,E,    17.7, ,     4.8, 
1997,    -4.4, ,    -2.1, ,     2.1, ,     6.9, ,    13.5, ,    15.4, ,    17.4, ,    18.6, ,    13.8,E,     6.3, ,     2.3, ,     -.3, ,     7.5,E,    -5.3, ,     7.5, ,    17.1, ,     7.5,E
1998,    -4.5, ,     2.3, ,     4.4, ,     8.6, ,    15.4, ,    17.0, ,    22.0, ,    20.3, ,    15.2, ,     6.7, ,     3.0, ,    -2.9, ,     9.0, ,     -.8, ,     9.5, ,    19.8, ,     8.3, 
1999,    -2.3, ,     1.2, ,     3.9, ,     7.9,E,    10.9, ,    14.5,E,    17.6, ,    19.6,E,    12.3,E,     5.7, ,     2.3, ,    -1.4, ,     7.7,E,    -1.3, ,     7.6,E,    17.2,E,     6.8,E
2000,    -5.7, ,    -1.9, ,     4.0, ,     8.1, ,    11.5, ,    16.0, ,    18.1, ,    17.4, ,    12.3, ,     6.7, ,      .8, ,    -5.1, ,     6.9, ,    -3.0, ,     7.9, ,    17.2, ,     6.6, 
2001,    -2.2, ,    -4.0, ,     3.5, ,     7.5, ,    12.6, ,    14.8, ,    18.3, ,    18.7, ,    14.1, ,     5.3, ,     3.6, ,    -4.1, ,     7.3, ,    -3.8, ,     7.9, ,    17.3, ,     7.7, 
2002,    -3.8, ,    -1.5, ,    -1.6, ,     7.5, ,    11.0, ,    17.5, ,    19.2, ,    18.1, ,    12.6, ,     4.8, ,     1.3, ,     -.4, ,     7.1, ,    -3.1, ,     5.6, ,    18.3, ,     6.2, 
2003,    -1.7, ,     -.9, ,     3.0, ,     9.1, ,    11.9, ,    17.6, ,    20.5, ,    19.2, ,    13.7, ,     8.2, ,    -3.4, ,    -2.6, ,     7.9, ,    -1.0, ,     8.0, ,    19.1, ,     6.2, 
2004,    -6.5, ,     -.9, ,     5.2, ,    10.1, ,    13.1, ,    18.3, ,    20.8, ,    19.7, ,    12.3, ,     6.5, ,     1.8, ,    -2.1, ,     8.2, ,    -3.3, ,     9.5, ,    19.6, ,     6.9, 
2005,    -7.9, ,     -.5, ,     4.8, ,     9.4, ,    14.6, ,    15.6, ,    18.1, ,    18.4, ,    11.7, ,     7.2, ,     1.5, ,    -4.0, ,     7.4, ,    -3.5, ,     9.6, ,    17.4, ,     6.8, 
2006,     1.0, ,    -1.7, ,     3.7, ,     9.3, ,    13.3, ,    17.8, ,    21.3, ,    18.6, ,    14.4, ,     6.1, ,    -1.5, ,    -2.1, ,     8.4, ,    -1.6, ,     8.8, ,    19.2, ,     6.3, 
2007,    -4.9, ,    -1.0, ,     3.8, ,     7.3, ,    13.5, ,    16.3, ,    20.9, ,    17.3, ,    12.4, ,     6.3, ,      .2, ,    -4.6, ,     7.3, ,    -2.7, ,     8.2, ,    18.2, ,     6.3, 
2008,    -6.3, ,    -2.6, , -9999.9,M, -9999.9,M,    13.6, ,    16.1, ,    18.9, ,    19.2, ,    13.1, ,     5.7, ,     2.2, ,   -10.0, , -9999.9,M,    -4.5, , -9999.9,M,    18.1, ,     7.0, 
2009,    -6.7, ,    -6.1, ,     -.6, ,     7.4, ,    12.5, ,    16.9, ,    21.2, ,    19.7, ,    15.2, ,     4.7, ,     3.3, ,    -8.6, ,     6.6, ,    -7.6, ,     6.4, ,    19.3, ,     7.7, 
2010,     -.5, ,     2.5, ,     5.2, ,     8.3, ,    11.8, ,    16.4, ,    19.7, ,    18.2, ,    13.4, ,     8.2, ,    -2.2, ,    -2.6, ,     8.2, ,    -2.2, ,     8.4, ,    18.1, ,     6.5, 
2011,    -4.9, ,    -6.2, ,     2.9, ,     6.5, ,    11.7, ,    16.0, ,    17.8, ,    18.0, ,    15.3, ,     6.7, ,      .8, ,    -2.6, ,     6.8, ,    -4.6, ,     7.0, ,    17.3, ,     7.6, 
2012,    -4.3, ,    -1.9, ,     3.2, ,     8.6, ,    12.1, ,    15.0, ,    20.4, ,    20.6, ,    14.4, ,     6.0, ,     2.2, ,    -1.9, ,     7.9, ,    -2.9, ,     8.0, ,    18.7, ,     7.5, 
