1125079,MERRITT        ,BC, station joined    , Monthly mean of homogenized daily mean temperature                     , °C,          Updated to December 2012
1125079,MERRITT        ,BC, station jointe    , Moyenne mensuelle des températures homogénéisées moyennes quotidiennes , °C, Mise à jour jusqu à décembre 2012
Year,     Jan, ,     Feb, ,     Mar, ,     Apr, ,     May, ,     Jun, ,     Jul, ,     Aug, ,     Sep, ,     Oct, ,     Nov, ,     Dec, ,  Annual, ,  Winter, ,  Spring, ,  Summer, ,  Autumn
Year,    Janv, ,     Fév, ,    Mars, ,     Avr, ,     Mai, ,    Juin, ,    Juil, ,    Août, ,    Sept, ,     Oct, ,     Nov, ,     Déc, ,  Annuel, ,   Hiver, ,Printemp, ,     Eté, , Automne
1962, -9999.9,M, -9999.9,M, -9999.9,M, -9999.9,M, -9999.9,M,    14.1, ,    16.7, ,    15.4, ,    12.6, ,     7.9, ,     2.9, ,     1.0, , -9999.9,M, -9999.9,M, -9999.9,M,    15.4, ,     7.8, 
1963,    -7.4, ,     1.9, ,     3.9, ,     7.3, ,    11.3, ,    14.6, ,    15.7, ,    17.5, ,    15.2, ,     8.7, ,     1.7, ,    -3.8, ,     7.2, ,    -1.5, ,     7.5, ,    15.9, ,     8.5, 
1964,    -2.4, ,      .2, , -9999.9,M,     6.1, ,    10.5, ,    14.5, ,    16.8, ,    15.2, ,    11.2, ,     7.7, ,      .8, ,   -10.2, , -9999.9,M,    -2.0, , -9999.9,M,    15.5, ,     6.6, 
1965,    -5.7, ,      .7, ,     1.1, ,     7.6, ,    10.4, ,    15.1, , -9999.9,M,    17.9, ,    11.1, ,    10.0, ,      .9, ,    -3.9, , -9999.9,M,    -5.1, ,     6.4, , -9999.9,M,     7.3, 
1966,    -7.0, ,     -.6, ,     3.5, ,     6.4, ,    11.9, ,    13.4, ,    16.4, , -9999.9,M,    14.7, ,     7.5, ,     1.1, ,     -.5, , -9999.9,M,    -3.8, ,     7.3, , -9999.9,M,     7.8, 
1967, -9999.9,M, -9999.9,M, -9999.9,M, -9999.9,M, -9999.9,M, -9999.9,M, -9999.9,M, -9999.9,M, -9999.9,M, -9999.9,M, -9999.9,M, -9999.9,M, -9999.9,M, -9999.9,M, -9999.9,M, -9999.9,M, -9999.9,M
1968, -9999.9,M, -9999.9,M, -9999.9,M, -9999.9,M, -9999.9,M, -9999.9,M, -9999.9,M, -9999.9,M,    13.7, ,     7.3, ,     1.6,E,    -8.4, , -9999.9,M, -9999.9,M, -9999.9,M, -9999.9,M,     7.5,E
1969,   -17.1, ,    -4.2, ,     2.4, ,     8.2, ,    13.2, ,    18.8, ,    17.2, ,    16.0, ,    13.3, ,     7.2, ,     2.9, ,    -2.0, ,     6.3, ,    -9.9, ,     7.9, ,    17.3, ,     7.8, 
1970,    -7.5, ,      .1, ,     2.5, ,     5.8, ,    11.3, ,    17.8, ,    19.3, ,    18.1, ,    11.4, ,     6.5, ,    -2.3, ,    -6.8, ,     6.4, ,    -3.1, ,     6.5, ,    18.4, ,     5.2, 
1971,    -4.8, ,     -.4, ,      .9, ,     7.0, ,    12.7, ,    13.7, ,    18.8, ,    19.6, ,    11.5, ,     6.4, ,     2.4, ,    -9.9, ,     6.5, ,    -4.0, ,     6.9, ,    17.4, ,     6.8, 
1972,   -10.1, ,    -3.2, ,     3.6, ,     4.9, ,    12.5, ,    14.9, ,    17.5, ,    18.6, ,    10.6, ,     5.4, ,     2.3, ,    -5.9, ,     5.9, ,    -7.7, ,     7.0, ,    17.0, ,     6.1, 
1973,    -6.0, ,    -3.0, ,     4.2, ,     7.3, ,    11.9, ,    14.3, ,    18.0, ,    17.1, ,    14.1, ,     7.4, ,    -2.8, ,     -.9, ,     6.8, ,    -5.0, ,     7.8, ,    16.5, ,     6.2, 
1974,    -5.0, ,     2.1, ,     3.4, ,     7.8, ,     9.8, ,    16.0, ,    16.6, ,    18.5, ,    14.8, ,     8.8, ,     2.2, ,      .3, ,     7.9, ,    -1.3, ,     7.0, ,    17.0, ,     8.6, 
1975,    -6.3, ,    -8.6, ,      .7, ,     5.8, ,    11.0, ,    14.3, ,    19.9, ,    15.3, ,    13.9, ,     7.6, ,      .9, ,    -1.2, ,     6.1, ,    -4.9, ,     5.8, ,    16.5, ,     7.5, 
1976,    -1.4, ,     -.3, ,     1.1, ,     7.0, ,    11.5, ,    13.7, ,    16.8, ,    15.9, ,    14.6, ,     8.0, ,     2.3, ,      .9, ,     7.5, ,    -1.0, ,     6.5, ,    15.5, ,     8.3, 
1977,    -6.4, ,     1.6, ,     3.1, ,     8.7, ,    10.2, ,    16.5, ,    17.0,E,    19.8, ,    11.5, ,     7.1, ,     -.4, ,    -7.3, ,     6.8,E,    -1.3, ,     7.3, ,    17.8,E,     6.1, 
1978,    -7.4, ,    -2.8, ,     3.3, ,     7.2, ,    10.5, ,    16.1, ,    19.8, ,    17.1, ,    12.6, ,     8.3, ,    -2.5, ,    -6.1, ,     6.3, ,    -5.8, ,     7.0, ,    17.7, ,     6.1, 
1979,   -13.4, ,    -2.6, ,     4.6, ,     6.8,E,    11.4,E,    15.5, ,    19.7, ,    19.3, ,    15.1, ,     9.6,E,    -1.6, ,      .0, ,     7.0,E,    -7.4, ,     7.6,E,    18.2, ,     7.7,E
1980,    -8.3, ,     -.5, ,     2.8, ,     9.5, ,    13.1, ,    14.4, ,    17.7, ,    15.8, ,    13.2, ,     8.5, ,     2.8, ,    -3.2, ,     7.2, ,    -2.9, ,     8.5, ,    16.0, ,     8.2, 
1981,      .8, ,     -.1, ,     5.1, ,     7.3, ,    12.2, ,    12.8, ,    17.3, ,    20.3, ,    13.8, ,     7.2, ,     3.7, ,    -4.4, ,     8.0, ,     -.8, ,     8.2, ,    16.8, ,     8.2, 
1982,    -6.7, ,    -1.4, ,     2.8, ,     5.6, ,    10.8, ,    18.1, ,    17.3, ,    17.4, ,    14.1, ,     8.0, ,    -2.4, ,    -3.3, ,     6.7, ,    -4.2, ,     6.4, ,    17.6, ,     6.6, 
1983,      .9, ,     2.6, ,     4.8, ,     7.7, ,    13.1, ,    14.8, ,    16.7, ,    18.7, ,    11.2, ,     7.9, ,     3.2, ,   -11.4, ,     7.5, ,      .1, ,     8.5, ,    16.7, ,     7.4, 
1984,     -.5, ,     3.0, ,     5.7, ,     6.9, ,     9.4, ,    15.1, ,    18.6, ,    17.9, ,    11.3, ,     5.1, ,     -.8, ,    -8.9, ,     6.9, ,    -3.0, ,     7.3, ,    17.2, ,     5.2, 
1985,    -6.8, ,    -2.1, ,     3.0, ,     7.6, ,    12.7, ,    15.2, ,    20.9, ,    17.2, ,    10.5, ,     7.6, ,    -9.3, ,    -8.4, ,     5.7, ,    -5.9, ,     7.8, ,    17.8, ,     2.9, 
1986,     -.2, ,    -4.3, ,     6.1, ,     6.8, ,    12.2, ,    16.6, ,    16.6, ,    20.1, ,    11.6, ,     8.2, ,      .8, ,    -2.8, ,     7.6, ,    -4.3, ,     8.4, ,    17.8, ,     6.9, 
1987,     -.9, ,     2.1, ,     5.5, ,     9.8, ,    12.7, ,    17.7, ,    18.4, ,    17.7, ,    15.8, ,     9.0, ,     4.0, ,    -3.1, ,     9.1, ,     -.5, ,     9.3, ,    17.9, ,     9.6, 
1988,    -4.9, ,      .2, ,     4.5, ,     9.5, ,    12.3, ,    15.7, ,    18.2, ,    18.1, ,    14.1, ,    10.0, ,     3.0, ,    -2.5, ,     8.2, ,    -2.6, ,     8.8, ,    17.3, ,     9.0, 
1989,    -2.0, ,    -8.3, ,     2.6, ,     9.1, ,    12.2, ,    16.8, ,    18.2, ,    17.2, ,    14.3, ,     7.5, ,     3.2, ,     -.7, ,     7.5, ,    -4.3, ,     8.0, ,    17.4, ,     8.3, 
1990,    -1.3, ,    -2.4, ,     4.5, ,     9.0, ,    11.1, ,    15.1, ,    19.8, ,    18.8, ,    15.4, ,     6.6, ,     2.3, ,    -6.7, ,     7.7, ,    -1.5, ,     8.2, ,    17.9, ,     8.1, 
1991,    -7.2, ,     4.2, ,     1.6, ,     7.8, ,    11.7, ,    14.1, ,    18.1, ,    18.7, ,    14.8, ,     6.1, ,     2.9, ,      .3, ,     7.8, ,    -3.2, ,     7.0, ,    17.0, ,     7.9, 
1992,     1.2, ,     2.7, ,     6.8, ,     9.1, ,    13.5, ,    18.6, ,    18.6, ,    18.4, ,    11.8, ,     8.1, ,     1.3, ,    -7.1, ,     8.6, ,     1.4, ,     9.8, ,    18.5, ,     7.1, 
1993,   -11.9, ,    -4.2, ,     4.0, ,     7.8, ,    15.7, ,    15.0, ,    15.7, ,    17.0, ,    14.2, ,     8.0, ,    -1.0, ,    -1.0, ,     6.6, ,    -7.7, ,     9.2, ,    15.9, ,     7.1, 
1994,     2.0, ,    -2.4, ,     5.6, ,     9.6, ,    13.3, ,    15.3, ,    20.6, ,    18.1, ,    16.1, ,     6.6, ,     -.4, ,    -2.9, ,     8.5, ,     -.5, ,     9.5, ,    18.0, ,     7.4, 
1995,    -6.7, ,     1.2, ,     3.3, ,     7.4, ,    13.3, ,    16.3, ,    18.8, ,    15.7, ,    15.8, ,     7.3, ,     2.7, ,    -3.6, ,     7.6, ,    -2.8, ,     8.0, ,    16.9, ,     8.6, 
1996,    -7.8, ,    -2.2, ,     2.3, ,     8.5, ,     9.9, ,    15.1, ,    20.1, ,    18.7, ,    12.5, ,     6.6, ,    -2.3, ,    -9.8, ,     6.0, ,    -4.5, ,     6.9, ,    18.0, ,     5.6, 
1997,    -3.3, ,     -.5, ,     2.9, ,     6.9, ,    13.4, ,    14.9, ,    18.0, ,    19.3, ,    14.9, ,     7.5, ,     2.4, ,      .1, ,     8.0, ,    -4.5, ,     7.7, ,    17.4, ,     8.3, 
1998,    -4.3, ,     2.4, ,     4.9, ,     8.3, ,    14.3, ,    16.6, ,    21.9, ,    20.2, ,    16.6, ,     7.9, ,     3.6, ,    -1.7, ,     9.2, ,     -.6, ,     9.2, ,    19.6, ,     9.4, 
1999,      .0, ,     1.5, ,     3.5, ,     7.2, ,    10.2, ,    14.4, ,    17.1, ,    19.8, ,    13.7, ,     7.3, ,     4.0, ,      .2, ,     8.2, ,     -.1, ,     7.0, ,    17.1, ,     8.3, 
2000,    -5.0, ,    -1.5, ,     4.9, ,     8.9, ,    11.0, ,    15.5, ,    18.3, ,    17.6, ,    13.5, ,     7.7, ,     -.6, ,    -5.7, ,     7.1, ,    -2.1, ,     8.3, ,    17.1, ,     6.9, 
2001,    -1.4, ,    -3.0, ,     3.8, ,     7.3, ,    12.5, ,    14.1, ,    18.3, ,    19.2, ,    15.1, ,     6.7, ,     4.2, ,    -1.6, ,     7.9, ,    -3.4, ,     7.9, ,    17.2, ,     8.7, 
2002,    -2.1, ,     -.2, ,    -1.1, ,     7.7, ,    10.6, ,    17.0, ,    19.8, ,    18.6, ,    14.2, ,     6.5, ,     2.6,E,     -.3, ,     7.8,E,    -1.3, ,     5.7, ,    18.5, ,     7.8,E
2003,     -.8, ,      .9, ,     3.9, ,     8.1, ,    11.6, ,    17.4, ,    20.6, ,    19.7, ,    15.4, ,     9.6, ,    -2.4, ,    -1.7, ,     8.5, ,     -.1, ,     7.9, ,    19.2, ,     7.5, 
2004,    -5.3, ,    -1.9, ,     5.9, ,    10.0, ,    12.6, ,    17.9, ,    20.7, ,    20.6, ,    12.8, ,     7.8, ,     3.3, ,     -.3, ,     8.7, ,    -3.0, ,     9.5, ,    19.7, ,     8.0, 
2005,    -5.3, , -9999.9,M,     6.2, ,     9.1, ,    14.4, ,    15.0, ,    18.4, ,    18.9, ,    12.8, ,     8.9, ,     1.4, ,    -4.3, , -9999.9,M, -9999.9,M,     9.9, ,    17.4, ,     7.7, 
2006,     2.4, ,    -1.3, ,     3.7, ,     8.6, ,    12.8, ,    17.0, ,    21.1, ,    19.1, ,    15.2, ,     7.8, ,      .4, ,    -1.8,E,     8.8,E,    -1.1, ,     8.4, ,    19.1, ,     7.8, 
2007,    -2.6, ,     1.0, ,     6.0, ,     8.3, ,    12.8, ,    15.1, ,    20.6, ,    17.5, ,    13.4, ,     7.8, ,      .6, ,    -3.5, ,     8.1, ,    -1.1,E,     9.0, ,    17.7, ,     7.3, 
2008,    -5.8, ,     1.2, ,     3.2, ,     4.6, ,    13.5, ,    14.7, ,    19.0, ,    18.4, ,    13.8, ,     7.7, ,     3.9, ,    -8.3, ,     7.2, ,    -2.7, ,     7.1, ,    17.4, ,     8.5, 
2009,    -3.4, ,    -1.5, ,      .9, ,     7.6, ,    12.2, ,    16.9, ,    21.3, ,    20.3, ,    16.6, ,     6.2, ,     4.3, ,    -7.9, ,     7.8, ,    -4.4, ,     6.9, ,    19.5, ,     9.0, 
2010,     -.1, ,     2.4, ,     5.6, ,     8.0, ,    10.6, ,    15.3, ,    19.3, ,    18.3, ,    13.9, ,     9.2, ,     -.8, ,    -2.1, ,     8.3, ,    -1.9, ,     8.1, ,    17.6, ,     7.4, 
2011,    -1.8, ,    -3.3, ,     3.5, ,     5.8, ,    10.9, ,    15.1, ,    17.7, ,    18.7, ,    16.3, ,     8.1, ,      .7, ,     -.6, ,     7.6, ,    -2.4, ,     6.7, ,    17.2, ,     8.4, 
2012,    -2.5, ,     -.1, ,     3.3, ,     8.2, ,    11.8, ,    14.3, ,    20.5, ,    19.8, ,    15.3, ,     8.2, ,     2.9, ,    -2.7, ,     8.3, ,    -1.1, ,     7.8, ,    18.2, ,     8.8, 
