1148705,WARFIELD       ,BC, station joined    , Monthly mean of homogenized daily mean temperature                     , °C,          Updated to December 2012
1148705,WARFIELD       ,BC, station jointe    , Moyenne mensuelle des températures homogénéisées moyennes quotidiennes , °C, Mise à jour jusqu à décembre 2012
Year,     Jan, ,     Feb, ,     Mar, ,     Apr, ,     May, ,     Jun, ,     Jul, ,     Aug, ,     Sep, ,     Oct, ,     Nov, ,     Dec, ,  Annual, ,  Winter, ,  Spring, ,  Summer, ,  Autumn
Year,    Janv, ,     Fév, ,    Mars, ,     Avr, ,     Mai, ,    Juin, ,    Juil, ,    Août, ,    Sept, ,     Oct, ,     Nov, ,     Déc, ,  Annuel, ,   Hiver, ,Printemp, ,     Eté, , Automne
1928, -9999.9,M, -9999.9,M, -9999.9,M, -9999.9,M, -9999.9,M,    17.4, ,    22.4, ,    20.3, ,    17.1, ,     7.8, ,     3.0, ,    -2.6, , -9999.9,M, -9999.9,M, -9999.9,M,    20.0, ,     9.3, 
1929,    -8.9, ,    -6.2, ,     4.9, ,     7.7, ,    14.6, ,    17.1, ,    21.9, ,    22.1, ,    14.5, ,     9.1, ,      .2, ,    -1.1, ,     8.0, ,    -5.9, ,     9.1, ,    20.4, ,     7.9, 
1930,   -11.2, ,     -.6, ,     3.4, ,    12.0, ,    13.3, ,    16.5, ,    22.1, ,    22.4, ,    16.6, ,     7.2, ,     1.0, ,    -1.8, ,     8.4, ,    -4.3, ,     9.6, ,    20.3, ,     8.3, 
1931,      .4, ,      .4, ,     5.1, ,    10.2, ,    16.1, ,    17.3, ,    22.5, ,    21.8, ,    14.2, ,     8.6, ,      .3, ,    -1.9, ,     9.6, ,     -.3, ,    10.5, ,    20.5, ,     7.7, 
1932,    -4.5, ,    -3.5, ,     2.6, ,     9.9, ,    14.4, ,    19.6, ,    20.5, ,    21.2, , -9999.9,M,     8.8, ,     3.1, ,    -4.1, , -9999.9,M,    -3.3, ,     9.0, ,    20.4, , -9999.9,M
1933,    -2.2, ,    -6.5, ,     2.7, ,     9.4, ,    12.7, ,    18.3, ,    22.0, ,    21.9, ,    12.9, ,     8.7, ,     3.8, ,      .3, ,     8.7, ,    -4.3, ,     8.3, ,    20.7, ,     8.5, 
1934,      .3, ,      .6, ,     5.4, ,    13.5, ,    15.8, ,    18.5, ,    21.5, ,    21.9, ,    13.2, ,     9.2, ,     4.5, ,    -1.2, ,    10.3, ,      .4, ,    11.6, ,    20.6, ,     9.0, 
1935,    -4.1, ,     -.4, ,     1.8, ,     7.1, ,    13.4, ,    17.1, ,    20.8, ,    19.7, ,    17.7, ,     7.6, ,     -.1, ,     -.1, ,     8.4, ,    -1.9, ,     7.4, ,    19.2, ,     8.4, 
1936,    -1.5, ,   -10.0, ,     2.1, ,    10.0, ,    16.9, ,    18.7, ,    22.3, ,    21.1, ,    15.0, ,    10.7, ,     -.1, ,    -1.6, ,     8.6, ,    -3.9, ,     9.7, ,    20.7, ,     8.5, 
1937,   -12.7, ,    -5.0, ,     4.1, ,     7.6, ,    14.0, ,    17.5, ,    21.8, ,    18.6, ,    16.4, ,    10.2, ,     2.5, ,     -.7, ,     7.9, ,    -6.4, ,     8.6, ,    19.3, ,     9.7, 
1938,    -2.1, ,     -.9, ,     3.9, ,     9.6, ,    14.3, ,    19.7, ,    23.0, ,    19.7, ,    19.6, ,     9.8, ,      .3, ,    -2.6, ,     9.5, ,    -1.2, ,     9.3, ,    20.8, ,     9.9, 
1939,    -1.2, ,    -3.8, ,     3.4, ,    10.8, ,    15.0, ,    14.9, ,    21.9, ,    22.1, ,    15.7, ,     7.8, ,     2.9, ,     1.2, ,     9.2, ,    -2.5, ,     9.7, ,    19.6, ,     8.8, 
1940,    -3.0, ,     -.2, ,     5.4, ,     9.8, ,    15.4, ,    19.8, ,    22.4, ,    21.4, ,    18.0, ,    10.0, ,      .0, ,     -.4, ,     9.9, ,     -.7, ,    10.2, ,    21.2, ,     9.3, 
1941,     -.7, ,     1.5, ,     7.4, ,    12.0, ,    13.7, ,    17.4, ,    23.4, ,    19.5, ,    12.4, ,     8.2, ,     3.5, ,      .0, ,     9.9, ,      .1, ,    11.0, ,    20.1, ,     8.0, 
1942,    -4.1, ,     -.6, ,     4.5, ,    10.9, ,    12.2, ,    15.1, ,    21.4, ,    22.0, ,    17.3, ,    10.5, ,     1.4, ,     -.6, ,     9.2, ,    -1.6, ,     9.2, ,    19.5, ,     9.7, 
1943,    -8.0, ,      .6, ,     1.3, ,    10.8, ,    13.1, ,    16.0, ,    21.9, ,    20.3, ,    17.7, ,     9.4, ,     3.3, ,    -1.5, ,     8.7, ,    -2.7, ,     8.4, ,    19.4, ,    10.1, 
1944,    -2.4, ,     -.7, ,     2.8, ,    10.7, ,    14.9, ,    18.2, ,    21.9, ,    20.4, ,    17.1, ,    11.5, ,     3.2, ,    -2.4, ,     9.6, ,    -1.5, ,     9.5, ,    20.2, ,    10.6, 
1945,    -1.2, ,     -.2, ,     2.5, ,     7.5, ,    15.3, ,    17.6, ,    22.3, ,    22.8, ,    14.2, ,     9.9, ,     1.5, ,     -.8, ,     9.3, ,    -1.3, ,     8.4, ,    20.9, ,     8.5, 
1946,    -2.7, ,     -.9, ,     4.4, ,     9.0, ,    15.1, ,    15.6, ,    20.9, ,    20.6, ,    14.5, ,     6.6, ,     -.2, ,    -2.3, ,     8.4, ,    -1.5, ,     9.5, ,    19.0, ,     7.0, 
1947,    -5.0, ,     -.1, ,     5.4, ,     9.8, ,    15.3, ,    15.4, ,    20.3, ,    18.1, ,    15.6, ,     9.1, ,      .8, ,     -.9, ,     8.7, ,    -2.5, ,    10.2, ,    17.9, ,     8.5, 
1948,    -4.0, ,    -3.2, ,     2.0, ,     7.3, ,    12.8, ,    19.0, ,    18.6, ,    17.8, ,    14.6, ,     7.5, ,     1.1, ,    -6.1, ,     7.3, ,    -2.7, ,     7.4, ,    18.5, ,     7.7, 
1949,   -11.5, ,    -5.5, ,     2.3, ,    10.5, ,    15.8, ,    16.6, ,    20.0, ,    19.9, ,    15.8, ,     7.6, ,     4.4, ,    -2.7, ,     7.8, ,    -7.7, ,     9.5, ,    18.8, ,     9.3, 
1950,   -13.4, ,    -1.7, ,     1.8, ,     7.3, ,    12.3, ,    17.2, ,    20.8, ,    20.4, ,    17.2, ,     7.0, ,     1.5, ,      .5, ,     7.6, ,    -5.9, ,     7.1, ,    19.5, ,     8.6, 
1951,    -3.5, ,    -2.3, ,      .3, ,     9.1, ,    13.7, ,    16.3, ,    21.7, ,    20.1, ,    15.1, ,     7.4, ,     1.5, ,    -5.8, ,     7.8, ,    -1.8, ,     7.7, ,    19.4, ,     8.0, 
1952,    -4.7, ,    -1.1, ,     2.8, ,     9.4, ,    14.2, ,    15.9, ,    20.6, ,    20.6, ,    17.6, ,    11.4, ,      .5, , -9999.9,M, -9999.9,M,    -3.9, ,     8.8, ,    19.0, ,     9.8, 
1953,     1.7, ,      .9, ,     4.6, ,     7.6, ,    12.8, ,    15.1, ,    20.7, ,    19.9, ,    15.3, ,     9.5, ,     4.5, ,      .2, ,     9.4, , -9999.9,M,     8.3, ,    18.6, ,     9.8, 
1954,    -4.5, ,     1.6, ,     2.6, ,     6.7, ,    13.9, ,    14.6, ,    19.3, ,    17.8, ,    14.2, ,     7.5, ,     5.3, ,     -.7, ,     8.2, ,     -.9, ,     7.7, ,    17.2, ,     9.0, 
1955,    -2.3, ,    -3.1, ,    -1.2, ,     6.0, ,    10.8, ,    17.1, ,    19.0, ,    19.7, ,    15.2, ,     8.3, ,    -1.8, ,    -3.7, ,     7.0, ,    -2.0, ,     5.2, ,    18.6, ,     7.2, 
1956,    -1.7, ,    -4.9, ,     1.9, ,    10.2, ,    15.4, ,    15.3, ,    21.6, ,    20.7, ,    15.9, ,     8.5, ,      .8, ,    -1.7, ,     8.5, ,    -3.4, ,     9.2, ,    19.2, ,     8.4, 
1957,    -9.0, ,    -3.3, ,     3.3, ,     9.6, ,    16.4, ,    17.1, ,    19.4, ,    17.9, ,    17.0, ,     7.4, ,     1.6, ,      .0, ,     8.1, ,    -4.7, ,     9.8, ,    18.1, ,     8.7, 
1958,     -.1, ,     2.9, ,     4.4, ,     8.4, ,    18.2, ,    19.4, ,    22.1, ,    23.1, ,    14.4, ,     8.6, ,      .3, ,    -1.1, ,    10.1, ,      .9, ,    10.3, ,    21.5, ,     7.8, 
1959,    -2.8, ,    -1.5, ,     3.9, ,     9.9, ,    11.5, ,    17.0, ,    21.4, ,    17.9, ,    12.8, ,     7.9, ,     -.4, ,    -1.6, ,     8.0, ,    -1.8, ,     8.4, ,    18.8, ,     6.8, 
1960,    -4.9, ,     -.7, ,     3.1, ,     8.5, ,    11.6, ,    17.5, ,    23.6, ,    18.0, ,    14.7, ,     9.3, ,     1.6, ,    -1.9, ,     8.4, ,    -2.4, ,     7.7, ,    19.7, ,     8.5, 
1961,     -.9, ,     2.3, ,     4.6, ,     8.1, ,    13.1, ,    20.2, ,    22.2, ,    22.7, ,    13.6, ,     6.7, ,     -.4, ,    -2.8, ,     9.1, ,     -.2, ,     8.6, ,    21.7, ,     6.6, 
1962,    -5.0, ,     -.8, ,     1.8, ,    10.2, ,    12.2, ,    16.8, ,    19.8, ,    18.4, ,    15.9, ,     9.3, ,     4.3, ,      .8, ,     8.6, ,    -2.9, ,     8.1, ,    18.3, ,     9.8, 
1963,    -5.7, ,     2.2, ,     5.4, ,     8.8, ,    13.7, ,    17.2, ,    19.3, ,    20.8, ,    18.4, ,    10.3, ,     2.7, ,    -1.9, ,     9.3, ,     -.9, ,     9.3, ,    19.1, ,    10.5, 
1964,    -1.3, ,     -.8, ,     1.7, ,     7.4, ,    12.1, ,    16.2, ,    20.1, ,    17.0, ,    12.6, ,     8.4, ,     1.9, ,    -4.8, ,     7.5, ,    -1.3, ,     7.1, ,    17.8, ,     7.6, 
1965,    -1.3, ,     -.9, ,     1.4, ,     9.9, ,    12.5, ,    17.8, ,    21.4, ,    20.5, ,    12.4, ,    10.0, ,     3.4, ,     -.5, ,     8.9, ,    -2.3, ,     7.9, ,    19.9, ,     8.6, 
1966,    -2.4, ,      .5, ,     4.0, ,     9.0, ,    14.6, ,    16.2, ,    19.9, ,    19.8, ,    18.6, ,     8.4, ,     3.1, ,      .5, ,     9.4, ,     -.8, ,     9.2, ,    18.6, ,    10.0, 
1967,     -.2, ,     1.1, ,     2.9, ,     7.5, ,    13.1, ,    18.5, ,    22.0, ,    24.1, ,    19.6, ,     7.9, ,     2.6, ,    -2.4, ,     9.7, ,      .5, ,     7.8, ,    21.5, ,    10.0, 
1968,    -2.5, ,     1.9, ,     5.9, ,     7.5, ,    12.6, ,    16.3, ,    21.7, ,    18.6, ,    15.2, ,     7.6, ,     3.1, ,    -4.6, ,     8.6, ,    -1.0, ,     8.7, ,    18.9, ,     8.6, 
1969,    -8.2, ,    -1.2, ,     4.1, ,     9.2, ,    15.8, ,    19.4, ,    19.6, ,    20.3, ,    15.6, ,     7.8, ,     3.5, ,     -.2, ,     8.8, ,    -4.7, ,     9.7, ,    19.8, ,     9.0, 
1970,    -3.4, ,     1.1, ,     3.5, ,     6.9, ,    13.9, ,    19.5, ,    21.9, ,    21.4, ,    12.3, ,     6.9, ,     1.3, ,    -3.0, ,     8.5, ,     -.8, ,     8.1, ,    20.9, ,     6.8, 
1971,    -3.0, ,     -.2, ,     1.0, ,     8.8, ,    14.3, ,    15.2, ,    20.0, , -9999.9,M,    12.8, ,     7.0, ,     2.1, ,    -4.6, , -9999.9,M,    -2.1, ,     8.0, , -9999.9,M,     7.3, 
1972,    -6.0, ,     -.9, ,     4.2, ,     6.4, ,    14.3, ,    16.2, ,    19.1, ,    21.4, ,    12.3, ,     7.5, ,     2.6, ,    -4.4, ,     7.7, ,    -3.8, ,     8.3, ,    18.9, ,     7.5, 
1973,    -4.4, ,      .5, ,     5.1, ,     9.0, ,    13.8, ,    16.7, ,    21.7, ,    20.9, ,    15.7, ,     8.0, ,      .5, ,      .0, ,     9.0, ,    -2.8, ,     9.3, ,    19.8, ,     8.1, 
1974,    -4.1, ,      .9, ,     3.3, ,     9.2, ,    11.2, , -9999.9,M, -9999.9,M, -9999.9,M, -9999.9,M, -9999.9,M,     2.0, ,     -.7, , -9999.9,M,    -1.1, ,     7.9, , -9999.9,M, -9999.9,M
1975,    -4.5, ,    -3.1, ,     1.3, ,     7.0, ,    12.7, ,    16.1, ,    22.7, ,    17.6, ,    15.9, ,     7.6, ,      .7, ,    -1.1, ,     7.7, ,    -2.8, ,     7.0, ,    18.8, ,     8.1, 
1976,    -1.9, ,     -.6, ,     1.1, ,     8.4, ,    13.3, ,    15.0, ,    19.7, ,    17.7, ,    16.0, ,     7.5, ,     2.3, ,    -1.3, ,     8.1, ,    -1.2, ,     7.6, ,    17.5, ,     8.6, 
1977,    -4.8, ,      .7, ,     3.4, ,    10.2, ,    11.3, ,    18.9, ,    19.9, ,    21.6, ,    12.7, ,     8.2, ,      .1, ,    -3.6, ,     8.2, ,    -1.8, ,     8.3, ,    20.1, ,     7.0, 
1978,    -3.0, ,      .4, ,     4.0, ,     8.7, ,    11.6, ,    17.5, ,    21.2, ,    18.8, ,    14.1, ,     8.3, ,     -.6, ,    -5.9, ,     7.9, ,    -2.1, ,     8.1, ,    19.2, ,     7.3, 
1979,    -9.2, ,    -1.6, ,     4.7, ,     8.3, ,    13.5, ,    18.1, ,    21.4, ,    21.9, ,    16.6, ,    10.0, ,      .8, ,     1.2, ,     8.8, ,    -5.6, ,     8.8, ,    20.5, ,     9.1, 
1980,    -5.8, ,     -.1, ,     3.0, ,    10.9, ,    14.8, ,    16.1, ,    20.3, ,    17.8, ,    14.7, ,     9.4, ,     3.4, ,     -.5, ,     8.7, ,    -1.6, ,     9.6, ,    18.1, ,     9.2, 
1981,      .7, ,     1.1, ,     6.2, ,     8.2, ,    12.9, ,    14.4, ,    18.5, ,    22.1, ,    15.0, ,     7.4, ,     3.8, ,    -1.9, ,     9.0, ,      .4, ,     9.1, ,    18.3, ,     8.7, 
1982,    -3.5, ,    -1.3, ,     4.0, ,     7.0, ,    13.0, ,    19.1, , -9999.9,M,    18.6, ,    13.5, ,     6.8, ,    -1.4, ,    -3.5, , -9999.9,M,    -2.2, ,     8.0, , -9999.9,M,     6.3, 
1983,    -1.0, ,      .9, ,     4.5, ,     7.7, ,    13.3, ,    15.1, ,    16.0, ,    19.8, ,    11.7, ,     7.0, ,     2.6, ,    -8.2, ,     7.5, ,    -1.2, ,     8.5, ,    17.0, ,     7.1, 
1984,    -3.3, ,      .6, ,     5.5, ,     7.7, ,     9.8, ,    14.9, ,    20.5, ,    20.1, ,    12.1, ,     6.2, ,     1.5, ,    -6.0, ,     7.5, ,    -3.6, ,     7.7, ,    18.5, ,     6.6, 
1985,    -3.6, ,    -3.3, ,     2.8, ,     9.0, ,    14.6, ,    17.6, ,    24.3, ,    18.6, ,    11.9, ,     6.6, ,    -5.1, ,    -4.1, ,     7.4, ,    -4.3, ,     8.8, ,    20.2, ,     4.5, 
1986,     -.1, ,     -.8, ,     6.4, ,     8.1, ,    13.9, ,    19.3, ,    17.4, ,    22.4, ,    12.7, ,     9.4, ,     1.5, ,     -.8, ,     9.1, ,    -1.7, ,     9.5, ,    19.7, ,     7.9, 
1987,    -2.1, ,     1.5, ,     5.8, ,    11.4, , -9999.9,M, -9999.9,M, -9999.9,M, -9999.9,M,    18.0,E,     9.7, ,     4.6, ,    -1.7, , -9999.9,M,     -.5, , -9999.9,M, -9999.9,M,    10.8,E
1988,    -3.2, ,      .2, ,     4.8, ,    10.6, ,    13.8, ,    16.9, ,    20.5, ,    20.8, ,    15.2, ,    10.3, ,     2.5, ,    -1.8, ,     9.2, ,    -1.6, ,     9.7, ,    19.4, ,     9.3, 
1989,    -1.9, ,    -4.5, ,     3.0, ,    10.1, ,    13.1, ,    18.4, ,    21.0, ,    18.3, ,    15.4, ,     8.1, ,     2.7, ,     -.4, ,     8.6, ,    -2.7, ,     8.7, ,    19.2, ,     8.7, 
1990,     -.2, ,    -1.6, ,     5.4, ,    10.7, ,    11.8, ,    15.8, ,    21.5, ,    20.2, ,    18.0, ,     6.7, ,     2.8, ,    -7.0, ,     8.7, ,     -.7, ,     9.3, ,    19.2, ,     9.2, 
1991,    -5.3, ,     3.2, ,     2.9, ,     8.7, ,    12.3, ,    14.9, ,    20.3, ,    20.8, ,    16.4, ,     8.4, ,     1.4, ,      .1, ,     8.7, ,    -3.0, ,     8.0, ,    18.7, ,     8.7, 
1992,      .3, ,     3.1, ,     8.1, ,    10.0, ,    15.4, ,    20.6, ,    19.8, ,    20.1, ,    13.5, ,     9.1, ,     2.0, ,    -4.3, ,     9.8, ,     1.2, ,    11.2, ,    20.2, ,     8.2, 
1993,    -4.8, ,    -1.9, ,     3.9, ,     8.6, ,    17.1, ,    16.5, ,    16.7, ,    18.7, ,    15.6, ,    10.3, ,     -.3, ,     -.5, ,     8.3, ,    -3.7, ,     9.9, ,    17.3, ,     8.5, 
1994,     1.3, ,    -1.5, ,     5.9, ,    10.7, ,    14.7, ,    16.6, ,    22.8, ,    21.8, ,    17.8, ,     9.1, ,      .3, ,    -1.2, ,     9.9, ,     -.2, ,    10.4, ,    20.4, ,     9.1, 
1995,    -1.2, ,     1.7, ,     4.3, ,     8.8, ,    15.3, ,    17.4, ,    21.1, ,    17.8, ,    17.6, ,     7.4, ,     3.1, ,     -.7,E,     9.4,E,     -.2, ,     9.5, ,    18.8, ,     9.4, 
1996,    -3.8, ,    -1.1, ,     3.9, ,     9.0, ,    10.9, ,    17.0, ,    21.9, ,    20.9, ,    13.7, ,     7.5, ,      .6, ,    -4.1, ,     8.0, ,    -1.9,E,     7.9, ,    19.9, ,     7.3, 
1997,    -2.1, ,      .4, ,     3.2, ,     7.7, ,    14.3, ,    16.6, ,    20.1, ,    20.9, ,    15.8, ,     8.4, ,     3.7, ,     -.5, ,     9.0, ,    -1.9, ,     8.4, ,    19.2, ,     9.3, 
1998,    -1.2, ,     3.0, ,     5.4, ,    10.2, ,    15.3, ,    17.1, ,    23.1, ,    22.2, ,    19.0, ,     8.1, ,     4.4, ,    -2.5, ,    10.3, ,      .4, ,    10.3, ,    20.8, ,    10.5, 
1999,      .4, ,     1.3, ,     4.3, ,     8.8, ,    11.6, ,    16.2, ,    18.7, ,    21.0, ,    14.7, ,     8.4, ,     4.8, ,     -.3, ,     9.2, ,     -.3, ,     8.2, ,    18.6, ,     9.3, 
2000,    -1.9, ,     1.0, ,     4.8, ,    10.3, , -9999.9,M, -9999.9,M,    21.4,E,    20.8, ,    14.4, ,     8.6, ,      .2, ,    -3.1, , -9999.9,M,     -.4, , -9999.9,M, -9999.9,M,     7.7, 
2001,     -.9, ,     -.8, ,     4.9, ,     8.2, ,    14.2, ,    15.4, ,    20.7, ,    22.3, ,    17.5, ,     7.2, ,     4.5, ,    -1.2, ,     9.3, ,    -1.6, ,     9.1, ,    19.5, ,     9.7, 
2002,    -1.1, ,      .2, ,     1.9, ,     9.0, ,    11.9, ,    18.3, ,    22.0, ,    20.4, ,    15.7, ,     7.4, ,     3.3, ,     1.2, ,     9.2, ,     -.7, ,     7.6, ,    20.2, ,     8.8, 
2003,     -.3, ,      .4, ,     3.9,E,     8.5, ,    12.6, ,    18.1, ,    23.0, ,    22.1, ,    16.4,E,     9.3, ,     -.6, ,    -2.0, ,     9.3,E,      .4, ,     8.3,E,    21.1, ,     8.4,E
2004,    -2.9, ,      .5, ,     5.9,E,    10.8, ,    13.3, ,    17.3,E, -9999.9,M, -9999.9,M, -9999.9,M, -9999.9,M, -9999.9,M, -9999.9,M, -9999.9,M,    -1.5, ,    10.0,E, -9999.9,M, -9999.9,M
2005, -9999.9,M, -9999.9,M, -9999.9,M, -9999.9,M, -9999.9,M, -9999.9,M, -9999.9,M, -9999.9,M, -9999.9,M, -9999.9,M, -9999.9,M, -9999.9,M, -9999.9,M, -9999.9,M, -9999.9,M, -9999.9,M, -9999.9,M
2006, -9999.9,M, -9999.9,M, -9999.9,M, -9999.9,M, -9999.9,M, -9999.9,M, -9999.9,M, -9999.9,M, -9999.9,M, -9999.9,M, -9999.9,M, -9999.9,M, -9999.9,M, -9999.9,M, -9999.9,M, -9999.9,M, -9999.9,M
2007, -9999.9,M, -9999.9,M, -9999.9,M, -9999.9,M, -9999.9,M, -9999.9,M, -9999.9,M, -9999.9,M, -9999.9,M, -9999.9,M, -9999.9,M, -9999.9,M, -9999.9,M, -9999.9,M, -9999.9,M, -9999.9,M, -9999.9,M
2008, -9999.9,M, -9999.9,M, -9999.9,M, -9999.9,M, -9999.9,M, -9999.9,M, -9999.9,M, -9999.9,M, -9999.9,M, -9999.9,M, -9999.9,M, -9999.9,M, -9999.9,M, -9999.9,M, -9999.9,M, -9999.9,M, -9999.9,M
2009, -9999.9,M, -9999.9,M, -9999.9,M, -9999.9,M, -9999.9,M,    17.0, ,    21.3, ,    21.0, ,    16.5, ,     5.8, ,     2.5, ,    -5.1, , -9999.9,M, -9999.9,M, -9999.9,M,    19.8, ,     8.3, 
2010,      .0,E,     3.1, ,     5.6, ,     8.8, ,    11.4, ,    16.0,E,    20.5, ,    19.9, ,    14.4, ,     9.0, ,      .4, ,    -2.0, ,     8.9,E,     -.7,E,     8.6, ,    18.8,E,     7.9, 
2011,    -2.9, ,    -3.4, ,     3.5, ,     6.1, ,    12.0, ,    15.5, ,    18.7, ,    21.4, ,    17.5, ,     7.8, ,      .1, ,    -2.6, ,     7.8, ,    -2.8, ,     7.2, ,    18.5, ,     8.5, 
2012,    -3.0, ,     -.6, ,     3.0, ,     9.3, ,    12.7, ,    15.1, ,    21.4, ,    21.5, ,    16.6,E,     7.9,E,     3.2,E,     -.1, ,     8.9,E,    -2.1, ,     8.3, ,    19.3, ,     9.2,E
