1126510,PRINCETON      ,BC, station joined    , Monthly mean of homogenized daily mean temperature                     , °C,          Updated to December 2012
1126510,PRINCETON      ,BC, station jointe    , Moyenne mensuelle des températures homogénéisées moyennes quotidiennes , °C, Mise à jour jusqu à décembre 2012
Year,     Jan, ,     Feb, ,     Mar, ,     Apr, ,     May, ,     Jun, ,     Jul, ,     Aug, ,     Sep, ,     Oct, ,     Nov, ,     Dec, ,  Annual, ,  Winter, ,  Spring, ,  Summer, ,  Autumn
Year,    Janv, ,     Fév, ,    Mars, ,     Avr, ,     Mai, ,    Juin, ,    Juil, ,    Août, ,    Sept, ,     Oct, ,     Nov, ,     Déc, ,  Annuel, ,   Hiver, ,Printemp, ,     Eté, , Automne
1893, -9999.9,M, -9999.9,M, -9999.9,M, -9999.9,M, -9999.9,M, -9999.9,M,    17.3, ,    17.0, ,    12.4, ,     3.1, ,    -4.4, ,    -4.2, , -9999.9,M, -9999.9,M, -9999.9,M, -9999.9,M,     3.7, 
1894, -9999.9,M,    -7.7, ,     -.7, ,     6.4, ,    10.3, , -9999.9,M,    16.3, ,    16.5, ,    10.7, ,     5.9, ,     1.9, ,    -7.8, , -9999.9,M, -9999.9,M,     5.3, , -9999.9,M,     6.2, 
1895, -9999.9,M,     -.1, ,     3.3, ,     8.2, ,    12.7, ,    13.9, ,    15.9, ,    17.5, ,    11.3, ,     7.5, ,     2.7, ,    -4.4, , -9999.9,M, -9999.9,M,     8.1, ,    15.8, ,     7.2, 
1896,    -7.1, ,    -2.1, ,     2.2, , -9999.9,M, -9999.9,M,    12.9, ,    18.4, ,    17.5, ,    11.9, ,     7.1, ,    -5.2, ,    -3.7, , -9999.9,M,    -4.5, , -9999.9,M,    16.3, ,     4.6, 
1897,    -6.7, ,    -5.2, ,    -5.2, ,     7.7, ,    13.1, ,    12.0, ,    16.6, ,    20.0, ,    12.1, ,     8.6, , -9999.9,M,    -5.1, , -9999.9,M,    -5.2, ,     5.2, ,    16.2, , -9999.9,M
1898,    -8.7, ,     -.4, ,     -.4, , -9999.9,M, -9999.9,M, -9999.9,M,    17.6, ,    19.4, ,    12.6, ,     6.0, ,     -.7, ,    -8.9, , -9999.9,M,    -4.7, , -9999.9,M, -9999.9,M,     6.0, 
1899,    -7.3, , -9999.9,M,      .8, , -9999.9,M, -9999.9,M, -9999.9,M, -9999.9,M, -9999.9,M, -9999.9,M, -9999.9,M, -9999.9,M, -9999.9,M, -9999.9,M, -9999.9,M, -9999.9,M, -9999.9,M, -9999.9,M
1900, -9999.9,M, -9999.9,M, -9999.9,M, -9999.9,M, -9999.9,M, -9999.9,M, -9999.9,M, -9999.9,M, -9999.9,M, -9999.9,M, -9999.9,M, -9999.9,M, -9999.9,M, -9999.9,M, -9999.9,M, -9999.9,M, -9999.9,M
1901,    -7.4, ,    -3.4, ,     4.4, ,     6.1, ,    11.8, ,    12.4, ,    16.7, ,    18.5, ,    11.2, ,     8.9, ,     2.1, ,    -4.1, ,     6.4, , -9999.9,M,     7.4, ,    15.9, ,     7.4, 
1902,    -6.9, ,    -2.4, ,     1.0, ,     6.6, ,    11.1, ,    12.7, ,    15.7, ,    16.0, ,    11.2, ,     7.6, ,    -2.1, ,    -9.1, ,     5.1, ,    -4.5, ,     6.2, ,    14.8, ,     5.6, 
1903,    -8.0, ,    -9.4, ,    -4.0, ,     4.6, ,     9.9, ,    16.7, ,    15.8, ,    16.1, ,    10.5, ,     7.0, ,    -1.0, ,    -3.3, ,     4.6, ,    -8.8, ,     3.5, ,    16.2, ,     5.5, 
1904,    -6.3, ,    -7.0, ,    -1.8, ,     7.4, ,     9.9, ,    13.9, ,    17.7, ,    17.7, ,    13.4, ,     7.2, ,     2.6, ,    -4.2, ,     5.9, ,    -5.5, ,     5.2, ,    16.4, ,     7.7, 
1905,    -7.3, ,    -7.9, ,     4.0, ,     7.6, ,    10.7, ,    14.7, ,    18.3, ,    16.5, ,    12.5, ,     3.1, ,     -.2, ,    -5.0, ,     5.6, ,    -6.5, ,     7.4, ,    16.5, ,     5.1, 
1906,    -6.0, ,    -1.5, ,     1.1, ,     8.7, ,    11.8, ,    13.2, ,    20.8, ,    17.4, ,    12.5, ,     7.3, ,     -.6, ,    -5.6, ,     6.6, ,    -4.2, ,     7.2, ,    17.1, ,     6.4, 
1907,   -18.2, ,    -4.0, ,    -1.2, ,     5.2, ,    11.7, ,    13.7, ,    17.5, ,    14.7, ,    12.8, ,     8.6, ,     1.0, ,    -4.5, ,     4.8, ,    -9.3, ,     5.2, ,    15.3, ,     7.5, 
1908,    -7.7, ,    -5.4, ,      .0, ,     6.8, ,    10.1, ,    14.3, ,    18.3, ,    16.1, ,    11.3, ,     6.0, ,     1.8, ,    -8.0, ,     5.3, ,    -5.9, ,     5.6, ,    16.2, ,     6.4, 
1909,   -16.6, ,    -3.9, ,      .6, ,     4.8, ,     9.2, ,    13.5, ,    15.9, ,    15.1, ,    13.0, ,     4.6, ,    -1.2, ,    -8.4, ,     3.9, ,    -9.5, ,     4.9, ,    14.8, ,     5.5, 
1910,    -8.2, ,   -10.1, ,     2.7, ,     7.6, ,    11.9, ,    12.9, ,    16.7, ,    14.6, ,    12.2, ,     6.7, ,      .2, ,    -3.4, ,     5.3, ,    -8.9, ,     7.4, ,    14.7, ,     6.4, 
1911,   -12.0, ,    -7.9, ,     1.5, ,     5.2, ,     9.6, ,    13.7, ,    17.6, ,    15.9, ,    11.1, ,     6.2, ,    -4.3, ,    -5.7, ,     4.2, ,    -7.8, ,     5.4, ,    15.7, ,     4.3, 
1912,    -9.1, ,    -2.3, ,    -1.8, ,     7.0, ,    12.0, ,    16.0, ,    16.8, ,    15.3, ,    11.0, , -9999.9,M,      .1, ,    -5.0, , -9999.9,M,    -5.7, ,     5.7, ,    16.0, , -9999.9,M
1913,   -11.5, ,    -8.8, ,     -.9, ,     6.4, ,    10.6, ,    14.4, ,    16.5, ,    17.0, ,    11.1, ,     4.3, ,     -.2, ,    -4.4, ,     4.5, ,    -8.4, ,     5.4, ,    16.0, ,     5.1, 
1914,    -4.2, ,    -4.5, ,     2.0, ,     8.3, ,    11.5, ,    13.8, ,    18.1, ,    16.8, ,    10.8, ,     7.5, ,      .9, ,    -9.1, ,     6.0, ,    -4.4, ,     7.3, ,    16.2, ,     6.4, 
1915,    -8.6, ,    -1.7, ,     4.6, ,     9.5, ,    11.4, ,    14.6, ,    17.2, ,    18.7, ,    11.6, ,     7.3, ,    -3.0, ,    -7.1, ,     6.2, ,    -6.5, ,     8.5, ,    16.8, ,     5.3, 
1916,   -19.4, ,    -5.1, ,     1.6, ,     6.9, ,     9.4, ,    13.5, ,    15.4, ,    16.7, ,    12.0, ,     4.9, ,    -3.4, ,   -10.1, ,     3.5, ,   -10.5, ,     6.0, ,    15.2, ,     4.5, 
1917,    -8.6, ,    -6.4, ,    -1.6, ,     5.1, ,    11.2, ,    12.6, ,    17.4, ,    17.8, ,    12.8, ,     7.1, ,     2.3, ,    -5.4, ,     5.4, ,    -8.4, ,     4.9, ,    15.9, ,     7.4, 
1918,    -4.6, ,    -5.4, ,      .5, ,     7.0, ,    10.0, ,    15.3, ,    18.2, ,    16.1, ,    14.2, ,     7.4, ,     -.1, ,    -5.4, ,     6.1, ,    -5.1, ,     5.8, ,    16.5, ,     7.2, 
1919,    -6.0, ,    -5.9, ,     -.1, ,     7.0, ,     9.6, ,    11.8, ,    16.8, ,    17.1, ,    12.5, ,     5.3, ,    -3.1, ,    -9.3, ,     4.6, ,    -5.8, ,     5.5, ,    15.2, ,     4.9, 
1920,    -7.0, ,    -3.4, ,     1.3, ,     4.9, ,     8.7, ,    13.3, ,    18.5, ,    17.6, ,    11.8, ,     5.8, ,      .2, ,    -2.8, ,     5.7, ,    -6.6, ,     5.0, ,    16.5, ,     5.9, 
1921,    -7.6, ,    -2.9, ,     1.9, ,     5.1, ,    10.9, ,    14.4, ,    16.0, ,    16.3, ,    10.4, ,     6.8, ,    -1.2, ,    -8.9, ,     5.1, ,    -4.4, ,     6.0, ,    15.6, ,     5.3, 
1922,   -10.4, ,   -10.4, ,    -1.1, ,     5.6, ,     9.9, ,    15.8, ,    17.4, ,    16.7, ,    13.1, ,     7.6, ,      .2, ,   -11.2, ,     4.4, ,    -9.9, ,     4.8, ,    16.6, ,     7.0, 
1923,    -7.2, ,    -6.7, ,      .1, ,     7.0, ,    10.8, ,    14.7, ,    17.8, ,    17.0, ,    12.9, ,     6.3, ,     1.9, ,    -4.9, ,     5.8, ,    -8.4, ,     6.0, ,    16.5, ,     7.0, 
1924,    -9.7, ,     -.1, ,     2.2, ,     6.2, ,    12.7, ,    14.1, ,    16.9, ,    16.2, ,    12.9, ,     8.7, ,    -2.7, ,   -10.7, ,     5.6, ,    -4.9, ,     7.0, ,    15.7, ,     6.3, 
1925,    -7.0, ,     -.3, ,     3.1, ,     7.6, ,    12.5, ,    14.8, ,    18.5, ,    15.3, ,    13.2, ,     5.4, ,     -.5, ,     -.5, ,     6.8, ,    -6.0, ,     7.7, ,    16.2, ,     6.0, 
1926,    -4.4, ,     -.5, ,     4.0, ,     9.7, ,    10.7, ,    15.6, ,    18.3, ,    16.3, ,    10.0, ,     7.3, ,     1.2, ,    -6.1, ,     6.8, ,    -1.8, ,     8.1, ,    16.7, ,     6.2, 
1927,    -9.0, ,    -4.5, ,     1.7, ,     4.9, ,     9.8, ,    15.3, ,    17.6, ,    16.7, ,    12.3, ,     5.2, ,    -1.1, ,   -10.5, ,     4.9, ,    -6.5, ,     5.5, ,    16.5, ,     5.5, 
1928,    -5.0, ,    -2.8, ,     2.2, ,     6.1, ,    12.7, ,    14.9, ,    18.5, ,    16.0, ,    12.4, ,     5.5, ,      .1, ,    -7.1, ,     6.1, ,    -6.1, ,     7.0, ,    16.5, ,     6.0, 
1929,   -13.0, ,    -9.7, ,     3.2, ,     5.2, ,    11.2, ,    14.4, ,    15.9, ,    17.2, ,    11.7, ,     7.8, ,     -.5, ,    -5.7, ,     4.8, ,    -9.9, ,     6.5, ,    15.8, ,     6.3, 
1930,   -19.0, ,    -2.6, ,     1.9, ,     8.7, ,    10.1, ,    13.6, ,    16.9, ,    17.0, ,    12.8, ,     5.7, ,     -.6, ,    -4.6, ,     5.0, ,    -9.1, ,     6.9, ,    15.8, ,     6.0, 
1931,    -2.5, ,    -1.0, ,     3.3, ,     7.4, ,    12.2, ,    14.5, ,    18.1, ,    16.6, ,    12.0, ,     6.6, ,    -3.1, ,    -6.9, ,     6.4, ,    -2.7, ,     7.6, ,    16.4, ,     5.2, 
1932,    -8.5, ,    -6.0, ,     1.0, ,     7.8, ,    10.6, ,    15.5, ,    15.2, ,    17.3, ,    12.2, ,     6.6, ,     1.8, ,    -7.9, ,     5.5, ,    -7.1, ,     6.5, ,    16.0, ,     6.9, 
1933,    -6.2, ,    -7.8, ,     1.3, ,     6.4, ,     9.3, ,    13.5, ,    16.4, ,    17.8, ,    11.1, ,     6.2, ,     2.8, ,    -4.8, ,     5.5, ,    -7.3, ,     5.7, ,    15.9, ,     6.7, 
1934,    -3.6, ,    -3.8, ,     3.2, ,    10.8, ,    11.9, ,    15.2, ,    16.1, ,    17.0, ,    11.8, ,     7.2, ,     2.1, ,    -5.0, ,     6.9, ,    -4.1, ,     8.6, ,    16.1, ,     7.0, 
1935,    -9.1, ,    -2.2, ,     -.6, ,     4.5, ,    10.7, ,    13.8, ,    16.3, ,    15.2, ,    12.9, ,     5.4, ,    -1.6, ,    -2.4, ,     5.2, ,    -5.4, ,     4.9, ,    15.1, ,     5.6, 
1936,    -5.3, ,   -14.9, ,      .6, ,     8.4, ,    13.2, ,    15.5, ,    17.2, ,    17.1, ,    11.5, ,     7.8, ,    -1.5, ,    -6.1, ,     5.3, ,    -7.5, ,     7.4, ,    16.6, ,     5.9, 
1937,   -17.0, ,    -8.3, ,     1.3, ,     5.1, ,     9.9, ,    15.4, ,    18.5, ,    15.3, ,    13.6, , -9999.9,M,      .3, , -9999.9,M, -9999.9,M,   -10.5, ,     5.4, ,    16.4, , -9999.9,M
1938, -9999.9,M,    -5.3, ,     1.9, ,     6.8, ,    10.6, ,    16.6, ,    19.3, ,    15.7, ,    15.6, ,     7.1, ,    -1.5, ,    -5.1, , -9999.9,M, -9999.9,M,     6.4, ,    17.2, ,     7.1, 
1939,    -2.7, ,    -6.1, ,     1.7, ,     8.1, ,    11.0, ,    12.8, ,    18.2, ,    18.0, ,    13.7, ,     6.8, ,     2.1, ,     -.2, ,     7.0, ,    -4.6, ,     6.9, ,    16.3, ,     7.5, 
1940,    -4.0, ,    -1.4, ,     4.8, ,     7.9, ,    12.6, ,    16.2, ,    18.4, ,    17.2, ,    15.9, ,     7.6, ,    -4.6, ,    -4.5, ,     7.2, ,    -1.9, ,     8.4, ,    17.3, ,     6.3, 
1941,    -3.8, ,    -2.7, ,     5.6, ,     8.9, ,    11.1, ,    14.5, ,    19.6, ,    17.3, ,    10.4, ,     6.8, ,      .8, ,    -4.8, ,     7.0, ,    -3.7, ,     8.5, ,    17.1, ,     6.0, 
1942,    -8.1, ,    -2.2, ,     1.7, ,     7.0, ,     9.7, ,    13.1, ,    18.2, ,    18.1, ,    13.4, ,     6.7, ,    -2.3, ,    -4.6, ,     5.9, ,    -5.0, ,     6.1, ,    16.5, ,     5.9, 
1943,   -14.2, ,    -2.7, ,    -1.7, ,     7.3, ,     8.6, ,    12.6, ,    17.5, ,    15.9, ,    13.7, ,     7.1, ,      .4, ,    -5.4, ,     4.9, ,    -7.2, ,     4.7, ,    15.3, ,     7.1, 
1944,    -7.4, ,    -4.7, ,      .1, ,     6.9, ,    10.6, ,    14.8, ,    17.6, ,    15.7, ,    14.1, ,     8.0, ,      .4, ,    -7.6, ,     5.7, ,    -5.8, ,     5.9, ,    16.0, ,     7.5, 
1945,    -4.3, ,    -1.7, ,     1.1, ,     4.6, ,    11.2, ,    13.4, ,    17.4, ,    17.9, ,    11.4, ,     6.7, ,    -2.8, ,    -5.8, ,     5.8, ,    -4.5, ,     5.6, ,    16.2, ,     5.1, 
1946,    -4.9, ,    -3.2, ,     2.6, ,     6.3, ,    12.7, ,    13.1, ,    17.0, ,    17.5, ,    12.4, ,     4.9, ,    -4.1, ,    -6.8, ,     5.6, ,    -4.6, ,     7.2, ,    15.9, ,     4.4, 
1947,    -8.9, ,    -3.0, ,     3.5, ,     7.6, ,    12.9, ,    13.7, ,    16.9, ,    16.1, ,    13.7, ,     6.2, ,      .2, ,    -3.3, ,     6.3, ,    -6.2, ,     8.0, ,    15.6, ,     6.7, 
1948,    -6.1, ,    -5.0, ,     -.5, ,     5.4, ,    11.1, ,    16.9, ,    16.2, ,    15.3, ,    11.6, ,     5.1, ,     -.4, ,   -10.3, ,     4.9, ,    -4.8, ,     5.3, ,    16.1, ,     5.4, 
1949,   -12.8, ,    -8.0, ,      .3, ,     7.6, ,    12.3, ,    13.1, ,    16.3, ,    16.2, ,    13.1, ,     4.6, ,     2.6, ,    -6.7, ,     4.9, ,   -10.4, ,     6.7, ,    15.2, ,     6.8, 
1950,   -20.2, ,    -4.1, ,      .3, ,     4.8, ,     9.1, ,    15.2, ,    17.2, ,    17.3, ,    13.6, ,     5.4, ,    -2.5, ,    -2.7, ,     4.5, ,   -10.3, ,     4.7, ,    16.6, ,     5.5, 
1951,    -9.3, ,    -6.0, ,    -2.5, ,     6.3, ,    11.1, ,    14.3, ,    17.9, ,    16.3, ,    13.4, ,     5.7, ,    -1.2, ,    -9.5, ,     4.7, ,    -6.0, ,     5.0, ,    16.2, ,     6.0, 
1952,   -11.3, ,    -3.7, ,      .5, ,     7.3, ,    11.2, ,    12.9, ,    17.6, ,    16.8, ,    14.3, ,     8.6, ,    -2.1, ,    -4.2, ,     5.7, ,    -8.2, ,     6.3, ,    15.8, ,     6.9, 
1953,    -2.8, ,    -2.1, ,     3.0, ,     6.0, ,    11.0, ,    12.6, ,    17.1, ,    16.7, ,    13.0, ,     7.8, ,     1.8, ,    -1.5, ,     6.9, ,    -3.0, ,     6.7, ,    15.5, ,     7.5, 
1954,   -10.5, ,     -.8, ,     -.9, ,     4.1, ,    10.8, ,    12.0, ,    16.0, ,    14.9, ,    12.3, ,     5.4, ,     3.1, ,    -4.4, ,     5.2, ,    -4.3, ,     4.7, ,    14.3, ,     6.9, 
1955,    -6.3, ,    -6.0, ,    -4.3, ,     3.7, ,     7.9, ,    13.8, ,    16.4, ,    16.1, ,    12.9, ,     6.4, ,    -6.5, ,    -9.9, ,     3.7, ,    -5.6, ,     2.4, ,    15.4, ,     4.3, 
1956,    -7.3, ,    -8.3, ,    -1.6, ,     7.2, ,    12.3, ,    12.7, ,    18.7, ,    17.7, ,    13.1, ,     6.0, ,    -1.9, ,    -4.9, ,     5.3, ,    -8.5, ,     6.0, ,    16.4, ,     5.7, 
1957,   -14.1, ,    -6.0, ,     1.5, ,     7.4, ,    14.0, ,    14.7, ,    15.6, ,    14.8, ,    14.8, ,     5.3, ,     -.2, ,    -3.1, ,     5.4, ,    -8.3, ,     7.6, ,    15.0, ,     6.6, 
1958,    -3.2, ,      .8, ,     2.3, ,     6.6, ,    14.4, ,    18.0, ,    20.7, ,    19.4, ,    12.2, ,     6.9, ,    -3.4, ,    -4.2, ,     7.5, ,    -1.8, ,     7.8, ,    19.4, ,     5.2, 
1959,    -7.5, ,    -4.1, ,     1.6, ,     6.6, ,     9.5, ,    14.0, ,    18.1, ,    14.9, ,    11.7, ,     6.5, ,    -3.0, ,    -4.0, ,     5.4, ,    -5.3, ,     5.9, ,    15.7, ,     5.1, 
1960,    -7.3, ,    -3.0, ,      .8, ,     6.7, ,     9.8, ,    14.3, ,    20.0, ,    16.1, ,    12.5, ,     7.5, ,    -1.8, ,    -7.7, ,     5.7, ,    -4.8, ,     5.8, ,    16.8, ,     6.1, 
1961,    -6.0, ,     -.9, ,     2.0, ,     6.1, ,    10.6, ,    17.1, ,    19.3, ,    19.8, ,    10.7, ,     5.1, ,    -4.0, ,    -6.5, ,     6.1, ,    -4.9, ,     6.2, ,    18.7, ,     3.9, 
1962,    -7.7, ,    -2.9, ,     -.8, ,     7.1, ,     8.9, ,    13.3, ,    16.4, ,    15.4, ,    13.1, ,     7.0, ,      .8, ,    -2.4, ,     5.7, ,    -5.7, ,     5.1, ,    15.0, ,     7.0, 
1963,    -7.9, ,      .3, ,     3.2, ,     6.0, ,    10.4, ,    13.6, ,    15.4, ,    17.1, ,    14.3, ,     7.5, ,     -.5, ,    -5.3, ,     6.2, ,    -3.3, ,     6.5, ,    15.4, ,     7.1, 
1964,    -5.4, ,    -3.1, ,     1.4, ,     5.0, ,     9.4, ,    13.8, ,    16.8, ,    14.7, ,    10.9, ,     6.5, ,     -.1, ,    -9.8, ,     5.0, ,    -4.6, ,     5.3, ,    15.1, ,     5.8, 
1965,    -5.4, ,    -2.0, ,     -.4, ,     6.6, ,     9.6, ,    14.6, ,    18.5, ,    18.2, ,    10.5, ,     8.0, ,      .4, ,    -6.3, ,     6.0, ,    -5.7, ,     5.3, ,    17.1, ,     6.3, 
1966,    -8.0, ,    -2.6, ,     2.6, ,     6.2, ,    11.3, ,    13.2, ,    16.3, ,    16.8, ,    14.7, ,     6.3, ,      .6, ,    -3.6, ,     6.2, ,    -5.6, ,     6.7, ,    15.4, ,     7.2, 
1967,    -4.2, ,     -.2, ,      .8, ,     4.9, ,    10.3, ,    16.4, ,    17.4, ,    20.3, ,    16.1, ,     7.2, ,      .0, ,    -5.6, ,     7.0, ,    -2.7, ,     5.3, ,    18.0, ,     7.8, 
1968,    -6.2, ,     -.9, ,     3.9, ,     5.3, ,    10.3, ,    13.2, ,    18.7, ,    15.9, ,    13.3, ,     5.1, ,      .0, ,    -9.4, ,     5.8, ,    -4.2, ,     6.5, ,    15.9, ,     6.1, 
1969,   -16.3, ,    -4.9, ,     1.9, ,     7.1, ,    12.6, ,    18.7, ,    17.5, ,    16.6, ,    13.8, ,     6.1, ,     1.3, ,    -3.8, ,     5.9, ,   -10.2, ,     7.2, ,    17.6, ,     7.1, 
1970,    -7.8, ,     -.6, ,     1.1, ,     5.1, ,    10.7, ,    17.8, ,    18.8, ,    18.8, ,    10.9, ,     5.7, ,    -2.4, ,    -8.0, ,     5.8, ,    -4.1, ,     5.6, ,    18.5, ,     4.7, 
1971,    -6.1, ,    -2.5, ,    -1.2, ,     6.5, ,    12.2, ,    13.5, ,    18.3, ,    20.3, ,    11.3, ,     5.4, ,     -.1, ,   -10.0, ,     5.6, ,    -5.5, ,     5.8, ,    17.4, ,     5.5, 
1972,    -9.5, ,    -4.3, ,     1.5, ,     4.7, ,    12.3, ,    14.6, ,    17.2, ,    18.6, ,    10.7, ,     5.6, ,     1.0, ,    -7.5, ,     5.4, ,    -7.9, ,     6.2, ,    16.8, ,     5.8, 
1973,    -8.8, ,    -3.4, ,     3.5, ,     6.9, ,    11.9, ,    14.1, ,    18.6, ,    17.3, ,    14.4, ,     6.4, ,    -3.1, ,    -3.9, ,     6.2, ,    -6.6, ,     7.4, ,    16.7, ,     5.9, 
1974,    -7.4, ,    -1.1, ,     2.3, ,     7.2, ,     9.0, ,    15.5, ,    16.8, ,    18.3, ,    14.5, ,     7.6, ,      .9, ,    -2.8, ,     6.7, ,    -4.1, ,     6.2, ,    16.9, ,     7.7, 
1975,    -7.0, ,    -7.9, ,    -1.0, ,     4.8, ,    10.8, ,    13.9, ,    20.1, ,    15.5, ,    14.1, ,     7.2, ,     -.7, ,    -3.9, ,     5.5, ,    -5.9, ,     4.9, ,    16.5, ,     6.9, 
1976,    -4.5, ,    -2.4, ,     -.1, ,     6.5, ,     9.9, ,    12.8, ,    16.6, ,    15.8, ,    14.5, ,     6.6, ,      .3, ,    -3.2, ,     6.1, ,    -3.6, ,     5.4, ,    15.1, ,     7.1, 
1977,    -8.4, ,     -.2, ,     2.5, ,     8.2, ,     9.7, ,    16.3, ,    16.5, ,    19.2, ,    11.5, ,     5.9, ,    -1.9,E,    -7.6, ,     6.0,E,    -3.9, ,     6.8, ,    17.3, ,     5.2,E
1978,    -6.4, ,    -2.9, ,     2.3, ,     6.3, ,     9.9, ,    15.3, ,    18.7, ,    16.7, ,    11.6, ,     6.5, ,    -4.2, ,    -9.8, ,     5.3, ,    -5.6, ,     6.2, ,    16.9, ,     4.6, 
1979,   -14.0, ,    -4.9, ,     2.6, ,     6.1, ,    10.8, ,    14.6, ,    18.8, ,    18.6, ,    14.7, ,     8.6, ,    -2.1, ,    -2.2, ,     6.0, ,    -9.6, ,     6.5, ,    17.3, ,     7.1, 
1980,   -11.0, ,    -1.7, ,     1.6, ,     8.5, ,    11.7, ,    13.6, ,    17.6, ,    15.3, ,    12.5, ,     7.3, ,     1.1, ,    -4.9, ,     6.0, ,    -5.0, ,     7.3, ,    15.5, ,     7.0, 
1981,     -.7, ,    -1.4, ,     4.2, ,     6.0, ,    11.0, ,    11.8, ,    16.7, ,    19.9, ,    13.4, ,     6.2, ,     1.9, ,    -5.0, ,     7.0, ,    -2.3, ,     7.1, ,    16.1, ,     7.2, 
1982,    -6.9, ,    -3.5, ,     2.0, ,     4.6, ,     9.7, ,    17.0, ,    16.8, ,    16.5, ,    12.9, ,     6.8, ,    -3.9, ,    -6.5, ,     5.5, ,    -5.1, ,     5.4, ,    16.8, ,     5.3, 
1983,    -1.7, ,      .7, ,     4.3, ,     6.3, ,    12.4, ,    14.2, ,    15.6, ,    18.1, ,    10.4, ,     6.5, ,     2.1, ,   -11.8, ,     6.4, ,    -2.5, ,     7.7, ,    16.0, ,     6.3, 
1984,    -3.4, ,      .5, ,     4.8, ,     5.4, ,     8.6, ,    13.8, ,    17.8, ,    17.4, ,    10.6, ,     4.6, ,     -.9, ,   -11.1, ,     5.7, ,    -4.9, ,     6.3, ,    16.3, ,     4.8, 
1985,    -6.8, ,    -4.6, ,     1.3, ,     6.5, ,    11.6, ,    14.3, ,    20.3, ,    16.6, ,    10.0, ,     6.0, ,   -10.6, ,    -9.0, ,     4.6, ,    -7.5, ,     6.5, ,    17.1, ,     1.8, 
1986,    -3.2, ,    -4.3, ,     4.3, ,     5.7, ,    11.4, ,    15.8, ,    15.3, ,    19.3, ,    11.2, ,     7.4, ,    -1.0, ,    -5.1, ,     6.4, ,    -5.5, ,     7.1, ,    16.8, ,     5.9, 
1987,    -5.4, ,    -2.2, ,     3.1, ,     8.6, ,    11.7, ,    16.9, ,    17.3, ,    16.8, ,    15.0, ,     8.1, ,     2.9, ,    -5.9, ,     7.2, ,    -4.2, ,     7.8, ,    17.0, ,     8.7, 
1988,    -8.2, ,    -2.0, ,     3.0, ,     8.1, ,    11.0, ,    14.5, ,    16.9, ,    16.9, ,    13.1, ,     9.3, ,     1.1, ,    -4.7, ,     6.6, ,    -5.4, ,     7.4, ,    16.1, ,     7.8, 
1989,    -5.7, ,    -9.2, ,      .9, ,     7.9, ,    10.6, ,    15.7, ,    17.6, ,    16.2, ,    13.3, ,     6.6, ,     2.1, ,    -2.7, ,     6.1, ,    -6.5, ,     6.5, ,    16.5, ,     7.3, 
1990,    -3.1, ,    -4.5, ,     3.2, ,     8.3, ,    10.2, ,    14.4, ,    19.1, ,    18.6, ,    15.1, ,     5.5, ,     1.0, ,   -10.2, ,     6.5, ,    -3.4, ,     7.2, ,    17.4, ,     7.2, 
1991,    -7.5,E,     2.2, ,     1.0, ,     6.6, ,    10.7, ,    13.2, ,    17.5, ,    18.1, ,    14.3, ,     5.7, ,     1.4, ,    -2.9, ,     6.7,E,    -5.2,E,     6.1, ,    16.3, ,     7.1, 
1992,    -2.7, ,      .6, ,     6.2, ,     8.1, ,    12.9, ,    18.0, ,    18.0, ,    18.0, ,    11.1, ,     7.4, ,      .3, ,    -9.3, ,     7.4, ,    -1.7, ,     9.1, ,    18.0, ,     6.3, 
1993,   -11.2, ,    -5.0, ,     3.1, ,     7.3, ,    14.9, ,    14.1, ,    15.2, ,    16.4, ,    13.5, ,     8.3, ,    -2.1, ,    -2.8, ,     6.0, ,    -8.5, ,     8.4, ,    15.2, ,     6.6, 
1994,     -.4, ,    -3.1, ,     4.7, ,     8.9, ,    12.5, ,    14.4, ,    19.9, ,    18.1, ,    15.5, ,     6.6, ,    -1.8, ,    -4.6, ,     7.6, ,    -2.1, ,     8.7, ,    17.5, ,     6.8, 
1995,    -6.5, ,     -.4, ,     2.7, ,     6.7, ,    12.7, ,    15.0, ,    17.5, ,    15.0, ,    15.1, ,     6.6, ,      .3, ,    -4.8, ,     6.7, ,    -3.8, ,     7.4, ,    15.8, ,     7.3, 
1996,    -8.6, ,    -4.3, ,      .9, ,     7.2, ,     8.8, ,    13.9, ,    18.7, ,    17.8, ,    11.9, ,     5.5, ,    -2.6, ,   -10.7, ,     4.9, ,    -5.9, ,     5.6, ,    16.8, ,     4.9, 
1997,    -5.5, ,    -3.4, ,     1.0, ,     5.9, ,    12.2, ,    13.9, ,    16.9, ,    18.6, ,    14.4, ,     6.4, ,     1.1, ,    -2.7, ,     6.6, ,    -6.5, ,     6.4, ,    16.5, ,     7.3, 
1998,    -6.6, ,      .8, ,     3.2, ,     7.3, ,    12.9, ,    15.4, ,    20.8, ,    19.3, ,    15.9, ,     7.3, ,     2.9, ,    -4.0, ,     7.9, ,    -2.8, ,     7.8, ,    18.5, ,     8.7, 
1999,    -2.0, ,     -.5, ,     2.6, ,     6.3, ,     9.2, ,    13.5, ,    16.7, ,    19.2, ,    12.8, ,     6.7, ,     2.2, ,    -1.0, ,     7.1, ,    -2.2, ,     6.0, ,    16.5, ,     7.2, 
2000,    -6.2, ,    -2.0, ,     3.4, ,     8.2, ,    10.1, ,    14.6, ,    17.2, ,    16.6, ,    12.5, ,     6.6, ,    -2.0, ,    -6.8, ,     6.0, ,    -3.1, ,     7.2, ,    16.1, ,     5.7, 
2001,    -3.1, ,    -4.4, ,     2.7, ,     6.3, ,    11.7, ,    13.1, ,    17.9, ,    18.7, ,    14.3, ,     5.6, ,     1.4, ,    -3.7, ,     6.7, ,    -4.8, ,     6.9, ,    16.6, ,     7.1, 
2002,    -3.4, ,    -2.6, ,    -1.9, ,     6.8, ,     9.8, ,    15.9, ,    19.0, ,    17.5, ,    13.3, ,     6.1, ,     1.4, ,    -2.2, ,     6.6, ,    -3.2, ,     4.9, ,    17.5, ,     6.9, 
2003, -9999.9,M,    -1.6, ,     2.2, ,     7.1, ,    10.6, ,    16.2, ,    20.1, ,    19.0, ,    14.9, ,     8.6, ,    -3.6, ,    -5.6, , -9999.9,M, -9999.9,M,     6.6, ,    18.4, ,     6.6, 
2004,    -5.9, ,    -1.9, ,     4.2, ,     8.6, ,    11.3, ,    16.6, ,    19.5, ,    19.8, ,    12.1, ,     7.1, ,     2.0, ,    -1.6, ,     7.7, ,    -4.5, ,     8.0, ,    18.6, ,     7.1, 
2005,    -7.2, ,    -1.5, ,     4.4, ,     7.7, ,    13.3, ,    13.8, ,    17.6, ,    18.2, ,    11.9, ,     7.6, ,     -.9, ,    -5.7, ,     6.6, ,    -3.4, ,     8.5, ,    16.5, ,     6.2, 
2006,     -.7, ,    -3.2, ,     2.0, ,     7.6, ,    11.7, ,    16.0, ,    20.2, ,    18.1, ,    14.6, ,     7.1, ,    -1.6, ,    -5.8, ,     7.2, ,    -3.2, ,     7.1, ,    18.1, ,     6.7, 
2007,    -7.1, ,     -.8, ,     4.1, ,     6.6, , -9999.9,M,    14.0, ,    19.7, ,    16.7, ,    12.3, ,     5.9, ,     -.8, ,    -5.6, , -9999.9,M,    -4.6, , -9999.9,M,    16.8, ,     5.8, 
2008,    -8.2, ,    -1.1, ,     2.1, ,     4.5, ,    12.3, ,    13.5, , -9999.9,M,    18.0, ,    13.2, ,     6.2, ,     1.5, ,    -9.7, , -9999.9,M,    -5.0, ,     6.3, , -9999.9,M,     7.0, 
2009, -9999.9,M,    -4.3, ,    -1.3, ,     6.4, ,    11.0, ,    16.1, ,    20.1, ,    18.5, ,    14.8, ,     5.1, ,     1.6, ,    -7.4, , -9999.9,M, -9999.9,M,     5.4, ,    18.2, ,     7.2, 
2010,    -2.5, ,     1.2, ,     3.9, ,     6.8, ,     9.4, ,    14.2, ,    18.1, ,    17.1, ,    13.0, ,     8.2, ,    -2.1, ,    -5.1, ,     6.9, ,    -2.9, ,     6.7, ,    16.5, ,     6.4, 
2011,    -4.7, ,    -5.5, ,     2.0, ,     4.4, ,     9.8, ,    13.8, ,    15.9, ,    17.3, ,    15.5, ,     6.7, ,    -1.8, ,    -4.2, ,     5.8, ,    -5.1, ,     5.4, ,    15.7, ,     6.8, 
2012,    -6.3, ,    -3.3, ,     1.2, ,     7.3, ,    10.4, ,    13.3, ,    19.4, ,    18.8, ,    14.7, ,     7.0, ,     1.6, ,    -3.8, ,     6.7, ,    -4.6, ,     6.3, ,    17.2, ,     7.8, 
