1192340,DEASE LAKE     ,BC, station not joined, Monthly mean of homogenized daily mean temperature                     , °C,          Updated to December 2012
1192340,DEASE LAKE     ,BC, station non-jointe, Moyenne mensuelle des températures homogénéisées moyennes quotidiennes , °C, Mise à jour jusqu à décembre 2012
Year,     Jan, ,     Feb, ,     Mar, ,     Apr, ,     May, ,     Jun, ,     Jul, ,     Aug, ,     Sep, ,     Oct, ,     Nov, ,     Dec, ,  Annual, ,  Winter, ,  Spring, ,  Summer, ,  Autumn
Year,    Janv, ,     Fév, ,    Mars, ,     Avr, ,     Mai, ,    Juin, ,    Juil, ,    Août, ,    Sept, ,     Oct, ,     Nov, ,     Déc, ,  Annuel, ,   Hiver, ,Printemp, ,     Eté, , Automne
1944, -9999.9,M, -9999.9,M, -9999.9,M, -9999.9,M, -9999.9,M, -9999.9,M, -9999.9,M, -9999.9,M, -9999.9,M,     3.1, ,    -7.0, ,   -10.6, , -9999.9,M, -9999.9,M, -9999.9,M, -9999.9,M, -9999.9,M
1945,   -13.3, ,    -9.9, ,    -3.9, ,    -2.9, ,     7.5, ,     9.5, ,    11.3, ,    12.0, ,     6.6, ,     1.1, ,   -10.9, ,   -18.8, ,    -1.0, ,   -11.3, ,      .2, ,    10.9, ,    -1.1, 
1946, -9999.9,M, -9999.9,M, -9999.9,M, -9999.9,M, -9999.9,M, -9999.9,M, -9999.9,M, -9999.9,M, -9999.9,M, -9999.9,M, -9999.9,M, -9999.9,M, -9999.9,M, -9999.9,M, -9999.9,M, -9999.9,M, -9999.9,M
1947,   -17.7, ,   -15.1, ,    -3.8, ,      .9, ,     7.1, ,    10.9, ,    12.9, ,    10.1, ,     8.7, ,     3.0, ,    -4.4, ,   -10.2, ,      .2, , -9999.9,M,     1.4, ,    11.3, ,     2.4, 
1948,   -10.5, ,   -18.7, ,   -10.1, ,    -4.7, ,     9.4, ,    13.4, ,    13.3, ,    11.5, ,     6.9, ,     2.1, ,    -7.3, ,   -19.7, ,    -1.2, ,   -13.1, ,    -1.8, ,    12.7, ,      .6, 
1949,   -15.3, ,   -20.2, ,    -4.6, ,     2.4, ,     6.1, ,     8.7, ,    11.9, ,    10.8, ,     8.8, ,     1.1, ,    -1.8, ,   -19.1, ,     -.9, ,   -18.4, ,     1.3, ,    10.5, ,     2.7, 
1950,   -28.0, ,   -17.7, ,    -7.1, ,    -1.5, ,     5.5, ,    13.9, ,    12.1, ,    11.1, ,     9.0, ,    -1.3, ,   -16.2, ,   -15.1, ,    -2.9, ,   -21.6, ,    -1.0, ,    12.4, ,    -2.8, 
1951,   -20.8, ,   -15.0, ,   -10.4, ,     1.0, ,     6.8, ,    10.3, ,    15.5, ,    11.9, ,     8.6, ,    -2.4, ,    -9.8, ,   -19.7, ,    -2.0, ,   -17.0, ,     -.9, ,    12.6, ,    -1.2, 
1952,   -23.7, ,   -12.3, ,    -7.2, ,     -.1, ,     6.5, ,    10.0, ,    12.9, ,    11.9, ,     7.7, ,     3.9, ,    -3.1, ,   -13.8, ,     -.6, ,   -18.6, ,     -.3, ,    11.6, ,     2.8, 
1953,   -24.0, ,    -7.4, ,    -7.9, ,      .6, ,     7.6, ,    11.5, ,    12.9, ,    12.3, ,     7.1, ,     3.3, ,    -7.9, ,   -11.3, ,     -.3, ,   -15.1, ,      .1, ,    12.2, ,      .8, 
1954,   -23.1, ,   -12.7, ,    -8.0, ,    -7.0, ,     6.9, ,    10.9, ,    11.6, ,    13.5, ,     8.3, ,     1.4, ,    -3.9, ,   -12.3, ,    -1.2, ,   -15.7, ,    -2.7, ,    12.0, ,     1.9, 
1955,   -12.9, ,   -13.0, ,   -10.4, ,      .1, ,     5.0, ,     9.8, ,    13.1, ,     9.9, ,     6.3, ,      .3, ,   -18.0, ,   -24.1, ,    -2.8, ,   -12.7, ,    -1.8, ,    10.9, ,    -3.8, 
1956,   -21.1, ,   -15.9, ,    -8.3, ,     1.0, ,     6.8, ,     9.1, ,    13.3, ,    12.6, ,     7.0, ,    -1.0, ,    -3.4, ,   -17.3, ,    -1.4, ,   -20.4, ,     -.2, ,    11.7, ,      .9, 
1957,   -21.7, ,   -13.7, ,    -5.9, ,     1.2, ,     8.0, ,    11.7, ,    12.1, ,    13.5, ,    10.3, ,     1.3, ,    -4.1, ,   -15.5, ,     -.2, ,   -17.6, ,     1.1, ,    12.4, ,     2.5, 
1958,   -12.7, ,   -16.7, ,    -7.0, ,     2.3, ,     8.1, ,    14.6, ,    15.2, ,    11.3, ,     6.2, ,     1.8, ,    -6.9, ,   -14.9, ,      .1, ,   -15.0, ,     1.1, ,    13.7, ,      .4, 
1959,   -24.4, ,   -11.7, ,    -4.1, ,      .9, ,     5.6, ,    11.0, ,    11.9, ,     9.5, ,     7.1, ,     -.7, ,    -7.1, ,    -7.9, ,     -.8, ,   -17.0, ,      .8, ,    10.8, ,     -.2, 
1960,   -16.4, ,   -10.2, ,    -8.8, ,     2.4, ,     6.6, ,     9.5, ,    12.0, ,    11.8, ,     7.4, ,     2.3, ,    -8.1, ,    -9.3, ,     -.1, ,   -11.5, ,      .1, ,    11.1, ,      .5, 
1961,   -15.4, ,   -12.6, ,    -5.7, ,     1.6, ,     5.8, ,    10.8, ,    14.0, ,    12.0, ,     6.5, ,     -.2, ,   -11.4, ,   -17.6, ,    -1.0, ,   -12.4, ,      .6, ,    12.3, ,    -1.7, 
1962,   -16.4, ,   -15.9, ,    -9.1, ,      .5, ,     4.8, ,     8.8, ,    13.0, ,    11.5, ,     6.5, ,     2.3, ,    -5.4, ,   -13.0, ,    -1.0, ,   -16.6, ,    -1.3, ,    11.1, ,     1.1, 
1963,   -13.2, ,    -9.8, ,    -8.1, ,     -.5, ,     6.4, ,     8.8, ,    12.2, ,    14.1, ,     9.3, ,     3.0, ,   -12.8, ,   -13.0, ,     -.3, ,   -12.0, ,     -.7, ,    11.7, ,     -.2, 
1964,   -15.8, ,    -4.9, ,   -10.3, ,     -.6, ,     4.8, ,    11.1, ,    11.7, ,    10.7, ,     6.2, ,     2.2, ,    -9.0, ,   -22.0, ,    -1.3, ,   -11.2, ,    -2.0, ,    11.2, ,     -.2, 
1965,   -17.1, ,   -15.6, ,    -7.2, ,     -.3, ,     4.7, ,     8.6, ,    13.8, ,    12.6, ,     7.7, ,     2.3, ,   -11.5, ,   -15.3, ,    -1.4, ,   -18.2, ,     -.9, ,    11.7, ,     -.5, 
1966,   -29.0, ,   -12.5, ,    -6.0, ,     -.2, ,     5.0, ,    10.5, ,    13.6, ,    10.5, ,     6.8, ,     -.6, ,   -13.9, ,   -15.3, ,    -2.6, ,   -18.9, ,     -.4, ,    11.5, ,    -2.6, 
1967,   -19.9, ,   -12.4, ,   -12.4, ,    -1.1, ,     5.7, ,    12.7, ,    11.1, ,    12.0, ,     7.5, ,     1.5, ,    -7.6, ,   -15.4, ,    -1.5, ,   -15.9, ,    -2.6, ,    11.9, ,      .5, 
1968,   -21.7, ,   -13.1, ,    -4.4, ,    -1.4, ,     6.3, ,     9.5, ,    12.5, ,    10.8, ,     6.0, ,      .9, ,    -6.8, ,   -24.1, ,    -2.1, ,   -16.7, ,      .2, ,    10.9, ,      .0, 
1969,   -30.9, ,   -17.0, ,    -5.5, ,     2.1, ,     7.0, ,    14.1, ,    11.0, ,     9.0, ,     6.8, ,     1.2, ,    -7.2, ,   -11.6, ,    -1.8, ,   -24.0, ,     1.2, ,    11.4, ,      .3, 
1970,   -19.0, ,    -8.1, ,    -3.8, ,      .6, ,     5.6, ,    10.1, ,    10.2, ,    10.1, ,     5.6, ,     1.4, ,   -11.3, ,   -19.7, ,    -1.5, ,   -12.9, ,      .8, ,    10.1, ,    -1.4, 
1971,   -24.0, ,   -10.0, ,    -8.2, ,     -.4, ,     5.0, ,    10.6, ,    14.1, ,    12.3, ,     6.5, ,     -.4, ,    -8.7, ,   -19.7, ,    -1.9, ,   -17.9, ,    -1.2, ,    12.3, ,     -.9, 
1972,   -23.2, ,   -19.8, ,    -8.5, ,    -4.1, ,     5.7, ,     8.9, ,    12.5, ,    12.0, ,     5.4, ,     -.2, ,    -7.6, ,   -19.3, ,    -3.2, ,   -20.9, ,    -2.3, ,    11.1, ,     -.8, 
1973,   -18.5, ,   -14.4, ,    -5.5, ,     1.0, ,     6.2, ,     9.7, ,    11.2, ,     9.7, ,     6.3, ,      .2, ,   -17.4, ,   -16.2, ,    -2.3, ,   -17.4, ,      .6, ,    10.2, ,    -3.6, 
1974,   -23.8, ,   -11.6, ,   -11.2, ,      .6, ,     5.0, ,     8.3, ,    10.3, ,    12.0, ,     7.4, ,     2.9, ,    -5.4, ,    -9.1, ,    -1.2, ,   -17.2, ,    -1.9, ,    10.2, ,     1.6, 
1975,   -16.6, ,   -16.0, ,    -8.4, ,      .6, ,     6.0, ,     9.3, ,    13.0, ,    10.7, ,     8.5, ,     1.0, ,   -11.1, ,   -17.1, ,    -1.7, ,   -13.9, ,     -.6, ,    11.0, ,     -.5, 
1976,   -13.8, ,   -14.5, ,    -6.1, ,     1.6, ,     5.6, ,     9.6, ,    10.6, ,    11.3, ,     8.0, ,     1.1, ,    -4.3, ,   -12.5, ,     -.3, ,   -15.1, ,      .4, ,    10.5, ,     1.6, 
1977,   -10.1, ,    -3.3, ,    -5.4, ,     2.2, ,     6.3, ,    10.1, ,    12.4, ,    13.8, ,     6.9, ,     1.6, ,   -11.6, ,   -23.0, ,      .0, ,    -8.6, ,     1.0, ,    12.1, ,    -1.0, 
1978,   -19.2, ,   -11.9, ,    -6.9, ,     1.3, ,     5.9, ,    11.2, ,    13.6, ,    12.1, ,     7.0, ,     2.8, ,    -9.8, ,   -15.9, ,     -.8, ,   -18.0, ,      .1, ,    12.3, ,      .0, 
1979,   -21.5, ,   -24.4, ,    -4.2, ,      .7, ,     5.2, ,     9.0, ,    13.1, ,    13.2, ,     7.9, ,     2.4, ,    -5.4, ,   -13.2, ,    -1.4, ,   -20.6, ,      .6, ,    11.8, ,     1.6, 
1980,   -21.2, ,   -10.4, ,    -7.4, ,     2.3, ,     6.6, ,    12.5, ,    12.2, ,    10.1, ,     6.0, ,     2.8, ,    -3.4, ,   -22.0, ,    -1.0, ,   -14.9, ,      .5, ,    11.6, ,     1.8, 
1981,    -7.5, ,    -9.9, ,    -2.1, ,    -2.0, ,     7.7, ,     9.0, ,    13.1, ,    12.7, ,     7.1, ,     1.8, ,    -5.6, ,   -17.7, ,      .6, ,   -13.1, ,     1.2, ,    11.6, ,     1.1, 
1982,   -27.4, ,   -16.2, ,    -6.7, ,    -2.0, ,     5.0, ,    12.6, ,    13.9, ,    11.2, ,     8.3, ,     1.4, ,   -12.4, ,   -15.6, ,    -2.3, ,   -20.4, ,    -1.2, ,    12.6, ,     -.9, 
1983,   -15.1, ,   -12.9, ,    -7.3, ,     2.0, ,     7.4, ,    11.2, ,    12.2, ,    10.3, ,     5.8, ,     1.3, ,    -9.9, ,   -23.1, ,    -1.5, ,   -14.5, ,      .7, ,    11.2, ,     -.9, 
1984,   -11.8, ,    -6.8, ,    -1.8, ,     2.1, ,     6.0, ,     9.7, ,    11.5, ,    11.4, ,     6.4, ,    -1.3, ,   -12.6, ,   -19.6, ,     -.6, ,   -13.9, ,     2.1, ,    10.9, ,    -2.5, 
1985,    -7.0, ,   -12.6, ,    -5.5, ,     -.4, ,     6.1, ,     9.0, ,    12.8, ,    10.5, ,     7.3, ,     -.7, ,   -18.5, ,   -10.2, ,     -.8, ,   -13.1, ,      .1, ,    10.8, ,    -4.0, 
1986,   -11.6, ,   -14.9, ,    -3.6, ,    -1.8, ,     5.0, ,    10.1, ,    13.2, ,    10.5, ,     6.5, ,     2.8, ,   -11.1, ,    -9.3, ,     -.4, ,   -12.2, ,     -.1, ,    11.3, ,     -.6, 
1987,   -12.2, ,    -9.1, ,    -8.6, ,     1.3, ,     5.7, ,     9.4, ,    14.2, ,    11.0, ,     7.5, ,     2.0, ,    -4.1, ,   -10.2, ,      .6, ,   -10.2, ,     -.5, ,    11.5, ,     1.8, 
1988,   -18.4, ,    -9.7, ,    -2.3, ,     2.3, ,     6.8, ,    10.0, ,    11.1, ,    10.9, ,     6.2, ,     2.2, ,    -8.0, ,   -13.7, ,     -.2, ,   -12.8, ,     2.3, ,    10.7, ,      .1, 
1989,   -15.1, ,   -16.7, ,   -10.5, ,     2.2, ,     7.8, ,    11.9, ,    14.6, ,    13.9, ,     8.5, ,      .6, ,    -9.3, ,    -9.4, ,     -.1, ,   -15.2, ,     -.2, ,    13.5, ,     -.1, 
1990,   -17.3, ,   -15.1, ,    -3.6, ,     1.5, ,     7.5, ,    11.4, ,    14.0, ,    12.8, ,     8.2, ,     -.4, ,   -14.6, ,   -17.5, ,    -1.1, ,   -13.9, ,     1.8, ,    12.7, ,    -2.3, 
1991,   -18.9, ,    -6.1, ,    -6.2, ,     2.4, ,     7.6, ,    11.8, ,    12.3, ,    11.8, ,     8.2, ,    -2.0, ,    -8.2, ,   -11.0, ,      .1, ,   -14.2, ,     1.3, ,    12.0, ,     -.7, 
1992,   -10.1, ,   -11.6, ,    -3.0, ,      .9, ,     5.1, ,    12.3, ,    13.4, ,    11.1, ,     4.3, ,     -.8, ,    -6.2, ,   -20.6, ,     -.4, ,   -10.9, ,     1.0, ,    12.3, ,     -.9, 
1993,   -17.5, ,   -13.1, ,    -5.2, ,     3.8, ,     9.7, ,    11.6, ,    12.7,E,    11.8,E,     8.0,E,     3.7,E,    -4.9,E,   -10.4,E,      .9,E,   -17.1, ,     2.8, ,    12.0,E,     2.3,E
1994,   -17.3, ,   -21.8, ,    -1.8, ,     2.9, ,     6.8,E,    10.6,E,    13.7,E,    14.6,E,     6.5,E,     2.4,E,    -9.7, ,   -16.1,E,     -.8,E,   -16.5,E,     2.6,E,    13.0,E,     -.3,E
1995,   -17.4, ,   -12.5, ,    -6.5, ,     2.9, ,     9.4, ,    12.4, ,    12.8, ,    10.3, ,    10.2, ,     1.9, ,   -10.8, ,   -17.1, ,     -.4, ,   -15.3,E,     1.9, ,    11.8, ,      .4, 
1996,   -28.1, ,   -10.0, ,    -8.1, ,      .2, ,     5.2, ,    10.3, ,    12.6, ,    11.1, ,     6.0, ,    -1.2, ,   -13.1, ,   -21.1, ,    -3.0, ,   -18.4, ,     -.9, ,    11.3, ,    -2.8, 
1997,   -20.2, ,    -8.0, ,    -8.6, ,     1.9, ,     8.0, ,    11.5, ,    13.2, ,    13.1, ,     8.6, ,     -.1, ,    -5.8, ,    -6.3, ,      .6, ,   -16.4, ,      .4, ,    12.6, ,      .9, 
1998,   -21.4, ,    -8.9, ,    -5.3, ,     2.1, ,    10.0, ,    13.4, ,    14.3, ,    11.4, ,     6.8, ,     1.5, ,    -8.9, ,   -16.2, ,     -.1, ,   -12.2, ,     2.3, ,    13.0, ,     -.2, 
1999,   -19.2, ,   -13.1, ,    -6.1, ,     1.5, ,     4.8, ,    11.4, ,    12.6, ,    12.2, ,     7.3, ,     2.6, ,    -7.0, ,    -8.7, ,     -.1, ,   -16.2, ,      .1, ,    12.1, ,     1.0, 
2000,   -18.5, ,   -10.3, ,    -3.9, ,      .6, ,     5.5, ,    10.8, ,    13.2, ,    11.0, ,     7.6, ,      .8, ,    -5.6, ,   -14.3, ,     -.3, ,   -12.5, ,      .7, ,    11.7, ,      .9, 
2001,    -7.7, ,   -12.6, ,    -6.6, ,      .8, ,     5.7, ,    10.0, ,    12.3, ,    12.7, ,     7.7, ,      .4, ,    -9.1, ,   -16.4, ,     -.2, ,   -11.5, ,      .0, ,    11.7, ,     -.3, 
2002,   -13.6, ,   -10.2, ,   -11.5, ,    -3.1,E,     5.1, ,    11.0, ,    10.9,E,    10.7,E,     6.5,E,     2.7, ,    -4.4,E,   -10.8,E,     -.6,E,   -13.4, ,    -3.2,E,    10.9,E,     1.6,E
2003,   -14.1, ,   -11.7,E,    -8.4, ,      .3,E,     5.6, ,    10.1,E,    13.6,E,    10.9,E,     7.2,E,     2.8, ,    -8.7, ,   -11.1,E,     -.3,E,   -12.2,E,     -.8,E,    11.5,E,      .4,E
2004,   -19.7,E,    -6.8,E,    -4.7,E,     2.3, ,     8.0,E,    14.1,E, -9999.9,M,    13.7,E,     6.0,E,     1.1,E,    -5.3, ,   -10.8,E, -9999.9,M,   -12.5,E,     1.9,E, -9999.9,M,      .6,E
2005, -9999.9,M,    -8.6, ,    -2.7,E,     2.7,E,     9.2, ,    11.7, ,    12.2,E,    12.3,E,     7.3,E,     1.7, ,    -3.8, , -9999.9,M, -9999.9,M, -9999.9,M,     3.1,E,    12.1,E,     1.7,E
2006,   -15.2, ,   -13.5, ,    -8.8, ,     1.2,E,     5.7, ,    11.3, ,    12.8, ,    10.4, ,     8.3, ,      .9, ,   -17.2, ,    -9.5, ,    -1.1,E, -9999.9,M,     -.6,E,    11.5, ,    -2.7, 
2007,   -10.7, ,   -14.7, , -9999.9,M, -9999.9,M,     6.7, , -9999.9,M, -9999.9,M,    12.0,E,     6.9, ,     1.2, ,    -8.4, ,   -17.4,E, -9999.9,M,   -11.6, , -9999.9,M, -9999.9,M,     -.1, 
2008,   -17.1, ,   -13.7, ,    -5.2, ,     -.6, ,     7.6, ,     9.4, ,    11.7, ,    11.8, ,     7.6,E,     1.4, ,    -7.1,E,   -20.9, ,    -1.3,E,   -16.1,E,      .6, ,    11.0, ,      .6,E
2009,   -17.6, ,   -14.2, ,   -10.4, ,      .7, ,     5.8,E,    12.0, ,    15.2, ,    12.2, ,     8.0, ,      .4, ,    -7.9, ,   -17.9, ,    -1.1,E,   -17.6, ,    -1.3,E,    13.1, ,      .2, 
2010,   -16.0, ,    -7.1, ,    -2.3, ,     2.1, ,     7.7, ,    10.8,E,    13.0, ,    13.3, ,     7.4, ,     1.7, ,    -7.9,E,   -19.9, ,      .2,E,   -13.7, ,     2.5, ,    12.4,E,      .4,E
2011,   -14.5, ,   -13.8, ,   -10.4, ,     -.2, ,     8.1, ,    11.3, ,    12.6, ,    10.3, ,     7.3, ,     1.2, ,   -11.3, , -9999.9,M, -9999.9,M,   -16.1, ,     -.8, ,    11.4, ,     -.9, 
