1200560,ATLIN          ,BC, station not joined, Monthly mean of homogenized daily mean temperature                     , °C,          Updated to December 2012
1200560,ATLIN          ,BC, station non-jointe, Moyenne mensuelle des températures homogénéisées moyennes quotidiennes , °C, Mise à jour jusqu à décembre 2012
Year,     Jan, ,     Feb, ,     Mar, ,     Apr, ,     May, ,     Jun, ,     Jul, ,     Aug, ,     Sep, ,     Oct, ,     Nov, ,     Dec, ,  Annual, ,  Winter, ,  Spring, ,  Summer, ,  Autumn
Year,    Janv, ,     Fév, ,    Mars, ,     Avr, ,     Mai, ,    Juin, ,    Juil, ,    Août, ,    Sept, ,     Oct, ,     Nov, ,     Déc, ,  Annuel, ,   Hiver, ,Printemp, ,     Eté, , Automne
1905, -9999.9,M, -9999.9,M, -9999.9,M, -9999.9,M, -9999.9,M, -9999.9,M, -9999.9,M,    10.4, ,     5.9, ,     1.5, ,     -.7, ,    -6.5, , -9999.9,M, -9999.9,M, -9999.9,M, -9999.9,M,     2.2, 
1906,   -16.6, ,   -17.4, ,    -5.9, ,     2.1, ,     7.3, ,     9.6, ,    12.0, ,    10.8, ,     6.1, ,     3.3, ,    -4.8, ,   -17.8, ,     -.9, ,   -13.5, ,     1.2, ,    10.8, ,     1.5, 
1907,   -23.0, ,   -18.5, ,   -12.1, ,     -.3, ,     8.0, ,    10.2, ,    12.8, ,    11.1, ,     7.4, ,     3.7, , -9999.9,M, -9999.9,M, -9999.9,M,   -19.8, ,    -1.5, ,    11.4, , -9999.9,M
1908,    -8.7, ,   -11.8, ,    -9.9, ,      .0, ,     5.9, ,    10.6, ,    11.8, ,    11.3, ,     5.2, ,    -1.5, ,    -3.7, ,    -7.5, ,      .1, , -9999.9,M,    -1.3, ,    11.2, ,      .0, 
1909,   -28.1, ,   -19.3, ,    -4.6, , -9999.9,M,     6.1, ,    10.1, ,    11.5, ,     9.9, ,     6.6, ,      .4, ,   -14.7, ,   -13.1, , -9999.9,M,   -18.3, , -9999.9,M,    10.5, ,    -2.6, 
1910,   -11.5, ,   -19.6, ,    -6.1, ,    -1.6, ,     5.8, ,     8.6, ,    11.4, ,     9.8, ,     8.0, ,     2.5, ,    -7.8, ,   -13.5, ,    -1.2, ,   -14.7, ,     -.6, ,     9.9, ,      .9, 
1911,   -22.6, ,   -12.1, ,    -9.7, ,    -3.2, ,     5.1, ,     9.3, ,    11.7, ,    12.2, ,     7.9, ,     2.8, ,    -7.6, ,    -7.0, ,    -1.1, ,   -16.1, ,    -2.6, ,    11.1, ,     1.0, 
1912,   -18.1, ,    -7.6, ,    -6.4, ,     1.1, ,     7.8, ,     8.8, ,    12.0, ,     9.7, ,     8.1, ,     3.2, ,    -4.0, ,    -5.6, ,      .8, ,   -10.9, ,      .8, ,    10.2, ,     2.4, 
1913,   -18.4, ,    -9.3, ,    -7.0, ,     -.2, ,     5.2, ,    11.2, ,    11.3, ,     9.8, ,     6.7, ,      .3, ,    -4.6, ,    -6.4, ,     -.1, ,   -11.1, ,     -.7, ,    10.8, ,      .8, 
1914,   -20.9, ,   -10.9, ,    -5.9, ,     -.1, ,     5.9, ,    10.1, ,    10.1, ,    10.7, ,     5.6, ,     3.9, ,    -4.6, ,   -12.1, ,     -.7, ,   -12.7, ,      .0, ,    10.3, ,     1.6, 
1915,    -9.4, ,   -13.8, ,     -.6, ,     3.3, ,     8.4, ,    11.9, ,    15.6, ,    12.4, ,     8.8, ,      .0, ,    -3.8, ,    -6.9, ,     2.2, ,   -11.8, ,     3.7, ,    13.3, ,     1.7, 
1916,   -22.1, ,   -11.0, ,   -11.6, ,     1.7, ,     5.7, ,    10.6, ,    12.0, ,    11.8, ,     8.1, ,     3.7, ,    -4.2, ,   -13.8, ,     -.8, ,   -13.3, ,    -1.4, ,    11.5, ,     2.5, 
1917,   -16.7, ,   -13.3, ,    -6.8, ,      .0, ,     6.1, ,     9.8, ,    10.5, ,    11.5, ,     8.3, ,     1.7, ,    -4.0, ,   -29.0, ,    -1.8, ,   -14.6, ,     -.2, ,    10.6, ,     2.0, 
1918,   -16.5, ,   -16.8, ,   -14.1, ,    -1.4, ,     5.1, ,    10.3, ,    14.4, ,    11.6, ,     9.2, ,     1.0, ,    -2.9, ,    -8.6, ,     -.7, ,   -20.8, ,    -3.5, ,    12.1, ,     2.4, 
1919,   -10.6, ,   -16.1, ,   -13.5, ,     2.0, ,     4.9, ,     9.0, ,    11.5, ,    12.4, ,     8.9, ,    -1.0, ,    -9.5, ,   -11.8, ,    -1.2, ,   -11.8, ,    -2.2, ,    11.0, ,     -.5, 
1920,   -22.0, ,    -5.7, ,    -9.1, ,    -3.7, ,     4.3, ,     9.7, ,    13.9, ,    10.5, ,     6.3, ,      .1, ,    -4.0, ,   -11.8, ,    -1.0, ,   -13.2, ,    -2.8, ,    11.4, ,      .8, 
1921,   -18.4, ,   -13.6, ,    -9.5, ,     1.1, ,     5.5, ,    10.9, ,    11.1, ,    10.8, ,     7.2, ,     3.4, ,    -9.4, ,    -5.8, ,     -.6, ,   -14.6, ,    -1.0, ,    10.9, ,      .4, 
1922,    -9.8, ,   -18.4, ,    -9.3, ,      .9, ,     5.8, ,    10.5, ,    12.0, ,    11.4, ,     6.5, ,     3.4, ,    -2.5, ,   -16.1, ,     -.5, ,   -11.3, ,     -.9, ,    11.3, ,     2.5, 
1923,   -19.3, ,    -7.8, ,    -7.4, ,     1.0, ,     6.4, ,    12.3, ,    15.0, ,    14.2, ,     7.9, ,     3.9, ,    -1.1, ,    -8.1, ,     1.4, ,   -14.4, ,      .0, ,    13.8, ,     3.6, 
1924,   -13.1, ,   -12.7, ,    -3.4, ,    -1.1, ,     6.5, ,    11.2, ,    11.6, ,    11.5, ,     6.3, ,     2.3, ,    -3.4, ,   -17.1, ,     -.1, ,   -11.3, ,      .7, ,    11.4, ,     1.7, 
1925,   -23.4, ,   -18.4, ,    -7.6, ,     -.8, ,     6.9, ,    10.2, ,    12.2, ,    11.4, ,     8.2, ,     4.2, ,     -.9, ,    -4.2, ,     -.2, ,   -19.6, ,     -.5, ,    11.3, ,     3.8, 
1926,    -2.8, ,    -7.4, ,      .0, ,     2.7, ,     6.6, ,    12.0, ,    12.5, ,    12.9, ,     7.4, ,     3.6, ,    -5.7, ,    -8.5, ,     2.8, ,    -4.8, ,     3.1, ,    12.5, ,     1.8, 
1927,   -15.8, ,   -11.0, ,    -4.6, ,    -4.3, ,     5.7, ,    11.6, ,    14.8, ,    13.9, ,     8.1, ,     1.6, ,   -13.3, ,   -17.1, ,     -.9, ,   -11.8, ,    -1.1, ,    13.4, ,    -1.2, 
1928,   -15.5, ,    -8.9, ,    -7.5, ,    -2.3, ,     4.9, ,    11.1, ,    12.4, ,    10.3, ,     7.6, ,     1.6, ,    -1.2, ,    -5.0, ,      .6, ,   -13.8, ,    -1.6, ,    11.3, ,     2.7, 
1929,   -10.3, ,    -8.6, ,    -4.2, ,    -1.4, ,     5.5, ,    11.0, ,    11.9, ,    12.2, ,    10.2, ,     4.9, ,     -.4, ,   -11.6, ,     1.6, ,    -8.0, ,      .0, ,    11.7, ,     4.9, 
1930,   -22.3, ,   -15.0, ,    -6.8, ,      .7, ,     5.8, ,    10.1, ,    12.5, ,    12.5, ,     8.9, ,     -.3, ,    -3.2, ,    -1.3, ,      .1, ,   -16.3, ,     -.1, ,    11.7, ,     1.8, 
1931,    -4.9, ,    -4.5, ,    -8.3, ,     2.0, ,     5.3, ,    11.1, ,    12.4, ,    11.7, ,     7.7, ,     2.3, ,    -5.3, ,   -10.4, ,     1.6, ,    -3.6, ,     -.3, ,    11.7, ,     1.6, 
1932,   -17.0, ,   -16.9, ,    -9.6, ,     1.4, ,     5.5, ,     8.3, ,    11.3, ,    13.2, ,     7.5, ,     3.0, ,    -9.4, ,   -18.2, ,    -1.7, ,   -14.8, ,     -.9, ,    10.9, ,      .4, 
1933,   -20.8, ,   -15.6, ,    -8.8, ,     -.3, ,     6.7, ,     9.7, ,    11.1, ,    12.2, ,     6.9, , -9999.9,M,    -1.7, ,   -26.9, , -9999.9,M,   -18.2, ,     -.8, ,    11.0, , -9999.9,M
1934,   -18.3, ,    -4.6, ,    -5.1, ,     3.0, ,     6.8, ,    10.5, ,    13.3, ,    12.4, ,     7.6, ,     3.1, ,    -4.9, ,   -12.3, ,     1.0, ,   -16.6, ,     1.6, ,    12.1, ,     1.9, 
1935,   -20.3, ,    -4.7, ,   -11.2, ,      .5, ,     4.9, ,     9.6, ,    12.0, ,    10.3, ,     8.0, ,     -.4, ,    -6.6, ,    -9.6, ,     -.6, ,   -12.4, ,    -1.9, ,    10.6, ,      .3, 
1936,   -19.9, ,   -28.9, ,    -5.6, ,     1.7, ,     7.0, ,    14.2, ,    12.8, ,    13.2, ,     6.8, ,     6.4, ,     1.9, ,   -12.0, ,     -.2, ,   -19.5, ,     1.0, ,    13.4, ,     5.0, 
1937,   -11.0, ,   -12.6, ,    -4.7, ,      .3, ,     5.5, ,     9.8, ,     8.5, ,     9.1, ,     9.0, ,     4.2, ,    -6.1, ,   -14.2, ,     -.2, ,   -11.9, ,      .4, ,     9.1, ,     2.4, 
1938,   -14.4, ,   -17.1, ,    -5.8, ,     1.4, ,     5.8, ,     8.8, ,    10.6, ,    11.9, ,    10.8, ,     5.0, ,    -2.0, ,    -8.4, ,      .6, ,   -15.2, ,      .5, ,    10.4, ,     4.6, 
1939,    -9.5, ,   -13.8, ,    -9.0, ,     -.6, ,     5.9, ,    10.5, ,    12.7, ,    11.2, ,     7.6, , -9999.9,M,    -3.2, ,    -2.9, , -9999.9,M,   -10.6, ,    -1.2, ,    11.5, , -9999.9,M
1940,   -11.8, ,   -13.8, ,    -6.3, ,     1.8, ,     6.1, ,     9.8, ,    14.0, ,    11.7, ,     9.4, ,     3.6, ,    -7.4, ,    -6.6, ,      .9, ,    -9.5, ,      .5, ,    11.8, ,     1.9, 
1941,   -16.7, ,   -11.8, ,    -1.7, ,     4.0, ,     7.1, ,    12.0, ,    13.1, ,    14.2, ,     7.7, ,     2.2, ,    -5.1, ,   -12.6, ,     1.0, ,   -11.7, ,     3.1, ,    13.1, ,     1.6, 
1942,    -4.9, ,    -8.0, ,    -5.6, ,     1.8, ,     8.8, ,    11.3, ,    12.8, ,    12.5, ,     9.6, ,     3.9, ,    -9.8, ,   -17.8, ,     1.2, ,    -8.5, ,     1.7, ,    12.2, ,     1.2, 
1943,   -18.6, ,   -10.9, ,    -9.1, ,     2.0, ,     5.2, ,    10.8, ,    10.9, ,    11.6, ,     7.8, ,     3.0, ,     -.1, ,     -.9, ,     1.0, ,   -15.8, ,     -.6, ,    11.1, ,     3.6, 
1944,    -4.4, ,    -7.9, ,    -5.0, ,      .8, ,     7.0, ,    11.9, ,    12.9, ,    11.3, ,     8.3, ,     4.0, ,    -5.6, ,    -6.4, ,     2.2, ,    -4.4, ,      .9, ,    12.0, ,     2.2, 
1945,    -7.9, ,    -9.5, ,    -3.5, ,    -1.9, ,     7.5, ,     9.6, ,    11.0, ,    12.0, ,     7.1, ,     2.4, ,   -10.8, ,   -10.3, ,      .5, ,    -7.9, ,      .7, ,    10.9, ,     -.4, 
1946,   -10.9, ,    -9.0, ,    -3.3, ,     1.6, , -9999.9,M,    13.2, ,    12.0, ,    10.6, ,     8.5, , -9999.9,M, -9999.9,M, -9999.9,M, -9999.9,M,   -10.1, , -9999.9,M,    11.9, , -9999.9,M
1947, -9999.9,M, -9999.9,M, -9999.9,M, -9999.9,M, -9999.9,M, -9999.9,M, -9999.9,M, -9999.9,M, -9999.9,M, -9999.9,M, -9999.9,M, -9999.9,M, -9999.9,M, -9999.9,M, -9999.9,M, -9999.9,M, -9999.9,M
1948, -9999.9,M, -9999.9,M, -9999.9,M, -9999.9,M, -9999.9,M, -9999.9,M, -9999.9,M, -9999.9,M, -9999.9,M, -9999.9,M, -9999.9,M, -9999.9,M, -9999.9,M, -9999.9,M, -9999.9,M, -9999.9,M, -9999.9,M
1949, -9999.9,M, -9999.9,M, -9999.9,M, -9999.9,M, -9999.9,M, -9999.9,M, -9999.9,M, -9999.9,M, -9999.9,M, -9999.9,M, -9999.9,M, -9999.9,M, -9999.9,M, -9999.9,M, -9999.9,M, -9999.9,M, -9999.9,M
1950, -9999.9,M, -9999.9,M, -9999.9,M, -9999.9,M, -9999.9,M, -9999.9,M, -9999.9,M, -9999.9,M, -9999.9,M, -9999.9,M, -9999.9,M, -9999.9,M, -9999.9,M, -9999.9,M, -9999.9,M, -9999.9,M, -9999.9,M
1951, -9999.9,M, -9999.9,M, -9999.9,M, -9999.9,M, -9999.9,M, -9999.9,M, -9999.9,M, -9999.9,M, -9999.9,M, -9999.9,M, -9999.9,M, -9999.9,M, -9999.9,M, -9999.9,M, -9999.9,M, -9999.9,M, -9999.9,M
1952, -9999.9,M, -9999.9,M, -9999.9,M, -9999.9,M, -9999.9,M, -9999.9,M, -9999.9,M, -9999.9,M, -9999.9,M, -9999.9,M, -9999.9,M, -9999.9,M, -9999.9,M, -9999.9,M, -9999.9,M, -9999.9,M, -9999.9,M
1953, -9999.9,M, -9999.9,M, -9999.9,M, -9999.9,M, -9999.9,M, -9999.9,M, -9999.9,M, -9999.9,M, -9999.9,M, -9999.9,M, -9999.9,M, -9999.9,M, -9999.9,M, -9999.9,M, -9999.9,M, -9999.9,M, -9999.9,M
1954, -9999.9,M, -9999.9,M, -9999.9,M, -9999.9,M, -9999.9,M, -9999.9,M, -9999.9,M, -9999.9,M, -9999.9,M, -9999.9,M, -9999.9,M, -9999.9,M, -9999.9,M, -9999.9,M, -9999.9,M, -9999.9,M, -9999.9,M
1955, -9999.9,M, -9999.9,M, -9999.9,M, -9999.9,M, -9999.9,M, -9999.9,M, -9999.9,M, -9999.9,M, -9999.9,M, -9999.9,M, -9999.9,M, -9999.9,M, -9999.9,M, -9999.9,M, -9999.9,M, -9999.9,M, -9999.9,M
1956, -9999.9,M, -9999.9,M, -9999.9,M, -9999.9,M, -9999.9,M, -9999.9,M, -9999.9,M, -9999.9,M, -9999.9,M, -9999.9,M, -9999.9,M, -9999.9,M, -9999.9,M, -9999.9,M, -9999.9,M, -9999.9,M, -9999.9,M
1957, -9999.9,M, -9999.9,M, -9999.9,M, -9999.9,M, -9999.9,M, -9999.9,M, -9999.9,M, -9999.9,M, -9999.9,M, -9999.9,M, -9999.9,M, -9999.9,M, -9999.9,M, -9999.9,M, -9999.9,M, -9999.9,M, -9999.9,M
1958, -9999.9,M, -9999.9,M, -9999.9,M, -9999.9,M, -9999.9,M, -9999.9,M, -9999.9,M, -9999.9,M, -9999.9,M, -9999.9,M, -9999.9,M, -9999.9,M, -9999.9,M, -9999.9,M, -9999.9,M, -9999.9,M, -9999.9,M
1959, -9999.9,M, -9999.9,M, -9999.9,M, -9999.9,M, -9999.9,M, -9999.9,M, -9999.9,M, -9999.9,M, -9999.9,M, -9999.9,M, -9999.9,M, -9999.9,M, -9999.9,M, -9999.9,M, -9999.9,M, -9999.9,M, -9999.9,M
1960, -9999.9,M, -9999.9,M, -9999.9,M, -9999.9,M, -9999.9,M, -9999.9,M, -9999.9,M, -9999.9,M, -9999.9,M, -9999.9,M, -9999.9,M, -9999.9,M, -9999.9,M, -9999.9,M, -9999.9,M, -9999.9,M, -9999.9,M
1961, -9999.9,M, -9999.9,M, -9999.9,M, -9999.9,M, -9999.9,M, -9999.9,M, -9999.9,M, -9999.9,M, -9999.9,M, -9999.9,M, -9999.9,M, -9999.9,M, -9999.9,M, -9999.9,M, -9999.9,M, -9999.9,M, -9999.9,M
1962, -9999.9,M, -9999.9,M, -9999.9,M, -9999.9,M, -9999.9,M, -9999.9,M, -9999.9,M, -9999.9,M, -9999.9,M, -9999.9,M, -9999.9,M, -9999.9,M, -9999.9,M, -9999.9,M, -9999.9,M, -9999.9,M, -9999.9,M
1963, -9999.9,M, -9999.9,M, -9999.9,M, -9999.9,M, -9999.9,M, -9999.9,M, -9999.9,M, -9999.9,M, -9999.9,M, -9999.9,M, -9999.9,M, -9999.9,M, -9999.9,M, -9999.9,M, -9999.9,M, -9999.9,M, -9999.9,M
1964,   -14.1, ,    -4.1, ,   -11.3, ,     -.4, ,     3.9, ,    11.3, , -9999.9,M, -9999.9,M, -9999.9,M, -9999.9,M, -9999.9,M, -9999.9,M, -9999.9,M, -9999.9,M,    -2.6, , -9999.9,M, -9999.9,M
1965, -9999.9,M, -9999.9,M, -9999.9,M, -9999.9,M, -9999.9,M, -9999.9,M, -9999.9,M, -9999.9,M, -9999.9,M, -9999.9,M, -9999.9,M, -9999.9,M, -9999.9,M, -9999.9,M, -9999.9,M, -9999.9,M, -9999.9,M
1966, -9999.9,M, -9999.9,M, -9999.9,M, -9999.9,M, -9999.9,M, -9999.9,M, -9999.9,M, -9999.9,M, -9999.9,M, -9999.9,M, -9999.9,M,   -14.7, , -9999.9,M, -9999.9,M, -9999.9,M, -9999.9,M, -9999.9,M
1967,   -19.4, ,   -12.6, ,   -12.9, ,     -.8, ,     5.5, ,    11.7, ,    10.5, ,    11.2, , -9999.9,M,     2.2, ,    -4.1, ,   -10.0, , -9999.9,M,   -15.6, ,    -2.7, ,    11.1, , -9999.9,M
1968,   -18.0, ,    -9.6, ,    -2.8, ,     -.5, ,     6.4, ,     9.3, ,    12.5, ,    11.4, ,     6.2, ,     1.0, ,    -4.4, ,   -19.0, ,     -.6, ,   -12.5, ,     1.0, ,    11.1, ,      .9, 
1969,   -31.3, ,   -17.5, ,    -6.5, ,     1.0, ,     6.2, ,    13.0, ,    10.9, ,     8.5, ,     7.3, ,     2.2, ,    -6.2, ,    -6.4, ,    -1.6, ,   -22.6, ,      .2, ,    10.8, ,     1.1, 
1970,   -15.6, ,    -6.0, ,    -3.4, ,      .3, ,     5.5, ,     8.7, ,    10.4, ,     9.9, ,     6.6, ,     1.1, ,    -6.6, ,   -14.6, ,     -.3, ,    -9.3, ,      .8, ,     9.7, ,      .4, 
1971,   -25.9, ,    -8.6, ,   -10.0, ,     -.9, ,     3.5, ,     9.8, ,    13.5, ,    11.8, ,     6.7, ,      .3, ,    -6.8, ,   -15.7, ,    -1.9, ,   -16.4, ,    -2.5, ,    11.7, ,      .1, 
1972,   -24.9, ,   -19.7, ,    -9.6, ,    -4.2, ,     5.2, ,     8.8, ,    13.2, ,    11.8, ,     5.6, , -9999.9,M, -9999.9,M, -9999.9,M, -9999.9,M,   -20.1, ,    -2.9, ,    11.3, , -9999.9,M
1973,   -23.9, ,   -16.0, , -9999.9,M, -9999.9,M, -9999.9,M, -9999.9,M, -9999.9,M,     9.8, ,     7.4, ,     1.9, ,   -14.4, ,   -12.2, , -9999.9,M, -9999.9,M, -9999.9,M, -9999.9,M,    -1.7, 
1974,   -26.2, ,   -10.9, ,   -11.1, ,      .6, ,     5.4, ,     8.7, ,    10.6, ,    11.6, ,     8.7, ,     3.2, ,    -2.0, ,    -4.4, ,     -.5, ,   -16.4, ,    -1.7, ,    10.3, ,     3.3, 
1975,   -16.2, ,   -15.8, ,    -8.9, ,      .5, , -9999.9,M,     8.9, ,    12.0, ,    10.8, ,     9.4, ,     1.4, ,    -9.6, ,   -16.9, , -9999.9,M,   -12.1, , -9999.9,M,    10.6, ,      .4, 
1976,   -13.2, ,   -17.2, ,    -5.7, ,      .9, ,     4.9, ,     9.7, ,    11.4, ,    11.8, ,     7.9, ,     2.8, ,     1.5, ,    -6.3, ,      .7, ,   -15.8, ,      .0, ,    11.0, ,     4.1, 
1977,    -4.4, ,    -1.0, ,    -3.4, ,     2.5, ,     6.0, ,    10.5, ,    12.9, ,    14.8, ,     8.0, ,     3.1, ,    -8.1, ,   -22.1, ,     1.6, ,    -3.9, ,     1.7, ,    12.7, ,     1.0, 
1978,   -18.0, ,   -10.1, ,    -6.3, ,      .8, ,     5.8, ,    10.5, ,    12.5, ,    12.1, ,     7.8, ,     4.8, ,    -5.3, ,    -8.0,E,      .6,E,   -16.7, ,      .1, ,    11.7, ,     2.4, 
1979,   -18.9, ,   -24.3,E,    -2.8, ,     1.1, ,     5.4, ,     9.5, ,    12.5, ,    13.5, ,     8.4, ,     4.1, ,     -.7, ,   -10.4, ,     -.2,E,   -17.1,E,     1.2, ,    11.8, ,     3.9, 
1980,   -17.8, ,    -8.1, ,    -6.4, ,     2.1, ,     5.9, , -9999.9,M,    12.4, ,    11.4, ,     6.6, ,     4.1, ,     -.6, ,   -18.6, , -9999.9,M,   -12.1, ,      .5, , -9999.9,M,     3.4, 
1981,    -2.8, ,   -10.2, ,    -2.0, ,    -1.6, ,     7.5, ,     9.2, ,    12.7, ,    12.0, , -9999.9,M,     3.7, ,    -1.7, ,   -11.2, , -9999.9,M,   -10.5, ,     1.3, ,    11.3, , -9999.9,M
1982,   -28.0, ,   -15.9, ,    -7.5, ,    -1.7, ,     4.7, ,    11.6, ,    13.5, ,    11.6, ,     8.0, ,     1.7, ,    -6.8, ,    -7.9, ,    -1.4, ,   -18.4, ,    -1.5, ,    12.2, ,     1.0, 
1983,   -16.2, ,   -12.5, ,    -9.0, ,     1.8, ,     7.2, ,    11.9, ,    12.8, ,    11.3, ,     6.0, ,     2.2, ,    -5.7, ,   -16.9, ,     -.6, ,   -12.2, ,      .0, ,    12.0, ,      .8, 
1984,    -8.8, ,    -5.8, ,      .1, ,     2.7, ,     6.5, ,    10.7, ,    11.8, ,    11.5, ,     7.4, ,      .3, ,    -6.1, ,   -11.7, ,     1.6, ,   -10.5, ,     3.1, ,    11.3, ,      .5, 
1985,    -2.9, ,   -13.3, ,    -5.2, ,     -.4, ,     5.7, ,     9.0, ,    13.2, ,    11.2, ,     7.9, ,     1.0, ,   -13.0, ,    -4.8, ,      .7, ,    -9.3, ,      .0, ,    11.1, ,    -1.4, 
1986,    -7.8, ,   -13.1, ,    -4.7, ,    -3.2, ,     5.0, ,    10.3, ,    13.4, ,    11.7, ,     7.4, ,     3.9, ,    -6.3, ,    -2.0, ,     1.2, ,    -8.6, ,    -1.0, ,    11.8, ,     1.7, 
1987,    -5.4, ,    -5.6, ,    -8.5, ,      .8, ,     6.5, ,     9.5, ,    14.0, ,    12.0, ,     8.3, ,     4.4, ,     -.1, ,    -4.8, ,     2.6, ,    -4.3, ,     -.4, ,    11.8, ,     4.2, 
1988,   -13.9, ,    -8.7, ,    -1.5, ,     2.3, ,     6.7, ,    10.5, ,    11.6, ,    11.9, ,     6.8, ,     4.4, ,    -4.1, ,    -6.2, ,     1.7, ,    -9.1, ,     2.5, ,    11.3, ,     2.4, 
1989,   -16.3, ,   -17.4, ,   -10.1, ,     2.7, ,     8.0, ,    11.5, ,    15.4, ,    14.4, ,    10.0, ,     2.2, ,    -7.0, ,    -3.5, ,      .8, ,   -13.3, ,      .2, ,    13.8, ,     1.7, 
1990,   -13.0, ,   -15.3, ,    -3.1, ,     2.7, ,     7.5, ,    11.3, ,    14.2, ,    13.5, ,     9.5, ,     1.2, ,   -13.1, ,   -15.3,E,      .0,E,   -10.6, ,     2.4, ,    13.0, ,     -.8, 
1991,   -15.6, ,    -5.8, ,    -5.9, ,     2.4, ,     7.0, ,    11.8, ,    12.3, ,    11.3, ,     8.9, ,      .4, ,    -4.6, ,    -6.7, ,     1.3, ,   -12.2,E,     1.2, ,    11.8, ,     1.6, 
1992,    -5.0, ,    -8.9, ,    -2.4, ,      .8, ,     5.9, ,    12.3, ,    13.4, ,    12.0, ,     5.3, ,      .8, ,    -1.9, ,   -14.0, ,     1.5, ,    -6.9, ,     1.4, ,    12.6, ,     1.4, 
1993,   -15.6, ,   -12.4, ,    -5.6, ,     2.9, ,     8.5, ,    11.7,E,    14.1, ,    12.6, ,     9.2, ,     5.0, ,    -2.1, ,    -4.0, ,     2.0,E,   -14.0, ,     1.9, ,    12.8,E,     4.0, 
1994,   -13.5, ,   -21.4, ,    -1.7, ,     3.7, ,     7.1, ,    11.1, ,    14.0, ,    15.5, ,     8.1, ,     3.4,E,    -8.4, ,   -10.9, ,      .6,E,   -13.0, ,     3.0, ,    13.5, ,     1.0,E
1995,   -14.4, ,   -12.4, ,    -9.0, ,     3.1, ,     9.1, ,    12.1, ,    13.5, ,    11.4, ,    11.3, ,     3.1, ,    -8.3, ,   -13.1, ,      .5, ,   -12.6, ,     1.1, ,    12.3, ,     2.0, 
1996,   -29.8, ,   -10.6, ,    -7.2, ,      .5, ,     6.3, ,    10.7, ,    13.4, ,    11.9, ,     6.8, ,     -.2, ,    -9.1, ,   -13.5, ,    -1.7, ,   -17.8, ,     -.1, ,    12.0, ,     -.8, 
1997,   -17.5, ,    -5.2, ,    -8.1, ,     1.6, ,     8.0, ,    12.1, ,    13.6, ,    14.0, ,     9.4, ,      .6, ,    -1.9, ,    -2.7, ,     2.0, ,   -12.1, ,      .5, ,    13.2, ,     2.7, 
1998,   -16.9, ,    -7.3, ,    -5.4, ,     3.7, ,     8.7, ,    12.9, ,    14.1, ,    11.9, ,     7.7, ,     2.6, ,    -4.9, ,   -10.3, ,     1.4, ,    -9.0, ,     2.3, ,    13.0, ,     1.8, 
1999,   -16.1, ,   -15.2, ,    -5.2, ,     1.5, ,     5.4, ,    11.8, ,    14.0, ,    13.2, ,     7.8, ,     4.0, ,    -4.0, ,    -3.3, ,     1.2, ,   -13.9, ,      .6, ,    13.0, ,     2.6, 
2000,   -12.1, ,    -8.2, ,    -3.2, ,     1.0, ,     6.0, ,    10.6, ,    12.8, ,    11.2, ,     7.6, ,     2.7, ,    -1.0, ,    -8.2, ,     1.6, ,    -7.9, ,     1.3, ,    11.5, ,     3.1, 
2001,    -2.7, ,   -10.0, ,    -5.2, ,     1.4, , -9999.9,M,    11.2, ,    13.0, ,    13.3, ,     8.6, ,     2.3, ,    -5.5, ,   -10.9, , -9999.9,M,    -7.0, , -9999.9,M,    12.5, ,     1.8, 
2002,   -10.0, ,    -9.9, ,   -10.5, ,    -2.6, ,     6.2, ,    11.4, ,    12.2, ,    12.0, ,     8.2, ,     4.9, ,      .3, ,    -5.3, ,     1.4, ,   -10.3, ,    -2.3, ,    11.9, ,     4.5, 
2003,    -8.3, ,    -6.5, ,    -7.4, ,     1.3, ,     6.3, ,    10.8, ,    14.7, ,    12.3, ,     7.2, ,     4.1, ,    -6.2, ,    -6.3, ,     1.8, ,    -6.7, ,      .1, ,    12.6, ,     1.7, 
2004,   -15.9, ,    -3.7, ,    -4.2, ,     2.3, ,     8.8, ,    13.9, ,    14.9, ,    14.0, ,     6.8, , -9999.9,M,    -1.1, ,    -6.0, , -9999.9,M,    -8.6, ,     2.3, ,    14.3, , -9999.9,M
2005,   -14.7, ,    -8.3, ,    -1.1, ,     3.4, ,     8.7, ,    11.8, ,    12.6, ,    13.7, ,     9.0, ,     2.4, ,    -3.3, ,    -4.7, ,     2.5, ,    -9.7, ,     3.7, ,    12.7, ,     2.7, 
2006,   -13.4, ,   -10.5, ,    -9.5, ,     1.5, ,     5.8, ,    11.2, ,    13.0, ,    11.3, ,     8.9, ,     3.3, ,   -16.3, ,    -6.3, ,     -.1, ,    -9.5, ,     -.7, ,    11.8, ,    -1.4, 
2007,    -9.1, ,   -15.1, ,    -9.6, ,      .0, ,     6.4, ,    11.3, ,    12.5, ,    12.6, ,     8.3, ,     2.8, ,    -2.8, ,   -11.6, ,      .5, ,   -10.2, ,    -1.1, ,    12.1, ,     2.8, 
2008,   -16.5, ,   -12.7, ,    -3.8, ,     1.2, ,     7.5, ,     9.6, ,    11.8, ,    11.9, ,     8.4, ,     2.5, ,    -3.5, ,   -15.0, ,      .1, ,   -13.6, ,     1.6, ,    11.1, ,     2.5, 
2009,   -14.4, ,   -13.7, ,    -8.4, ,     1.0, ,     6.5, ,    12.1, ,    15.9, ,    12.5, ,     8.3, ,     1.9, ,    -3.5, ,    -9.0, ,      .8, ,   -14.4, ,     -.3, ,    13.5, ,     2.2, 
2010,   -13.1, ,    -7.0, ,    -2.5, ,     2.4, ,     8.2, ,    10.5, ,    12.6, ,    13.3, ,     7.6, ,     3.0, ,    -3.3, ,   -15.1, ,     1.4, ,    -9.7, ,     2.7, ,    12.1, ,     2.4, 
2011,   -12.8, ,   -12.1, ,   -10.6, ,      .8, ,     7.0, ,    11.1, ,    12.7, ,    10.1, ,     6.7, ,     2.9, ,    -8.4, ,    -2.9, ,      .4, ,   -13.3, ,     -.9, ,    11.3, ,      .4, 
2012,   -12.7, ,    -5.4, ,    -6.1, ,     2.1, ,     5.4, ,    10.2, ,    12.4, ,    12.3, ,     8.7, , -9999.9,M,    -9.6, ,   -16.2, , -9999.9,M,    -7.0, ,      .5, ,    11.6, , -9999.9,M
