2101102,TESLIN         ,YT, station joined    , Monthly mean of homogenized daily mean temperature                     , °C,          Updated to December 2012
2101102,TESLIN         ,YT, station jointe    , Moyenne mensuelle des températures homogénéisées moyennes quotidiennes , °C, Mise à jour jusqu à décembre 2012
Year,     Jan, ,     Feb, ,     Mar, ,     Apr, ,     May, ,     Jun, ,     Jul, ,     Aug, ,     Sep, ,     Oct, ,     Nov, ,     Dec, ,  Annual, ,  Winter, ,  Spring, ,  Summer, ,  Autumn
Year,    Janv, ,     Fév, ,    Mars, ,     Avr, ,     Mai, ,    Juin, ,    Juil, ,    Août, ,    Sept, ,     Oct, ,     Nov, ,     Déc, ,  Annuel, ,   Hiver, ,Printemp, ,     Eté, , Automne
1943, -9999.9,M, -9999.9,M, -9999.9,M, -9999.9,M, -9999.9,M, -9999.9,M, -9999.9,M, -9999.9,M, -9999.9,M,     1.4, ,    -2.6, ,    -4.0, , -9999.9,M, -9999.9,M, -9999.9,M, -9999.9,M, -9999.9,M
1944,    -9.0, ,   -10.6, ,    -6.6, ,      .1, ,     6.9, ,    12.4, ,    14.6, ,    11.7, ,     7.7, ,     3.0, ,    -8.2, ,   -10.6, ,     1.0, ,    -7.9, ,      .1, ,    12.9, ,      .8, 
1945,   -11.7, ,   -11.8, ,    -4.9, ,    -3.8, ,     6.7, ,    10.0, ,    11.0, ,    11.5, ,     5.8, ,     1.3, ,   -15.7, ,   -16.5, ,    -1.5, ,   -11.4, ,     -.7, ,    10.8, ,    -2.9, 
1946,   -15.3, ,   -12.5, ,    -5.7, ,     -.2, ,     8.7, ,    14.3, ,    12.8, ,    10.5, ,     7.1, ,      .1, ,   -12.3, ,   -22.5, ,    -1.3, ,   -14.8, ,      .9, ,    12.5, ,    -1.7, 
1947,   -22.0, ,   -17.5, ,    -3.3, ,     -.6, ,     6.6, ,    10.5, ,    13.7, ,    10.0, ,     7.1, ,     2.2, ,    -4.2, ,    -9.9, ,     -.6, ,   -20.7, ,      .9, ,    11.4, ,     1.7, 
1948,   -12.3, ,   -19.6, ,   -12.6, ,    -5.2, ,     7.5, ,    12.5, ,    13.7, ,    10.7, ,     5.8, ,     2.0, ,    -9.3, ,   -23.1, ,    -2.5, ,   -13.9, ,    -3.4, ,    12.3, ,     -.5, 
1949,   -16.5, , -9999.9,M,    -5.3, ,     1.3, ,     5.3, ,     8.8, ,    12.9, ,    11.4, ,     8.5, ,      .6, ,    -3.1, ,   -21.5, , -9999.9,M, -9999.9,M,      .4, ,    11.0, ,     2.0, 
1950,   -26.9, ,   -18.5, ,    -6.9, ,    -2.4, ,     5.2, ,    13.6, ,    12.2, ,    12.1, ,     8.2, ,    -1.8, ,   -17.3, ,   -14.9, ,    -3.1, ,   -22.3, ,    -1.4, ,    12.6, ,    -3.6, 
1951,   -23.7, ,   -18.3, ,   -11.9, ,      .4, ,     6.5, ,    11.2, ,    15.9, ,    13.0, ,     9.3, ,    -3.3, ,   -10.3, ,   -22.5, ,    -2.8, ,   -19.0, ,    -1.7, ,    13.4, ,    -1.4, 
1952,   -26.2, ,   -13.3, ,    -8.6, ,    -1.1, ,     4.7, ,     9.7, ,    13.0, ,    11.1, ,     6.5, ,     3.5, ,    -1.6, ,   -12.1, ,    -1.2, ,   -20.7, ,    -1.7, ,    11.3, ,     2.8, 
1953,   -25.4, ,    -7.5, ,    -8.9, ,     1.4, ,     7.9, ,    12.9, ,    13.6, ,    12.0, ,     6.8, ,     1.6, ,    -9.0, ,   -11.7, ,     -.5, ,   -15.0, ,      .1, ,    12.8, ,     -.2, 
1954,   -23.3, ,   -15.2, ,    -7.4, ,    -6.2, ,     6.8, ,    12.0, ,    12.5, ,    13.1, ,     7.7, ,     1.6, ,    -3.5, ,   -15.4, ,    -1.4, ,   -16.7, ,    -2.3, ,    12.5, ,     1.9, 
1955,   -13.2, ,   -13.8, ,   -10.8, ,    -1.7, ,     3.7, ,     9.8, ,    14.3, ,    10.3, ,     6.6, ,     -.5, ,   -18.2, ,   -24.6, ,    -3.2, ,   -14.1, ,    -2.9, ,    11.5, ,    -4.0, 
1956,   -22.0, ,   -18.2, ,    -9.8, ,     -.3, ,     6.0, ,     9.6, ,    13.8, ,    12.4, ,     6.8, ,    -2.4, ,    -2.2, ,   -20.5, ,    -2.2, ,   -21.6, ,    -1.4, ,    11.9, ,      .7, 
1957,   -24.7, ,   -14.8, ,    -6.1, ,     -.5, ,     7.1, ,    13.0, ,    13.1, ,    14.3, ,    10.6, ,     1.0, ,    -3.0, ,   -14.6, ,     -.4, ,   -20.0, ,      .2, ,    13.5, ,     2.9, 
1958,   -12.5, ,   -16.7, ,    -7.3, ,     2.1, ,     7.8, ,    15.2, ,    15.7, ,    10.7, ,     5.8, ,     -.2, ,    -8.6, ,   -16.6, ,     -.4, ,   -14.6, ,      .9, ,    13.9, ,    -1.0, 
1959,   -26.6, ,   -13.8, ,    -7.4, ,    -1.1, ,     5.3, ,    12.5, ,    12.9, ,     9.8, ,     6.3, ,    -1.5, ,    -7.2, ,    -8.3, ,    -1.6, ,   -19.0, ,    -1.1, ,    11.7, ,     -.8, 
1960,   -19.0, ,   -12.0, ,    -9.9, ,     1.7, ,     6.9, ,    10.1, ,    12.9, ,    11.7, ,     6.7, ,      .4, ,    -7.9, ,    -9.1, ,     -.6, ,   -13.1, ,     -.4, ,    11.6, ,     -.3, 
1961,   -16.4, ,   -12.8, ,    -7.4, ,     -.2, ,     5.5, ,    10.6, ,    13.7, ,    11.5, ,     5.8, ,    -1.5, ,   -12.5, ,   -22.9, ,    -2.2, ,   -12.8, ,     -.7, ,    11.9, ,    -2.7, 
1962,   -17.8, ,   -16.7, ,   -10.6, ,     -.5, ,     4.5, ,     9.9, ,    14.0, ,    12.3, ,     5.9, ,     1.9, ,    -7.1, ,   -14.5, ,    -1.6, ,   -19.1, ,    -2.2, ,    12.1, ,      .2, 
1963,   -15.4, ,    -9.3, ,    -9.6, ,    -2.6, ,     6.2, ,     9.1, ,    13.1, ,    14.2, ,     9.2, ,     2.1, ,   -15.9, ,   -12.2, ,     -.9, ,   -13.1, ,    -2.0, ,    12.1, ,    -1.5, 
1964,   -18.0, ,    -6.2, ,   -12.8, ,    -1.8, ,     4.3, ,    12.6, ,    12.7, ,    11.6, ,     6.4, ,     1.4, ,    -9.7, ,   -24.5, ,    -2.0, ,   -12.1, ,    -3.4, ,    12.3, ,     -.6, 
1965,   -19.0, ,   -18.9, ,    -6.1, ,    -1.1, ,     4.4, ,     8.5, ,    14.0, ,    11.9, ,     7.8, ,     1.2, ,   -11.6, ,   -16.0, ,    -2.1, ,   -20.8, ,     -.9, ,    11.5, ,     -.9, 
1966,   -31.7, ,   -13.6, ,    -8.2, ,     -.5, ,     4.5, ,    11.4, ,    14.7, ,    10.0, ,     7.1, ,    -1.0, ,   -14.8, ,   -16.9, ,    -3.3, ,   -20.4, ,    -1.4, ,    12.0, ,    -2.9, 
1967,   -22.1, ,   -12.8, ,   -13.9, ,    -1.6, ,     5.5, ,    13.1, ,    12.0, ,    12.0, ,     7.7, ,      .6, ,    -7.9, ,   -16.3, ,    -2.0, ,   -17.3, ,    -3.3, ,    12.4, ,      .1, 
1968,   -23.6, ,   -11.8, ,    -4.3, ,    -1.3, ,     6.8, ,    10.9, ,    13.8, ,    11.6, ,     5.8, ,    -1.1, ,    -8.7, ,   -25.1, ,    -2.3, ,   -17.2, ,      .4, ,    12.1, ,    -1.3, 
1969,   -32.7, ,   -16.7, ,    -6.7, ,      .5, ,     6.7, ,    14.3, ,    11.6, ,     8.7, ,     6.7, ,     1.3, ,    -8.6, ,   -11.6, ,    -2.2, ,   -24.8, ,      .2, ,    11.5, ,     -.2, 
1970,   -18.5, ,    -8.2, ,    -4.1, ,      .2, ,     6.1, ,    10.4, ,    11.4, ,    10.1, ,     5.7, ,     -.1, ,   -11.8, ,   -18.9, ,    -1.5, ,   -12.8, ,      .7, ,    10.6, ,    -2.1, 
1971,   -27.1, ,   -10.2, ,    -9.5, ,     -.6, ,     4.7, ,    11.3, ,    15.2, ,    12.6, ,     6.2, ,    -1.4, ,    -9.9, ,   -22.1, ,    -2.6, ,   -18.7, ,    -1.8, ,    13.0, ,    -1.7, 
1972,   -27.5, ,   -21.5, ,   -10.0, ,    -4.7, ,     5.8, ,     9.8, ,    13.3, ,    11.7, ,     4.9, ,    -1.3, ,    -7.1, ,   -19.8, ,    -3.9, ,   -23.7, ,    -3.0, ,    11.6, ,    -1.2, 
1973,   -23.2, ,   -17.4, ,    -5.8, ,      .9, ,     6.0, ,    10.3, ,    12.6, ,     9.6, ,     6.3, ,      .3, ,   -19.4, ,   -16.6, ,    -3.0, ,   -20.1, ,      .4, ,    10.8, ,    -4.3, 
1974,   -28.0, ,   -13.3, ,   -11.8, ,     -.1, ,     5.4, ,     9.4, ,    11.9, ,    12.4, ,     7.4, ,     1.6, ,    -4.6, ,    -8.6, ,    -1.5, ,   -19.3, ,    -2.2, ,    11.2, ,     1.5, 
1975,   -19.4, ,   -17.5, ,    -8.9, ,     -.2, ,     5.8, ,     9.7, ,    14.0, ,    11.5, ,     8.8, ,      .7, ,   -13.3, ,   -21.2, ,    -2.5, ,   -15.2, ,    -1.1, ,    11.7, ,    -1.3, 
1976,   -15.1, ,   -17.3, ,    -7.5, ,      .9, ,     4.9, ,    10.6, ,    12.2, ,    12.4, ,     7.4, ,     1.5, ,    -2.4, ,   -13.1, ,     -.5, ,   -17.9, ,     -.6, ,    11.7, ,     2.2, 
1977,    -9.9, ,    -4.3, ,    -6.9, ,     1.3, ,     6.3, ,    11.3, ,    13.1, ,    14.6, ,     6.4, ,     1.8, ,   -13.4, ,   -25.8, ,     -.5, ,    -9.1, ,      .2, ,    13.0, ,    -1.7, 
1978,   -20.4, ,   -11.7, ,    -7.7, ,      .8, ,     5.7, ,    11.6, ,    14.3, ,    12.7, ,     7.6, ,     3.9, ,   -10.5, ,   -14.7, ,     -.7, ,   -19.3, ,     -.4, ,    12.9, ,      .3, 
1979,   -24.5, ,   -25.7, ,    -4.2, ,      .0, ,     5.4, , -9999.9,M, -9999.9,M,    13.3, , -9999.9,M, -9999.9,M, -9999.9,M, -9999.9,M, -9999.9,M,   -21.6, ,      .4, , -9999.9,M, -9999.9,M
1980,   -21.5, ,    -9.5, , -9999.9,M,     2.3,E, -9999.9,M, -9999.9,M,    13.1, , -9999.9,M, -9999.9,M, -9999.9,M, -9999.9,M, -9999.9,M, -9999.9,M, -9999.9,M, -9999.9,M, -9999.9,M, -9999.9,M
1981, -9999.9,M, -9999.9,M, -9999.9,M, -9999.9,M, -9999.9,M, -9999.9,M, -9999.9,M, -9999.9,M, -9999.9,M, -9999.9,M, -9999.9,M, -9999.9,M, -9999.9,M, -9999.9,M, -9999.9,M, -9999.9,M, -9999.9,M
1982, -9999.9,M, -9999.9,M, -9999.9,M, -9999.9,M, -9999.9,M, -9999.9,M, -9999.9,M, -9999.9,M, -9999.9,M, -9999.9,M, -9999.9,M, -9999.9,M, -9999.9,M, -9999.9,M, -9999.9,M, -9999.9,M, -9999.9,M
1983, -9999.9,M, -9999.9,M, -9999.9,M, -9999.9,M, -9999.9,M, -9999.9,M, -9999.9,M, -9999.9,M, -9999.9,M, -9999.9,M, -9999.9,M, -9999.9,M, -9999.9,M, -9999.9,M, -9999.9,M, -9999.9,M, -9999.9,M
1984, -9999.9,M, -9999.9,M, -9999.9,M, -9999.9,M, -9999.9,M, -9999.9,M, -9999.9,M, -9999.9,M, -9999.9,M,    -1.3, ,   -11.1, ,   -20.6, , -9999.9,M, -9999.9,M, -9999.9,M, -9999.9,M, -9999.9,M
1985,    -6.6, ,   -16.4, ,    -6.6, ,    -1.0, ,     5.8, ,     9.5, ,    14.6, ,    11.4, ,     7.1, ,    -1.9, ,   -19.8, ,    -8.6, ,    -1.0, ,   -14.5, ,     -.6, ,    11.8, ,    -4.9, 
1986,    -9.5, ,   -15.1, ,    -5.3, ,    -3.2, ,     4.9, ,    10.9, ,    14.3, ,    10.2, ,     6.6, ,     2.5, ,   -11.8, ,    -7.9, ,     -.3, ,   -11.1, ,    -1.2, ,    11.8, ,     -.9, 
1987,   -12.7, ,    -9.4, ,   -10.1, ,      .7, ,     5.8, ,     9.7, ,    15.0, ,    11.6, ,     7.2, ,     2.8, ,    -3.4, ,   -11.0, ,      .5, ,   -10.0, ,    -1.2, ,    12.1, ,     2.2, 
1988,   -20.0, ,   -11.2, ,    -2.5, ,     1.2, ,     6.5, ,    11.3, ,    12.0, ,    11.9, ,     6.1, ,     2.0, ,    -8.4, ,   -12.7, ,     -.3, ,   -14.1, ,     1.7, ,    11.7, ,     -.1, 
1989,   -21.4, ,   -19.8, ,   -10.7, ,     2.2, ,     8.2, ,    12.5, ,    15.8, ,    14.4, ,     8.4, ,     -.1, ,   -12.1, ,    -8.6, ,     -.9, ,   -18.0, ,     -.1, ,    14.2, ,    -1.3, 
1990,   -19.0, ,   -18.1, ,    -4.5, ,     1.7, ,     7.3, ,    11.9, ,    14.9,E,    13.6,E,     8.9,E,    -1.2,E,   -18.5, ,   -19.6, ,    -1.9,E,   -15.2, ,     1.5, ,    13.5,E,    -3.6,E
1991,   -20.5,E,    -7.9, ,    -7.8, ,     1.7, ,     7.2, ,    12.3, ,    12.5,E,    11.1, ,     7.7, ,    -2.1, ,    -8.8, ,   -13.7, ,     -.7,E,   -16.0,E,      .4, ,    12.0,E,    -1.1, 
1992,   -10.2, ,   -12.0,E,    -3.8, ,      .0, ,     4.8, ,    11.7, ,    13.8,E,    11.5, ,     3.2,E,    -1.6,E,    -6.0, ,   -22.5,E,     -.9,E,   -12.0,E,      .3, ,    12.3,E,    -1.5,E
1993,   -20.7, ,   -14.2, ,    -6.1, ,     3.1, ,     9.1, ,    12.4, ,    14.3, ,    12.4, ,     8.0, ,     2.5, ,    -5.5, ,    -8.2, ,      .6, ,   -19.1,E,     2.0, ,    13.0, ,     1.7, 
1994,   -17.1, ,   -23.0, ,    -3.5, ,     2.7, ,     6.2,E,    11.9, ,    15.0, ,    15.7, ,     6.7, ,     2.0, ,   -12.5, ,   -16.3, ,    -1.0,E,   -16.1, ,     1.8,E,    14.2, ,    -1.3, 
1995,   -17.4, ,   -13.6, , -9999.9,M, -9999.9,M,     9.5, ,    13.2, ,    14.3, ,    11.1, ,    10.0, ,      .9, ,   -12.3, ,   -17.0, , -9999.9,M,   -15.8, , -9999.9,M,    12.9, ,     -.5, 
1996,   -31.2, ,   -11.7, ,    -8.6, ,     -.3, ,     5.7, ,    10.7, ,    13.8, ,    10.5, ,     5.9, ,    -2.0, ,   -14.2, , -9999.9,M, -9999.9,M,   -20.0, ,    -1.1, ,    11.7, ,    -3.4, 
1997, -9999.9,M, -9999.9,M,    -9.5, ,     1.2, ,     7.5, ,    12.3, ,    14.0, ,    13.5, ,     8.7, ,    -1.5, ,    -6.5, ,    -7.0, , -9999.9,M, -9999.9,M,     -.3, ,    13.3, ,      .2, 
1998,   -20.3, ,    -9.1, ,    -6.6, ,     2.2, ,     9.0, ,    13.8, ,    14.6, ,    11.2, , -9999.9,M,     1.1, ,   -11.1, ,   -15.7, , -9999.9,M,   -12.1, ,     1.5, ,    13.2, , -9999.9,M
1999,   -21.1, ,   -16.1, ,    -6.5,E,      .4, , -9999.9,M,    12.8, ,    14.1, ,    12.9, ,     7.4, ,     2.4, ,    -7.6, ,    -8.4, , -9999.9,M,   -17.6, , -9999.9,M,    13.3, ,      .7, 
2000,   -18.9, ,   -10.0, ,    -4.1, ,     -.3, ,     5.7, ,    11.7, ,    13.7, ,    11.0, ,     6.3, ,      .9, ,    -6.0, ,   -15.5, ,     -.5, ,   -12.4, ,      .4, ,    12.1, ,      .4, 
2001,    -8.4, , -9999.9,M, -9999.9,M,      .6, ,     5.4, ,    12.0, ,    13.6, ,    13.5, ,     7.9, ,     -.3, ,    -8.6, ,   -17.1, , -9999.9,M, -9999.9,M, -9999.9,M,    13.0, ,     -.3, 
2002,   -15.1, ,   -12.2, ,   -12.5, ,    -4.1, ,     5.0, ,    11.2, ,    12.7, ,    11.2, , -9999.9,M,     2.2,E,    -4.2, ,   -11.5, , -9999.9,M,   -14.8, ,    -3.9, ,    11.7, , -9999.9,M
2003,   -15.0, ,   -12.7, ,    -9.0, ,     -.4, ,     5.0, ,    10.5, ,    14.7, ,    10.8, ,     5.7, ,     1.7, ,   -11.9, ,   -13.5, ,    -1.2, ,   -13.1, ,    -1.5, ,    12.0, ,    -1.5, 
2004,   -20.6, ,    -7.2, ,    -6.8, ,     1.1, ,     7.8, ,    15.0, ,    14.6, ,    13.0, ,     5.1, ,     -.3, ,    -6.0, ,   -12.0, ,      .3, ,   -13.8, ,      .7, ,    14.2, ,     -.4, 
2005,   -20.6, ,   -12.7, ,    -3.7, ,     1.8, ,     8.5, ,    12.2, ,    12.3, ,    12.4, ,     7.3, ,      .8, ,    -6.4, ,   -10.5, ,      .1, ,   -15.1, ,     2.2, ,    12.3, ,      .6, 
2006,   -16.9, ,   -13.3, ,   -11.4, ,      .5, ,     5.2, ,    11.2, ,    13.2, ,    10.4, ,     7.3, ,      .5, ,   -21.0, ,   -10.6, ,    -2.1, ,   -13.6, ,    -1.9, ,    11.6, ,    -4.4, 
2007,   -13.5, ,   -17.3, ,   -11.1,E,    -1.0, ,     5.6,E,    11.9, ,    13.2, ,    12.5,E,     6.4, ,      .1, ,    -8.0, ,   -18.5, ,    -1.6,E,   -13.8, ,    -2.2,E,    12.5,E,     -.5, 
2008,   -21.5, ,   -15.3, ,    -6.7, ,     -.7, ,     7.1, ,     9.4, ,    11.3, ,    10.8, ,     6.3, ,      .4, ,    -7.1, ,   -22.1, ,    -2.3, ,   -18.4, ,     -.1, ,    10.5, ,     -.1, 
2009,   -18.5, ,   -17.1, ,   -11.2, ,     -.4, ,     5.6,E,    11.7, ,    14.9, ,    11.8, ,     7.0, ,     -.3, ,    -8.3, ,   -17.0, ,    -1.8,E,   -19.2, ,    -2.0,E,    12.8, ,     -.5, 
2010,   -15.8,E,    -9.3, ,    -3.8, ,     1.3,E,     7.8, ,    11.0,E,    13.3, ,    13.1, ,     6.3, ,     1.3, ,    -7.9, ,   -20.1, ,     -.2,E,   -14.0,E,     1.8,E,    12.5,E,     -.1, 
2011,   -17.7, ,   -17.1, ,   -12.2, ,     -.7, ,     7.8, ,    11.4, ,    13.2, ,    10.1, ,     6.3, ,      .9, ,   -13.0, ,    -9.0, ,    -1.7, ,   -18.3, ,    -1.7, ,    11.6, ,    -1.9, 
2012,   -17.9, ,    -8.9, ,    -8.2, ,     1.2, ,     5.1, ,    10.8, ,    12.6, ,    11.6, ,     7.3, ,    -3.2, ,   -13.8, ,   -21.7, ,    -2.1, ,   -11.9, ,     -.6, ,    11.7, ,    -3.2, 
