2100630,HAINES JUNCTION,YT, station not joined, Monthly mean of homogenized daily mean temperature                     , °C,          Updated to December 2012
2100630,HAINES JUNCTION,YT, station non-jointe, Moyenne mensuelle des températures homogénéisées moyennes quotidiennes , °C, Mise à jour jusqu à décembre 2012
Year,     Jan, ,     Feb, ,     Mar, ,     Apr, ,     May, ,     Jun, ,     Jul, ,     Aug, ,     Sep, ,     Oct, ,     Nov, ,     Dec, ,  Annual, ,  Winter, ,  Spring, ,  Summer, ,  Autumn
Year,    Janv, ,     Fév, ,    Mars, ,     Avr, ,     Mai, ,    Juin, ,    Juil, ,    Août, ,    Sept, ,     Oct, ,     Nov, ,     Déc, ,  Annuel, ,   Hiver, ,Printemp, ,     Eté, , Automne
1944, -9999.9,M, -9999.9,M, -9999.9,M, -9999.9,M, -9999.9,M, -9999.9,M, -9999.9,M, -9999.9,M, -9999.9,M, -9999.9,M,    -9.8, ,   -11.8, , -9999.9,M, -9999.9,M, -9999.9,M, -9999.9,M, -9999.9,M
1945,   -12.7, ,   -12.5, ,    -6.4, ,    -3.0, ,     5.9, ,     8.3, ,    10.6, ,     9.8, ,     4.7, ,     -.4, ,   -17.5, ,   -18.2, ,    -2.6, ,   -12.3, ,    -1.2, ,     9.6, ,    -4.4, 
1946,   -18.1, ,   -11.9, ,    -9.7, ,    -1.0, ,     6.8, ,    12.5, ,    11.9, ,     9.8, ,     4.9, ,    -1.7, ,   -13.8, ,   -26.7, ,    -3.1, ,   -16.1, ,    -1.3, ,    11.4, ,    -3.5, 
1947,   -25.0, ,   -17.7, ,    -4.3, ,     -.8, ,     5.6, ,     9.4, ,    12.2, ,     8.9, ,     5.9, ,    -1.7, ,    -6.4, ,   -14.4, ,    -2.4, ,   -23.1, ,      .2, ,    10.2, ,     -.7, 
1948,   -15.4, ,   -20.6, ,   -14.5, ,    -5.6, ,     6.1, ,    11.1, ,    12.1, ,     9.9, ,     4.8, ,      .1, ,   -12.4, ,   -24.0, ,    -4.0, ,   -16.8, ,    -4.7, ,    11.0, ,    -2.5, 
1949,   -15.9, ,   -21.6, ,    -5.4, ,      .7, ,     4.9, ,     7.7, ,    11.8, ,     9.8, ,     6.7, ,    -1.6, ,    -8.4, ,   -23.5, ,    -2.9, ,   -20.5, ,      .1, ,     9.8, ,    -1.1, 
1950,   -20.6, ,   -22.7, ,    -9.9, ,    -4.6, ,     4.9, ,    12.4, ,    11.1, ,    11.4, ,     6.0, ,    -4.2, ,   -19.5, ,   -18.0, ,    -4.5, ,   -22.3, ,    -3.2, ,    11.6, ,    -5.9, 
1951,   -24.5, ,   -20.6, ,   -14.1, ,     1.5, ,     6.6, ,    10.1, ,    14.5, ,    11.4, ,     7.8, ,    -6.3, ,   -14.7, ,   -23.5, ,    -4.3, ,   -21.0, ,    -2.0, ,    12.0, ,    -4.4, 
1952,   -27.4, ,   -15.4, ,    -9.6, ,    -1.1, ,     3.6, ,     9.6, ,    12.7, ,    10.5, ,     5.6, ,      .8, ,    -3.6, ,   -15.4, ,    -2.5, ,   -22.1, ,    -2.4, ,    10.9, ,      .9, 
1953,   -26.8, ,   -10.9, ,   -11.8, ,      .8, ,     6.4, ,    12.4, ,    13.3, ,    10.7, ,     4.7, ,    -1.9, ,   -15.3, ,   -14.3, ,    -2.7, ,   -17.7, ,    -1.5, ,    12.1, ,    -4.2, 
1954,   -19.4, ,   -19.0, ,    -9.0, ,    -6.0, ,     5.4, ,    10.2, ,    10.6, ,    10.7, ,     5.2, ,     1.1, ,    -6.2, ,   -21.3, ,    -3.1, ,   -17.6, ,    -3.2, ,    10.5, ,      .0, 
1955,   -15.4, ,   -14.0, ,   -11.8, ,    -3.0, ,     3.3, ,     8.3, ,    12.4, ,     8.7, ,     4.5, ,    -4.3, ,   -22.4, ,   -26.5, ,    -5.0, ,   -16.9, ,    -3.8, ,     9.8, ,    -7.4, 
1956,   -24.3, ,   -19.1, ,   -11.9, ,      .3, ,     5.6, ,     8.4, ,    12.8, ,    10.5, ,     4.9, ,    -4.1, ,    -5.4, ,   -23.4, ,    -3.8, ,   -23.3, ,    -2.0, ,    10.6, ,    -1.5, 
1957,   -22.8, ,   -16.0, ,    -8.6, ,    -1.3, ,     6.1, ,    12.5, ,    11.4, ,    12.8, ,     9.2, ,     -.9, ,    -7.8, ,   -21.5, ,    -2.2, ,   -20.7, ,    -1.3, ,    12.2, ,      .2, 
1958,   -16.8, ,   -16.7, ,   -10.6, ,     1.8, ,     6.6, ,    12.6, ,    13.5, ,     9.9, ,     4.9, ,    -5.3, ,   -11.9, ,   -19.6, ,    -2.6, ,   -18.3, ,     -.7, ,    12.0, ,    -4.1, 
1959,   -28.8, ,   -13.7, ,   -13.0, ,    -1.3, ,     5.6, ,    12.6, ,    10.9, ,    10.0, ,     6.2, ,    -3.0, ,    -9.9, ,   -14.0, ,    -3.2, ,   -20.7, ,    -2.9, ,    11.2, ,    -2.2, 
1960,   -20.1, ,   -13.8, ,   -11.1, ,     -.9, ,     6.7, ,     9.6, ,    11.5, ,    10.6, ,     6.3, ,     -.9, ,   -14.0, ,   -12.3, ,    -2.4, ,   -16.0, ,    -1.8, ,    10.6, ,    -2.9, 
1961,   -18.9, ,   -15.6, ,   -11.5, ,    -1.7, ,     5.7, ,     9.4, ,    12.9, ,    10.2, ,     5.6, ,    -4.6, ,   -16.3, ,   -27.1, ,    -4.3, ,   -15.6, ,    -2.5, ,    10.8, ,    -5.1, 
1962,   -17.4, ,   -16.6, ,   -12.1, ,     -.2, ,     4.6, ,     9.6, ,    13.5, ,    11.8, ,     5.1, ,     1.3, ,    -9.6, ,   -18.6, ,    -2.4, ,   -20.4, ,    -2.6, ,    11.6, ,    -1.1, 
1963,   -16.8, ,   -12.1, ,   -11.2, ,    -2.4, ,     6.4, ,     8.4, ,    12.7, ,    12.2, ,     7.6, ,     1.0, ,   -19.6, ,   -14.5, ,    -2.4, ,   -15.8, ,    -2.4, ,    11.1, ,    -3.7, 
1964, -9999.9,M,    -8.8, ,   -15.3, ,    -1.1, ,     3.3, ,    11.7, ,    12.0, ,     9.8, ,     6.4, ,     -.2, ,   -12.6, ,   -27.2, , -9999.9,M, -9999.9,M,    -4.4, ,    11.2, ,    -2.1, 
1965,   -22.7, ,   -20.2, ,    -2.4, ,      .4, ,     4.6, ,     8.7, ,    12.4, ,    10.6, ,     8.5, ,    -2.0, ,   -16.2, ,   -19.7, ,    -3.2, ,   -23.4, ,      .9, ,    10.6, ,    -3.2, 
1966,   -34.4, ,   -16.2, ,   -12.0, ,     -.2, ,     4.8, ,    11.2, ,    13.8, ,     9.9, ,     6.7, ,    -3.9, ,   -16.8, ,   -18.9, ,    -4.7, ,   -23.4, ,    -2.5, ,    11.6, ,    -4.7, 
1967,   -22.3, ,   -17.2, ,   -13.0, ,    -1.2, ,     6.1, ,    12.6, ,    11.6, ,    11.3, ,     6.8, ,      .0, ,    -8.3, ,   -18.8, ,    -2.7, ,   -19.5, ,    -2.7, ,    11.8, ,     -.5, 
1968,   -19.8, ,   -11.3, ,    -5.9, ,    -1.3, ,     5.9, ,    10.3, ,    13.0, ,    11.4, ,     5.7, ,    -2.9, ,   -12.7, ,   -27.9, ,    -3.0, ,   -16.6, ,     -.4, ,    11.6, ,    -3.3, 
1969,   -33.2, ,   -19.5, ,    -7.6, ,      .9, ,     6.3, ,    13.6, ,    11.7, ,     7.8, ,     6.2, ,      .8, ,   -11.5, ,   -14.1, ,    -3.2, ,   -26.9, ,     -.1, ,    11.0, ,    -1.5, 
1970,   -20.5, ,    -7.9, ,    -5.6, ,      .0, ,     5.4, ,     8.5, ,    10.4, ,     9.5, ,     5.1, ,    -4.0, ,   -12.2, ,   -22.7, ,    -2.8, ,   -14.2, ,     -.1, ,     9.5, ,    -3.7, 
1971,   -29.1,E,   -12.3, ,   -13.1, ,     -.8, ,     3.8, , -9999.9,M,    13.6, ,    11.0, ,     5.1, ,    -2.6, ,   -13.9, ,   -23.0, , -9999.9,M,   -21.4,E,    -3.4, , -9999.9,M,    -3.8, 
1972,   -30.4, ,   -23.1, ,   -12.7, ,    -5.1, ,     5.2, ,     9.6, ,    13.8, ,    11.4, ,     4.1, ,    -2.4, ,   -12.0, ,   -21.6, ,    -5.3, ,   -25.5, ,    -4.2, ,    11.6, ,    -3.4, 
1973,   -26.6, ,   -19.0, ,    -7.6, ,      .8, ,     5.1, ,     8.9, ,    11.7, ,     9.0, ,     5.7, ,    -1.4, ,   -20.1, ,   -21.9, ,    -4.6, ,   -22.4, ,     -.6, ,     9.9, ,    -5.3, 
1974,   -28.9, ,   -16.3, ,   -12.6, ,     -.2, ,     6.5, ,     9.2, ,    11.5, ,    10.8, ,     6.7, ,     -.1, ,    -9.8, ,   -13.3, ,    -3.0, ,   -22.4, ,    -2.1, ,    10.5, ,    -1.1, 
1975,   -21.3, ,   -18.6, ,   -11.0, ,     -.9, ,     5.2, ,     9.0, ,    12.7, ,    10.2, ,     7.3, ,    -1.7, ,   -18.5, ,   -25.4, ,    -4.4, ,   -17.7, ,    -2.2, ,    10.6, ,    -4.3, 
1976,   -19.7, ,   -19.4, ,    -9.8, ,      .9, ,     4.7, ,    10.9, ,    12.3, ,    11.2, ,     6.2, ,      .1, ,    -2.6, ,   -14.3, ,    -1.6, ,   -21.5, ,    -1.4, ,    11.5, ,     1.2, 
1977,   -10.3, ,    -5.9, ,    -7.0, ,     1.4, ,     5.2, ,    10.1, ,    12.9, ,    14.0, ,     6.2,E,      .6, ,   -16.2, ,   -30.0, ,    -1.6,E,   -10.2, ,     -.1, ,    12.3, ,    -3.1,E
1978,   -22.1, ,   -14.3, ,    -7.3, ,      .4, ,     5.7, ,    10.2, ,    12.2, ,    11.9, ,     7.6, ,     2.5, ,   -11.2, ,   -14.5,E,    -1.6,E,   -22.1, ,     -.4, ,    11.4, ,     -.4, 
1979,   -23.3,E,   -26.4, ,    -3.7, ,     1.0, ,     5.9, ,    10.2, ,    12.9, ,    12.6, ,     6.6, ,     2.6, ,    -6.7,E,   -20.5, ,    -2.4,E,   -21.4,E,     1.1, ,    11.9, ,      .8,E
1980,   -19.4, ,    -7.7, ,    -7.5, ,     1.7, ,     5.8, ,    11.5, ,    12.7, ,    10.4, ,     5.6, ,     2.0, ,    -7.6, ,   -28.5, ,    -1.8, ,   -15.9, ,      .0, ,    11.5, ,      .0, 
1981,    -6.3,E,   -11.6, ,    -2.7, ,    -1.6,E,     7.8, ,     9.3,E,    13.1, , -9999.9,M,     5.0, ,      .5, ,    -7.7, ,   -22.2, , -9999.9,M,   -15.5,E,     1.2,E, -9999.9,M,     -.7, 
1982, -9999.9,M,   -18.3,E, -9999.9,M,    -2.4,E,     4.3, ,    11.0, ,    13.1, ,    10.6, ,     7.0, ,    -3.5, ,   -13.7,E, -9999.9,M, -9999.9,M, -9999.9,M, -9999.9,M,    11.6, ,    -3.4,E
1983,   -23.1, ,   -15.1,E,    -9.5, ,     1.3,E,     6.5,E,    11.3, , -9999.9,M,    10.2, ,     3.3, ,    -1.9, ,   -14.5,E, -9999.9,M, -9999.9,M, -9999.9,M,     -.6,E, -9999.9,M,    -4.4,E
1984,   -15.0, ,   -10.2,E, -9999.9,M, -9999.9,M, -9999.9,M, -9999.9,M, -9999.9,M, -9999.9,M, -9999.9,M, -9999.9,M,   -15.0, ,   -21.2, , -9999.9,M, -9999.9,M, -9999.9,M, -9999.9,M, -9999.9,M
1985,    -7.8, , -9999.9,M, -9999.9,M,    -2.3, , -9999.9,M, -9999.9,M, -9999.9,M, -9999.9,M, -9999.9,M, -9999.9,M, -9999.9,M, -9999.9,M, -9999.9,M, -9999.9,M, -9999.9,M, -9999.9,M, -9999.9,M
1986, -9999.9,M, -9999.9,M, -9999.9,M, -9999.9,M, -9999.9,M, -9999.9,M, -9999.9,M, -9999.9,M, -9999.9,M, -9999.9,M, -9999.9,M, -9999.9,M, -9999.9,M, -9999.9,M, -9999.9,M, -9999.9,M, -9999.9,M
1987, -9999.9,M, -9999.9,M, -9999.9,M, -9999.9,M, -9999.9,M, -9999.9,M, -9999.9,M, -9999.9,M, -9999.9,M, -9999.9,M, -9999.9,M, -9999.9,M, -9999.9,M, -9999.9,M, -9999.9,M, -9999.9,M, -9999.9,M
1988, -9999.9,M, -9999.9,M, -9999.9,M, -9999.9,M, -9999.9,M, -9999.9,M, -9999.9,M, -9999.9,M, -9999.9,M, -9999.9,M, -9999.9,M, -9999.9,M, -9999.9,M, -9999.9,M, -9999.9,M, -9999.9,M, -9999.9,M
1989, -9999.9,M, -9999.9,M, -9999.9,M, -9999.9,M, -9999.9,M, -9999.9,M, -9999.9,M, -9999.9,M, -9999.9,M, -9999.9,M, -9999.9,M, -9999.9,M, -9999.9,M, -9999.9,M, -9999.9,M, -9999.9,M, -9999.9,M
1990, -9999.9,M, -9999.9,M, -9999.9,M, -9999.9,M, -9999.9,M, -9999.9,M, -9999.9,M, -9999.9,M, -9999.9,M, -9999.9,M, -9999.9,M, -9999.9,M, -9999.9,M, -9999.9,M, -9999.9,M, -9999.9,M, -9999.9,M
1991, -9999.9,M, -9999.9,M, -9999.9,M, -9999.9,M, -9999.9,M,    12.5,E, -9999.9,M, -9999.9,M, -9999.9,M, -9999.9,M, -9999.9,M, -9999.9,M, -9999.9,M, -9999.9,M, -9999.9,M, -9999.9,M, -9999.9,M
1992, -9999.9,M, -9999.9,M, -9999.9,M, -9999.9,M, -9999.9,M, -9999.9,M, -9999.9,M, -9999.9,M, -9999.9,M, -9999.9,M, -9999.9,M, -9999.9,M, -9999.9,M, -9999.9,M, -9999.9,M, -9999.9,M, -9999.9,M
1993,   -19.2,E,   -12.7, ,    -8.3,E,     3.1, ,     7.9, ,    11.9, ,    13.6,E,    11.7,E,     8.0,E,     2.4,E,    -8.8, ,   -11.9,E,     -.2,E, -9999.9,M,      .9,E,    12.4,E,      .5,E
1994,   -18.0, , -9999.9,M, -9999.9,M, -9999.9,M, -9999.9,M,    10.9, , -9999.9,M,    14.4, ,     6.6, ,     1.2, ,   -14.0, ,   -19.3, , -9999.9,M, -9999.9,M, -9999.9,M, -9999.9,M,    -2.1, 
1995,   -19.2,E,   -12.7,E,    -9.5,E,     3.0,E,     8.4, ,    11.8, ,    13.1, ,    11.3, ,    10.0,E,      .4, ,   -14.1, ,   -18.7, ,    -1.4,E,   -17.1,E,      .6,E,    12.1, ,    -1.2,E
1996, -9999.9,M,   -11.2, ,    -7.3, ,      .4, ,     6.7, ,    10.9, ,    12.4, ,    10.4, ,     6.2, ,    -3.6, ,   -15.5, ,   -20.3, , -9999.9,M, -9999.9,M,     -.1, ,    11.2, ,    -4.3, 
1997,   -21.1, ,    -5.0, ,    -7.6, ,     3.0, ,     8.2, ,    13.2, ,    14.1, ,    12.8, ,     8.0,E,    -3.6, ,    -7.6, ,   -10.6, ,      .3,E,   -15.5, ,     1.2, ,    13.4, ,    -1.1,E
1998,   -21.5, ,   -10.1, ,    -6.6, ,     2.7, ,     7.4, ,    11.8, ,    12.7, ,    10.4, ,     7.2, ,      .9,E,   -11.4, ,   -18.0, ,    -1.2,E,   -14.1, ,     1.2, ,    11.6, ,    -1.1,E
1999,   -22.3, ,   -19.0,E,    -6.5, ,     1.1, ,     5.8, ,    12.2,E,    14.0, ,    12.0, ,     7.0, ,     1.7, ,   -12.8, ,   -11.4, ,    -1.5,E,   -19.8,E,      .1, ,    12.7,E,    -1.4, 
2000,   -16.6,E,    -8.1, ,    -3.5, ,     1.6, ,     6.5, ,    11.8, ,    12.8, ,    11.1, ,     6.6, ,     1.3, ,    -6.7, ,   -16.6, ,      .0,E,   -12.0,E,     1.5, ,    11.9, ,      .4, 
2001,    -7.4, ,   -12.3, , -9999.9,M, -9999.9,M,     6.0,E, -9999.9,M, -9999.9,M, -9999.9,M, -9999.9,M, -9999.9,M, -9999.9,M, -9999.9,M, -9999.9,M,   -12.1, , -9999.9,M, -9999.9,M, -9999.9,M
2002, -9999.9,M, -9999.9,M, -9999.9,M, -9999.9,M, -9999.9,M, -9999.9,M, -9999.9,M, -9999.9,M, -9999.9,M, -9999.9,M, -9999.9,M, -9999.9,M, -9999.9,M, -9999.9,M, -9999.9,M, -9999.9,M, -9999.9,M
2003, -9999.9,M, -9999.9,M,    -8.9,E,     -.5, ,     5.2, ,    10.7, ,    13.5,E,    10.7, ,     4.9, ,      .9, ,   -13.9, ,   -17.4, , -9999.9,M, -9999.9,M,    -1.4,E,    11.6,E,    -2.7, 
2004,   -24.3, ,    -8.1, , -9999.9,M,     1.0, ,     8.1, ,    14.2, ,    14.7, ,    13.5, ,     5.3,E,     -.3, ,    -9.0, ,   -14.6, , -9999.9,M,   -16.6, , -9999.9,M,    14.1, ,    -1.3,E
2005,   -19.2, ,   -12.8, ,    -1.9, ,     2.2, , -9999.9,M,    12.4, , -9999.9,M,    12.7, ,     7.2, ,    -1.3, ,    -9.4, ,   -10.2, , -9999.9,M,   -15.5, , -9999.9,M, -9999.9,M,    -1.2, 
2006,   -20.6, ,   -12.9, ,   -11.2, ,     -.1, ,     6.1, ,    10.2, ,    12.7, ,     9.8, ,     6.8, ,      .1, ,   -22.6, ,   -11.9, ,    -2.8, ,   -14.6, ,    -1.7, ,    10.9, ,    -5.2, 
2007,   -16.4, ,   -18.2, ,   -14.7,E,    -1.0, ,     5.5,E,    12.1, ,    13.1, ,    11.6, ,     6.6, ,     -.5, ,    -9.8, ,   -20.5, ,    -2.7,E,   -15.5, ,    -3.4,E,    12.3, ,    -1.2, 
2008,   -20.9, ,   -16.1, ,    -6.4, ,     -.1, ,     6.4, ,     9.3, ,    10.7, ,    10.2, ,     5.8, ,    -2.2, ,   -12.4, ,   -22.5, ,    -3.2, ,   -19.2, ,      .0, ,    10.1, ,    -2.9, 
2009,   -19.6, ,   -18.1, ,   -11.6, ,     -.6, ,     6.0,E,    10.7, ,    14.9, ,    11.0, ,     6.1, ,     -.1, ,   -12.1, ,   -16.7, ,    -2.5,E,   -20.1, ,    -2.1,E,    12.2, ,    -2.0, 
2010,   -17.7,E,    -8.9, ,    -4.4, ,      .7, ,     7.3, ,    10.1,E,    12.2, ,    12.0, ,     6.5, ,     -.9, ,    -8.5, ,   -21.8, ,    -1.1,E,   -14.4,E,     1.2, ,    11.4,E,    -1.0, 
2011,   -15.4, ,   -15.7, ,   -12.4, ,      .2, ,     6.3, ,    10.8, ,    12.6, ,     9.2, ,     5.7, ,     -.6, ,   -16.4, ,    -8.6, ,    -2.0, ,   -17.6, ,    -2.0, ,    10.9, ,    -3.8, 
2012,   -20.4, ,    -8.2, ,    -8.5, ,     1.4, ,     5.3, ,    10.3, ,    11.0, ,    10.8, ,     7.0,E,    -3.6, ,   -17.4, ,   -23.0, ,    -2.9,E,   -12.4, ,     -.6, ,    10.7, ,    -4.7,E
