2100880,PELLY RANCH    ,YT, station not joined, Monthly mean of homogenized daily mean temperature                     , °C,          Updated to December 2012
2100880,PELLY RANCH    ,YT, station non-jointe, Moyenne mensuelle des températures homogénéisées moyennes quotidiennes , °C, Mise à jour jusqu à décembre 2012
Year,     Jan, ,     Feb, ,     Mar, ,     Apr, ,     May, ,     Jun, ,     Jul, ,     Aug, ,     Sep, ,     Oct, ,     Nov, ,     Dec, ,  Annual, ,  Winter, ,  Spring, ,  Summer, ,  Autumn
Year,    Janv, ,     Fév, ,    Mars, ,     Avr, ,     Mai, ,    Juin, ,    Juil, ,    Août, ,    Sept, ,     Oct, ,     Nov, ,     Déc, ,  Annuel, ,   Hiver, ,Printemp, ,     Eté, , Automne
1955,   -21.3, ,   -24.5, ,   -15.8, ,    -1.4, ,     6.3, ,    11.9, ,    16.2, ,    10.8, , -9999.9,M, -9999.9,M, -9999.9,M,   -32.1, , -9999.9,M, -9999.9,M,    -3.6, ,    13.0, , -9999.9,M
1956, -9999.9,M, -9999.9,M, -9999.9,M,    -1.1, ,     8.3, ,    12.2, ,    15.0, ,    12.6, ,     5.5, ,    -6.3, ,   -12.3, ,   -32.2, , -9999.9,M, -9999.9,M, -9999.9,M,    13.3, ,    -4.4, 
1957,   -28.6, ,   -22.2, ,    -9.6, ,    -1.0, ,     8.0, ,    13.9, ,    13.9, ,    14.8, ,     8.1, ,    -3.2, ,   -11.1, ,   -27.9, ,    -3.7, ,   -27.7, ,     -.9, ,    14.2, ,    -2.1, 
1958,   -18.3, ,   -25.2, ,   -12.4, ,     2.0, ,     8.5, ,    15.6, ,    16.4, ,    12.7, ,     5.4, ,    -7.1, ,   -14.4, ,   -24.2, ,    -3.4, ,   -23.8, ,     -.6, ,    14.9, ,    -5.4, 
1959,   -38.3, ,   -21.0, ,   -16.8, ,    -2.4, ,     6.7, ,    13.4, ,    13.5, ,    10.0, ,     6.5, ,    -6.2, ,   -15.8, ,   -22.9, ,    -6.1, ,   -27.8, ,    -4.2, ,    12.3, ,    -5.2, 
1960,   -25.7, ,   -16.9, ,   -14.3, ,     1.0, ,     9.3, ,    12.3, ,    14.1, ,    12.1, ,     7.4, ,    -1.5, ,   -15.6, ,   -17.9, ,    -3.0, ,   -21.8, ,    -1.3, ,    12.8, ,    -3.2, 
1961,   -22.6, ,   -21.4, ,   -13.9, ,    -2.2, ,     7.6, ,    13.0, ,    15.1, ,    12.3, ,     6.6, ,    -5.0, ,   -22.2, ,   -34.0, ,    -5.6, ,   -20.6, ,    -2.8, ,    13.5, ,    -6.9, 
1962,   -27.2, ,   -19.3, ,   -16.0, ,     -.2, ,     6.9, ,    12.1, ,    15.3, ,    13.4, ,     5.2, ,      .6, ,   -11.4, ,   -24.0, ,    -3.7, ,   -26.8, ,    -3.1, ,    13.6, ,    -1.9, 
1963,   -20.9, ,   -16.0, ,   -14.3, ,    -1.2, , -9999.9,M,    10.8, ,    14.6, ,    13.4, ,     7.3, ,      .8, ,   -23.1, ,   -17.8, , -9999.9,M,   -20.3, , -9999.9,M,    12.9, ,    -5.0, 
1964,   -28.2, ,   -16.5, ,   -20.8, ,    -2.0, ,     3.5, ,    13.8, ,    13.7, ,    12.1, ,     7.0, ,      .5, ,   -17.5, ,   -38.8, ,    -6.1, ,   -20.8, ,    -6.4, ,    13.2, ,    -3.3, 
1965,   -31.3, ,   -27.0, ,    -6.7, ,      .5, ,     6.2, ,    11.6, ,    15.4, ,    12.0, ,     6.8, ,    -4.6, ,   -21.6, ,   -22.0, ,    -5.1, ,   -32.4, ,      .0, ,    13.0, ,    -6.5, 
1966, -9999.9,M,   -20.3, ,   -14.6, ,    -1.5, ,     6.3, ,    13.7, ,    15.7, ,    10.9, ,     7.1, ,    -4.7, ,   -22.5, ,   -28.5, , -9999.9,M, -9999.9,M,    -3.3, ,    13.4, ,    -6.7, 
1967,   -31.2, ,   -23.3, ,   -17.5, ,    -3.2, ,     6.3, ,    13.3, ,    13.8, ,    13.9, ,     7.9, ,    -1.7, ,   -12.8, ,   -22.6, ,    -4.8, ,   -27.7, ,    -4.8, ,    13.7, ,    -2.2, 
1968,   -29.1, ,   -18.9, ,    -5.0, ,     -.1, ,     8.0, ,    13.2, ,    15.1, ,    12.4, ,     5.6, ,    -3.7, ,   -13.2, ,   -32.8, ,    -4.0, ,   -23.5, ,     1.0, ,    13.6, ,    -3.8, 
1969,   -40.9, ,   -23.1, ,   -11.9, ,     3.0, ,     7.3, ,    15.3, ,    13.4, ,     8.4, ,     6.8, ,     -.8, ,   -15.1, ,   -18.3, ,    -4.7, ,   -32.3, ,     -.5, ,    12.4, ,    -3.0, 
1970,   -29.6, ,   -17.8, ,    -5.7, ,      .8, ,     7.5, ,    11.6, ,    14.1, ,    11.4, ,     4.8, ,    -5.1, ,   -14.4, ,   -25.8, ,    -4.0, ,   -21.9, ,      .9, ,    12.4, ,    -4.9, 
1971,   -39.6, ,   -20.3, ,   -16.6, ,     -.5, ,     7.1, ,    12.9, ,    15.5, ,    12.3, ,     5.8, ,    -5.1, ,   -16.7, ,   -30.2, ,    -6.3, ,   -28.6, ,    -3.3, ,    13.6, ,    -5.3, 
1972,   -37.1, ,   -30.3, ,   -17.5, ,    -6.9, ,     6.7, ,    12.7, ,    14.9, ,    13.4, ,     4.1, ,    -5.4, ,   -14.3, ,   -27.9, ,    -7.3, ,   -32.5, ,    -5.9, ,    13.7, ,    -5.2, 
1973,   -34.9, ,   -26.3, ,   -12.1, ,     1.3, ,     7.1, ,    12.1, ,    14.5, ,    11.3, ,     5.7, ,    -3.6, ,   -27.0, ,   -26.0, ,    -6.5, ,   -29.7, ,    -1.2, ,    12.6, ,    -8.3, 
1974,   -37.1, ,   -24.3, ,   -17.7, ,     -.9, ,     6.3, ,    11.5, ,    14.5, ,    11.9, ,     6.3, ,    -2.3, ,   -11.6, ,   -17.6, ,    -5.1, ,   -29.1, ,    -4.1, ,    12.6, ,    -2.5, 
1975,   -30.7, ,   -26.3, ,   -12.1, ,     -.1, ,     8.3,E,    13.5, ,    15.3, ,    11.6, ,     7.1, ,    -3.4, ,   -23.4, ,   -32.5, ,    -6.1,E,   -24.9, ,    -1.3,E,    13.5, ,    -6.6, 
1976,   -27.5, ,   -25.4, ,   -13.6, ,     1.0, ,     7.0, ,    13.1, ,    15.6, ,    13.4, ,     7.9, ,    -2.2, ,    -6.4, ,   -21.5, ,    -3.2, ,   -28.5, ,    -1.9, ,    14.0, ,     -.2, 
1977,   -16.7, ,   -10.7, ,   -10.4, ,      .8, ,     8.1, ,    13.3, ,    14.1, ,    15.2, ,     6.7, ,     -.7,E,   -22.2, ,   -34.0, ,    -3.0,E,   -16.3, ,     -.5, ,    14.2, ,    -5.4,E
1978,   -25.3, ,   -17.3, ,    -9.5, ,      .2, ,     8.2, ,    12.6, ,    15.8, ,    13.6, ,     8.3, ,    -1.7, ,   -16.3, ,   -21.5, ,    -2.7, ,   -25.5, ,     -.4, ,    14.0, ,    -3.2, 
1979,   -31.3,E,   -38.1, ,    -8.8,E,     -.5, ,     7.6, ,    12.2, ,    15.5, ,    14.1, ,     8.2, ,     1.0, ,    -9.3,E,   -26.0, ,    -4.6,E,   -30.3,E,     -.6,E,    13.9, ,      .0,E
1980,   -30.3, ,   -15.5, ,    -9.6, ,     3.8, ,     9.3, ,    14.3, ,    15.1, ,    11.5, ,     4.9, ,     1.8, ,    -9.9, ,   -38.9, ,    -3.6, ,   -23.9, ,     1.2, ,    13.6, ,    -1.1, 
1981,    -9.0, ,   -18.3, ,    -5.4, ,    -2.3, ,    10.5, ,    11.6, ,    14.7, ,    12.5, ,     5.8, ,     -.5, ,    -8.9, ,   -24.5, ,    -1.2, ,   -22.1, ,      .9, ,    12.9, ,    -1.2, 
1982,   -40.2, ,   -24.6, ,   -15.4, ,    -1.9, ,     6.3, ,    13.7, ,    16.1, ,    12.0, ,     7.2, ,    -5.2, ,   -19.2, ,   -20.6, ,    -6.0, ,   -29.8, ,    -3.7, ,    13.9, ,    -5.7, 
1983,   -28.6, ,   -20.1, ,   -13.5,E,     2.2, ,     8.1, ,    13.9, ,    15.2, ,    11.7, ,     3.8, ,    -1.8, ,   -12.5, ,   -34.8, ,    -4.7,E,   -23.1, ,    -1.1,E,    13.6, ,    -3.5, 
1984,   -24.3, ,   -18.7, ,    -4.9, ,     2.4, ,     7.5, ,    13.7, ,    14.2, ,    11.7, ,     6.7, ,    -3.5, ,   -16.7, ,   -25.8, ,    -3.1, ,   -25.9, ,     1.7, ,    13.2, ,    -4.5, 
1985,   -12.5, ,   -26.7, ,   -10.2, ,    -2.3, ,     7.3, ,    11.5, ,    15.0, ,    11.2, ,     5.5, ,    -5.3, ,   -24.6, ,   -15.0, ,    -3.8, ,   -21.7, ,    -1.7, ,    12.6, ,    -8.1, 
1986,   -17.2, ,   -19.6, ,   -12.2, ,    -5.7, ,     6.1, ,    12.7, ,    16.1, ,    11.3, ,     6.6, ,    -1.1, ,   -20.5, ,   -19.4, ,    -3.6, ,   -17.3, ,    -3.9, ,    13.4, ,    -5.0, 
1987,   -18.4, ,   -15.6, ,   -14.1, ,     1.2, ,     7.9, ,    13.4, ,    15.9, ,    12.7, ,     6.8, ,      .6, ,   -10.1, ,   -20.2, ,    -1.7, ,   -17.8, ,    -1.7, ,    14.0, ,     -.9, 
1988,   -28.1, ,   -18.9, ,    -6.2, ,     2.3, ,     9.2, ,    13.9, ,    14.9, ,    13.2, ,     6.3, ,    -2.4, ,   -13.8, ,   -19.1, ,    -2.4, ,   -22.4, ,     1.8, ,    14.0, ,    -3.3, 
1989,   -31.2, ,   -24.5, ,   -16.7, ,     2.1, ,     9.2, ,    13.8, ,    17.2, ,    15.1, ,     7.0, ,    -3.7, ,   -21.6, ,   -18.1, ,    -4.3, ,   -24.9, ,    -1.8, ,    15.4, ,    -6.1, 
1990,   -30.5, ,   -28.5, ,    -8.2, ,     2.4, ,    10.1, ,    14.2, ,    15.9, ,    14.1, ,     7.8, ,    -3.4, ,   -26.1,E,   -28.4, ,    -5.1,E,   -25.7, ,     1.4, ,    14.7, ,    -7.2,E
1991,   -28.4, ,   -16.9, ,   -11.3,E,     1.8, ,     9.0,E,    14.4, ,    15.3, ,    11.3, ,     8.2, ,    -4.9,E,   -15.2, ,   -23.2, ,    -3.3,E,   -24.6, ,     -.2,E,    13.7, ,    -4.0,E
1992,   -20.7,E,   -19.4,E,    -5.8, ,     -.7, ,     6.0, ,    13.3, ,    15.5,E,    12.4, ,      .8, ,    -6.8, ,   -10.4, ,   -27.7,E,    -3.6,E,   -21.1,E,     -.2, ,    13.7,E,    -5.5, 
1993,   -26.4,E,   -18.8, ,    -9.8, ,     2.2, ,     9.4, ,    13.9, ,    16.0, ,    12.9, ,     6.6, ,      .6, ,   -14.3, ,   -18.2, ,    -2.2,E,   -24.3,E,      .6, ,    14.3, ,    -2.4, 
1994,   -27.4, ,   -27.4, ,    -7.8, ,     3.3, ,     8.3, ,    13.5, ,    16.5, ,    15.9, ,     6.1, ,    -1.4, ,   -18.9, ,   -26.6, ,    -3.8, ,   -24.3, ,     1.3, ,    15.3, ,    -4.7, 
1995,   -23.3, ,   -17.6, ,   -12.8, ,     4.5, ,    10.6, ,    15.7, ,    16.2, ,    12.6, ,    10.4, ,     -.9, ,   -20.5, ,   -25.4, ,    -2.5, ,   -22.5, ,      .8, ,    14.8, ,    -3.7, 
1996,   -37.5, ,   -17.2, ,   -12.8, ,      .0, ,     6.9, ,    12.9, ,    15.3, ,    11.5, ,     5.7, ,    -7.9, ,   -23.7, ,   -28.9, ,    -6.3, ,   -26.7, ,    -2.0, ,    13.2, ,    -8.6, 
1997,   -30.7, ,   -12.9, ,   -15.2, ,      .7, ,     8.2, ,    13.8, ,    16.4, ,    13.5, ,     8.7, ,    -6.3, ,   -10.2, ,   -15.3, ,    -2.4, ,   -24.2, ,    -2.1, ,    14.6, ,    -2.6, 
1998,   -27.0, ,   -14.7, ,    -9.8, ,     3.6, ,    11.2, ,    15.1, ,    17.0, ,    12.0, ,     7.0, ,    -2.2, ,   -13.7, ,   -25.8, ,    -2.3, ,   -19.0, ,     1.7, ,    14.7, ,    -3.0, 
1999,   -29.4, ,   -23.5, ,    -9.5, ,     1.5, ,     6.9, ,    15.4, ,    15.7, ,    15.0, ,     7.3, ,    -1.7, ,   -15.4, ,   -18.1, ,    -3.0, ,   -26.2, ,     -.4, ,    15.4, ,    -3.3, 
2000,   -25.0, ,   -13.2, ,    -5.9, ,     -.5, ,     6.9, ,    14.5, ,    15.3, ,    10.8, ,     5.2, ,    -2.5, ,   -10.3, ,   -22.1, ,    -2.2, ,   -18.8, ,      .2, ,    13.5, ,    -2.5, 
2001,   -13.8, ,   -18.0, ,    -9.7, ,     1.2, ,     6.2, ,    14.2, ,    14.9, ,    14.2, ,     7.4, ,    -2.1, ,   -15.4, ,   -22.9, ,    -2.0, ,   -18.0, ,     -.8, ,    14.4, ,    -3.4, 
2002,   -19.5, ,   -19.5, ,   -15.9, ,    -5.6, ,     7.3, ,    13.4, ,    15.4, ,    11.9, ,     7.4, ,     1.3, ,    -6.4, ,   -13.4, ,    -2.0, ,   -20.6, ,    -4.7, ,    13.6, ,      .8, 
2003,   -19.8, ,   -15.7, ,   -12.7, ,     -.5, ,     6.9, ,    12.8, ,    16.7, ,    12.8, ,     5.1, ,      .3, ,   -17.7, ,   -22.6, ,    -2.9, ,   -16.3, ,    -2.1, ,    14.1, ,    -4.1, 
2004,   -33.0, ,   -15.8, ,   -11.8, ,     2.4, ,    10.3, ,    17.3, ,    16.8, ,    14.1, ,     4.4, ,    -2.1, ,   -15.8, ,   -21.4, ,    -2.9, ,   -23.8, ,      .3, ,    16.1, ,    -4.5, 
2005,   -25.7, ,   -18.7, ,    -4.4, ,     3.0, ,    11.6, ,    14.6, ,    15.0, ,    13.5, ,     8.0, ,      .5, ,   -13.9, ,   -13.0, ,     -.8, ,   -21.9, ,     3.4, ,    14.4, ,    -1.8, 
2006,   -22.8, ,   -15.3, ,   -13.6, ,     1.0, ,     8.5, ,    14.6, ,    16.6, ,    12.7, ,     8.5, ,    -1.2, ,   -27.3, ,   -17.9, ,    -3.0, ,   -17.0, ,    -1.4, ,    14.6, ,    -6.7, 
2007,   -22.0, ,   -26.2, ,   -16.8, ,     1.8, ,     9.2, ,    15.3, ,    17.0, ,    14.2, ,     7.2, ,    -2.2, ,   -10.2, ,   -24.6, ,    -3.1, ,   -22.0, ,    -1.9, ,    15.5, ,    -1.7, 
2008,   -27.9, ,   -22.4, ,    -7.1, ,      .5, ,     9.3, ,    13.9, ,    13.7, ,    12.1, ,     6.9, ,    -2.5, , -9999.9,M,   -27.4, , -9999.9,M,   -25.0, ,      .9, ,    13.2, , -9999.9,M
2009,   -26.4, ,   -22.4, ,   -12.9, ,      .2, ,     9.0, ,    15.0, ,    17.2, ,    13.3, ,     7.9, ,     -.3, ,   -12.7, ,   -18.7, ,    -2.6, ,   -25.4, ,    -1.2, ,    15.2, ,    -1.7, 
2010,   -20.8, ,   -13.3, ,    -5.1, ,     3.5, ,    10.0, ,    14.1, ,    15.2, , -9999.9,M, -9999.9,M, -9999.9,M, -9999.9,M, -9999.9,M, -9999.9,M,   -17.6, ,     2.8, , -9999.9,M, -9999.9,M
2011, -9999.9,M,   -20.7, ,   -15.4, ,     1.2, ,     9.9, ,    14.0, ,    15.6, ,    12.9, ,     8.1, ,    -1.1, ,   -20.3, ,   -17.6, , -9999.9,M, -9999.9,M,    -1.4, ,    14.2, ,    -4.4, 
2012,   -28.2, ,   -10.6, ,   -10.6, ,     2.9, ,     8.6, ,    14.8, ,    15.0, ,    13.1, , -9999.9,M,    -5.1, , -9999.9,M, -9999.9,M, -9999.9,M,   -18.8, ,      .3, ,    14.3, , -9999.9,M
