2203914,TUKTOYAKTUK    ,NT, station joined    , Monthly mean of homogenized daily mean temperature                     , °C,          Updated to December 2012
2203914,TUKTOYAKTUK    ,NT, station jointe    , Moyenne mensuelle des températures homogénéisées moyennes quotidiennes , °C, Mise à jour jusqu à décembre 2012
Year,     Jan, ,     Feb, ,     Mar, ,     Apr, ,     May, ,     Jun, ,     Jul, ,     Aug, ,     Sep, ,     Oct, ,     Nov, ,     Dec, ,  Annual, ,  Winter, ,  Spring, ,  Summer, ,  Autumn
Year,    Janv, ,     Fév, ,    Mars, ,     Avr, ,     Mai, ,    Juin, ,    Juil, ,    Août, ,    Sept, ,     Oct, ,     Nov, ,     Déc, ,  Annuel, ,   Hiver, ,Printemp, ,     Eté, , Automne
1957, -9999.9,M, -9999.9,M, -9999.9,M, -9999.9,M, -9999.9,M, -9999.9,M, -9999.9,M, -9999.9,M,     2.8, ,    -6.3, ,   -22.3, , -9999.9,M, -9999.9,M, -9999.9,M, -9999.9,M, -9999.9,M,    -8.6, 
1958,   -26.3, ,   -33.7, ,   -24.7, ,   -17.4, ,    -4.5, ,     6.8, ,    11.5, ,    12.7, ,     5.8, ,    -7.2, ,   -19.4, ,   -25.0, ,   -10.1, , -9999.9,M,   -15.5, ,    10.3, ,    -6.9, 
1959,   -29.3, ,   -24.0, ,   -29.6, ,   -17.2, ,    -7.3, ,     3.1, ,     8.6, ,     5.9, ,     1.2, ,    -9.9, ,   -22.0, ,   -26.4, ,   -12.2, ,   -26.1, ,   -18.0, ,     5.9, ,   -10.2, 
1960,   -32.6, , -9999.9,M,   -26.0, ,   -18.6, ,    -4.8, ,     4.9, ,     7.6, ,     7.9, ,     1.8, ,    -7.4, ,   -23.9, ,   -22.8, , -9999.9,M, -9999.9,M,   -16.5, ,     6.8, ,    -9.8, 
1961,   -28.3, ,   -30.7, ,   -29.5, ,   -22.0, ,    -4.2, ,     6.2, ,    11.8, ,     8.2, ,     1.8, ,   -10.2, ,   -22.6, ,   -30.2, ,   -12.5, ,   -27.3, ,   -18.6, ,     8.7, ,   -10.3, 
1962, -9999.9,M,   -23.7, ,   -27.5, ,   -16.7, ,    -8.3, ,     5.8, ,    10.7, ,    12.2, ,     2.7, ,    -3.9, ,   -19.3, ,   -21.3, , -9999.9,M, -9999.9,M,   -17.5, ,     9.6, ,    -6.8, 
1963,   -29.9, ,   -28.5, ,   -27.2, ,   -12.4, ,    -2.1, ,     5.7, ,    11.8, ,     9.7, ,     1.6, ,    -7.7, ,   -22.3, ,   -20.1, ,   -10.1, ,   -26.6, ,   -13.9, ,     9.1, ,    -9.5, 
1964,   -29.1, ,   -29.7, ,   -30.3, ,   -23.1, ,    -6.6, ,     2.6, ,     8.3, ,     8.2, ,     1.1, ,    -7.0, ,   -18.5, ,   -28.1, ,   -12.7, ,   -26.3, ,   -20.0, ,     6.4, ,    -8.1, 
1965,   -30.3, ,   -34.6, ,   -20.3, ,   -13.6, ,    -4.5, ,     2.7, ,    11.6, ,     9.9, ,     1.7, ,    -9.5, ,   -16.2, ,   -24.5, ,   -10.6, ,   -31.0, ,   -12.8, ,     8.1, ,    -8.0, 
1966,   -34.0, ,   -30.2, ,   -25.3, ,   -21.1, ,    -2.9, ,     6.0, ,    11.1, ,     7.0, ,     4.5, ,    -7.9, ,   -21.1, ,   -23.2, ,   -11.4, ,   -29.6, ,   -16.4, ,     8.0, ,    -8.2, 
1967,   -26.6, ,   -30.8, ,   -25.1, ,   -14.8, ,    -3.9, ,     4.9, ,     9.7, ,     7.5, ,      .9, ,    -8.7, ,   -18.7, ,   -22.6, ,   -10.7, ,   -26.9, ,   -14.6, ,     7.4, ,    -8.8, 
1968,   -28.8, ,   -30.7, ,   -21.4, ,   -17.2, ,    -3.4, ,     5.4, ,    11.9, ,     8.6, ,     2.8, ,    -5.4, ,   -19.9, ,   -26.6, ,   -10.4, ,   -27.4, ,   -14.0, ,     8.6, ,    -7.5, 
1969,   -29.2, ,   -29.6, ,   -25.3, ,   -12.2, ,    -3.9, ,     4.4, ,     9.3, ,     5.5, ,     2.6, ,    -3.2, ,   -23.8, ,   -19.5, ,   -10.4, ,   -28.5, ,   -13.8, ,     6.4, ,    -8.1, 
1970,   -27.5, ,   -29.7, ,   -24.9, ,   -16.9, ,    -5.2, ,     4.5, ,    11.6, ,    11.1, ,      .5, ,   -12.2, ,   -18.1, ,   -28.7, ,   -11.3, ,   -25.6, ,   -15.7, ,     9.1, ,    -9.9, 
1971,   -32.5, ,   -33.5, ,   -27.7, ,   -20.2, ,    -3.7, ,     8.7, ,    11.5, ,     6.9, ,     3.4, ,    -7.3, ,   -21.3, ,   -28.9, ,   -12.1, ,   -31.6, ,   -17.2, ,     9.0, ,    -8.4, 
1972,   -28.7, ,   -30.4, ,   -26.0, ,   -18.4, ,    -7.1, ,     4.7, ,    11.5, ,    10.6, ,      .6, ,    -6.4, ,   -20.1, ,   -22.0, ,   -11.0, ,   -29.3, ,   -17.2, ,     8.9, ,    -8.6, 
1973,   -25.6, ,   -27.7, ,   -30.2, ,   -15.3, ,    -1.9, ,     7.3, ,    11.8, ,     9.4, ,     5.9, ,    -7.3, ,   -18.2, ,   -21.7, ,    -9.5, ,   -25.1, ,   -15.8, ,     9.5, ,    -6.5, 
1974,   -24.5, ,   -32.6, ,   -28.8, ,   -21.5, ,    -5.7, ,     1.7, ,     9.0, ,     8.0, ,      .3, ,   -13.9, ,   -22.4, ,   -30.3, ,   -13.4, ,   -26.3, ,   -18.7, ,     6.2, ,   -12.0, 
1975,   -35.1, ,   -27.8, ,   -22.6, ,   -16.1, ,    -2.7, ,     5.7, ,    10.4, ,     8.7, ,      .7, ,    -9.4, ,   -24.8, ,   -28.7, ,   -11.8, ,   -31.1, ,   -13.8, ,     8.3, ,   -11.2, 
1976,   -29.5, ,   -30.8, ,   -27.7, ,   -11.8, ,    -3.4, ,     5.0, ,    11.7, ,    10.4, ,     5.6, ,    -7.3, ,   -13.9, ,   -29.5, ,   -10.1, ,   -29.7, ,   -14.3, ,     9.0, ,    -5.2, 
1977,   -25.7, ,   -24.6, ,   -29.6, ,   -16.7, ,    -2.8, ,     6.3, ,    10.5, ,    11.0, ,     5.0, ,    -4.8, ,   -19.5, ,   -24.4, ,    -9.6, ,   -26.6, ,   -16.4, ,     9.3, ,    -6.4, 
1978,   -23.3, ,   -23.0, ,   -22.0, ,   -17.5, ,    -8.6, ,     2.7, ,    10.2, ,     7.6, ,     5.6, ,   -11.9, ,   -15.7, ,   -23.9, ,   -10.0, ,   -23.6, ,   -16.0, ,     6.8, ,    -7.3, 
1979,   -20.7, ,   -30.4, ,   -31.2, ,   -15.2, ,    -3.7, ,     4.7, ,    14.2, ,    12.0, ,     4.0, ,    -5.0, ,   -10.9, ,   -24.5, ,    -8.9, ,   -25.0, ,   -16.7, ,    10.3, ,    -4.0, 
1980,   -27.4, ,   -22.3, ,   -26.3, ,   -18.5, ,    -6.6, ,     7.4, ,     7.8, ,     8.9, ,     -.5, ,    -4.1, ,   -17.6, ,   -27.3, ,   -10.5, ,   -24.7, ,   -17.1, ,     8.0, ,    -7.4, 
1981,   -14.6, ,   -25.3, ,   -22.6, ,   -14.1, ,    -1.6, ,     5.2, ,    10.5, ,     8.6, ,     2.3, ,    -5.6, ,   -18.4, ,   -20.6, ,    -8.0, ,   -22.4, ,   -12.8, ,     8.1, ,    -7.2, 
1982, -9999.9,M,   -24.0, ,   -26.0, ,   -15.9, ,    -6.8, ,     4.7, ,    12.2, ,     8.8, ,     4.9, ,    -9.7, ,   -25.9, ,   -27.4, , -9999.9,M, -9999.9,M,   -16.2, ,     8.6, ,   -10.2, 
1983,   -28.8, ,   -28.5, ,   -28.0, ,   -17.7, ,    -9.3, ,     7.2, ,    12.4, ,    10.3, ,     1.1, ,   -12.3, ,   -15.1, ,   -22.7, ,   -11.0, ,   -28.2, ,   -18.3, ,    10.0, ,    -8.8, 
1984, -9999.9,M, -9999.9,M,   -26.7, ,   -15.1, ,    -3.3, ,     7.6, ,     9.8, ,     7.6, ,     2.9, ,    -8.6, ,   -23.5, ,   -28.1, , -9999.9,M, -9999.9,M,   -15.0, ,     8.3, ,    -9.7, 
1985,   -24.2, , -9999.9,M,   -22.2, ,   -20.8, ,    -2.1, ,     5.7, ,     6.0, ,     7.3, ,     2.5, ,    -9.7, ,   -19.5, ,   -21.8, , -9999.9,M, -9999.9,M,   -15.0, ,     6.3, ,    -8.9, 
1986, -9999.9,M,   -22.4, ,   -28.3, ,   -20.5, ,    -6.7, ,     4.3, ,     8.2, ,     8.1, ,     5.2, ,    -7.7, ,   -23.5, ,   -21.5, , -9999.9,M, -9999.9,M,   -18.5, ,     6.9, ,    -8.7, 
1987,   -21.4, , -9999.9,M,   -21.6, ,   -20.6, ,    -8.1, ,     6.4, ,    11.2, ,     8.8, ,     4.1, ,    -3.2, ,   -20.1, ,   -19.9, , -9999.9,M, -9999.9,M,   -16.8, ,     8.8, ,    -6.4, 
1988,   -25.1, ,   -25.3, ,   -20.9, ,   -13.0, ,    -4.8, ,     8.1, ,    13.6, ,     9.3, ,     3.4, ,    -9.3, ,   -26.3, ,   -21.0, ,    -9.3, ,   -23.4, ,   -12.9, ,    10.3, ,   -10.7, 
1989, -9999.9,M,   -14.6, ,   -25.9, ,   -13.2, ,    -6.1, ,     7.7, ,    14.1, ,    14.5, ,     4.4, ,    -6.7, ,   -26.4, ,   -25.8, , -9999.9,M, -9999.9,M,   -15.1, ,    12.1, ,    -9.6, 
1990,   -29.9, , -9999.9,M,   -19.5, ,   -11.8, ,    -4.5, ,     6.5, ,    13.1, ,     7.8, ,     2.5, ,    -6.6, ,   -24.2, ,   -25.7, , -9999.9,M, -9999.9,M,   -11.9, ,     9.1, ,    -9.4, 
1991,   -24.3, ,   -28.6, ,   -25.7, ,   -13.1, ,     1.3, ,     5.0, ,     9.5, ,     6.9, ,     2.1, ,    -6.8, ,   -21.7, ,   -27.4, ,   -10.2, ,   -26.2, ,   -12.5, ,     7.1, ,    -8.8, 
1992,   -27.4, ,   -28.8, ,   -19.1, ,   -17.9, ,    -5.5, ,     6.5, ,    10.7, ,    10.3, ,     -.1, ,   -11.1, ,   -17.7, ,   -24.0, ,   -10.3, ,   -27.9, ,   -14.2, ,     9.2, ,    -9.6, 
1993,   -21.1,E,   -21.9,E,   -20.1, ,   -13.9, ,    -2.8, ,     7.3, , -9999.9,M, -9999.9,M, -9999.9,M, -9999.9,M, -9999.9,M, -9999.9,M, -9999.9,M,   -22.3,E,   -12.3, , -9999.9,M, -9999.9,M
1994, -9999.9,M, -9999.9,M, -9999.9,M, -9999.9,M, -9999.9,M, -9999.9,M, -9999.9,M, -9999.9,M,     1.4, , -9999.9,M, -9999.9,M, -9999.9,M, -9999.9,M, -9999.9,M, -9999.9,M, -9999.9,M, -9999.9,M
1995, -9999.9,M, -9999.9,M, -9999.9,M, -9999.9,M,      .9,E,     8.1, ,    13.0, ,     8.5, ,     5.7, ,    -6.1, ,   -18.5, ,   -27.6,E, -9999.9,M, -9999.9,M, -9999.9,M,     9.9, ,    -6.3, 
1996,   -26.5,E,   -24.6, ,   -21.6, ,   -16.9, ,    -4.3, ,     7.3,E,    11.4, ,     6.5, ,     -.4, ,   -13.7,E,   -19.0, ,   -24.6,E,   -10.5,E,   -26.2,E,   -14.3, ,     8.4,E,   -11.0,E
1997,   -28.5, ,   -27.4,E,   -26.7,E,   -15.2,E,    -4.8,E,     8.4, ,    11.9, ,    11.0, ,     4.8,E,    -7.8, ,   -14.5, ,   -24.1, ,    -9.4,E,   -26.8,E,   -15.6,E,    10.4, ,    -5.8,E
1998,   -30.2, ,   -23.8, ,   -18.7, ,    -6.1,E,     1.8, ,     9.5, ,    15.0, ,    13.1, ,     6.2, ,    -4.3, ,   -13.9,E,   -18.6, ,    -5.8,E,   -26.0, ,    -7.7,E,    12.5, ,    -4.0,E
1999,   -27.4, ,   -25.2, ,   -25.1, ,   -16.5, ,    -2.7, ,     7.4, ,     9.5, ,    11.1, ,     4.1, ,    -9.2, ,   -20.1, ,   -25.6, ,   -10.0, ,   -23.7, ,   -14.8, ,     9.3, ,    -8.4, 
2000,   -25.0, ,   -26.6, ,   -25.9, ,   -16.6, ,    -8.1, ,     7.1, ,    11.4, ,     7.1, ,     2.6, ,    -8.5, ,   -18.4, ,   -26.6, ,   -10.6, ,   -25.7, ,   -16.9, ,     8.5, ,    -8.1, 
2001,   -22.8, ,   -23.5, ,   -27.0, ,   -14.4, ,    -6.3, ,     5.7, ,    10.8, ,    10.2, ,     5.5, ,    -6.6, ,   -17.3, ,   -21.6, ,    -8.9, ,   -24.3, ,   -15.9, ,     8.9, ,    -6.1, 
2002,   -25.8, ,   -30.2, ,   -22.4, ,   -16.0, ,    -2.3, ,     6.2, ,    10.4, ,     7.4, ,     5.6, ,    -5.5, ,   -15.1, ,   -16.2, ,    -8.7, ,   -25.9, ,   -13.6, ,     8.0, ,    -5.0, 
2003,   -28.4, ,   -28.4, ,   -25.2, ,   -12.1, ,    -3.0, ,     5.6, ,    11.9, ,     7.9, ,     3.2, ,    -2.6, ,   -18.0, ,   -25.0, ,    -9.5, ,   -24.3, ,   -13.4, ,     8.5, ,    -5.8, 
2004,   -29.0, ,   -31.6,E,   -29.3, ,   -17.1, ,    -6.8, ,     8.6, ,    12.5, ,    10.0, ,     2.3, ,    -7.8, ,   -21.7, ,   -29.8, ,   -11.6,E,   -28.5,E,   -17.7, ,    10.4, ,    -9.1, 
2005,   -22.3, ,   -25.7, ,   -23.2, ,   -14.9, ,    -2.5, ,     5.4, ,     7.5, ,     8.6, ,     3.9, ,    -6.6, ,   -20.7, ,   -19.8, ,    -9.2, ,   -25.9, ,   -13.5, ,     7.2, ,    -7.8, 
2006,   -27.1, ,   -19.2, ,   -26.5, ,   -17.9, ,     -.6, ,     8.1, ,    11.8,E,    11.0, ,     7.3, ,    -4.5, ,   -19.1, ,   -18.6, ,    -7.9,E,   -22.0, ,   -15.0, ,    10.3,E,    -5.4, 
2007,   -24.7, ,   -29.8, ,   -28.8, ,   -12.4, ,    -5.3, ,     6.7, ,    12.7,E,     9.2, ,     3.1, ,    -7.6, ,   -16.4, ,   -23.0,E,    -9.7,E,   -24.4, ,   -15.5, ,     9.5,E,    -7.0, 
2008,   -25.4,E,   -25.5, ,   -28.0, ,   -13.3,E,    -1.4, ,     9.1, ,    13.1, ,     6.5, ,     1.8, ,    -9.4, ,   -15.6, ,   -23.8, ,    -9.3,E,   -24.6,E,   -14.2,E,     9.6, ,    -7.7, 
2009,   -25.1, ,   -25.8, ,   -28.7, ,   -14.7, ,    -3.6, ,     5.0, ,     8.6, ,     9.0, ,     4.0, ,    -5.6, ,   -19.0,E,   -21.0,E,    -9.7,E,   -24.9, ,   -15.7, ,     7.5, ,    -6.9,E
2010,   -26.7,E,   -24.0, ,   -21.7, ,    -8.0, ,    -3.4, ,     5.6,E, -9999.9,M,    11.3, ,     3.8, ,    -5.6, ,   -13.6,E,   -26.2, , -9999.9,M,   -23.9,E,   -11.0, , -9999.9,M,    -5.1,E
2011,   -25.8, ,   -23.7,E,   -22.3, ,   -18.7, ,    -1.5, ,     5.5, ,    12.8, ,    10.4, , -9999.9,M, -9999.9,M, -9999.9,M, -9999.9,M, -9999.9,M,   -25.2,E,   -14.2, ,     9.6, , -9999.9,M
2012, -9999.9,M, -9999.9,M,   -30.0, ,   -14.3,E,    -2.0, ,     9.8, ,    16.0,E,    12.7, ,     6.8, ,    -3.2, ,   -16.2, ,   -27.8, , -9999.9,M, -9999.9,M,   -15.4,E,    12.8,E,    -4.2, 
