2201601,FORT MCPHERSON ,NT, station joined    , Monthly mean of homogenized daily mean temperature                     , °C,          Updated to December 2012
2201601,FORT MCPHERSON ,NT, station jointe    , Moyenne mensuelle des températures homogénéisées moyennes quotidiennes , °C, Mise à jour jusqu à décembre 2012
Year,     Jan, ,     Feb, ,     Mar, ,     Apr, ,     May, ,     Jun, ,     Jul, ,     Aug, ,     Sep, ,     Oct, ,     Nov, ,     Dec, ,  Annual, ,  Winter, ,  Spring, ,  Summer, ,  Autumn
Year,    Janv, ,     Fév, ,    Mars, ,     Avr, ,     Mai, ,    Juin, ,    Juil, ,    Août, ,    Sept, ,     Oct, ,     Nov, ,     Déc, ,  Annuel, ,   Hiver, ,Printemp, ,     Eté, , Automne
1940,   -22.2, ,   -23.0, ,   -21.0, ,    -6.3, ,      .6, ,     9.1, ,    15.8, ,    12.6, ,     7.9, ,    -4.8, ,   -17.7, ,   -27.0, ,    -6.3, , -9999.9,M,    -8.9, ,    12.5, ,    -4.9, 
1941,   -29.5, ,   -24.4, ,   -25.2, ,   -12.4, ,     3.0, ,    12.1, ,    15.4, ,    10.8, ,     1.8, ,   -10.8, ,   -19.3, ,   -28.1, ,    -8.9, ,   -27.0, ,   -11.5, ,    12.8, ,    -9.4, 
1942,   -22.6, ,   -25.1, ,   -23.0, ,   -11.7, ,     3.3, ,    12.7, ,    17.1, ,    12.3, ,     4.8, ,    -4.3, , -9999.9,M,   -30.3, , -9999.9,M,   -25.3, ,   -10.5, ,    14.0, , -9999.9,M
1943,   -30.5, ,   -21.3, ,   -21.6, ,    -8.1, ,     5.6, ,    14.0, ,    15.2, ,    12.4, ,     3.9, ,    -4.2, ,   -15.0, ,   -25.9, ,    -6.3, ,   -27.4, ,    -8.0, ,    13.9, ,    -5.1, 
1944,   -26.3, ,   -24.2, ,   -20.4, ,    -6.6, ,      .9, ,    12.4, ,    14.8, ,    10.0, ,     3.6, ,    -3.5, ,   -21.0, ,   -22.6, ,    -6.9, ,   -25.5, ,    -8.7, ,    12.4, ,    -7.0, 
1945,   -27.6, ,   -24.3, ,   -22.7, ,   -11.5, ,      .0, ,    11.2, ,    14.7, ,    11.5, ,     2.1, ,    -4.4, ,   -23.6, ,   -29.2, ,    -8.7, ,   -24.8, ,   -11.4, ,    12.5, ,    -8.6, 
1946,   -30.8, ,   -31.1, ,   -21.3, ,   -12.7, ,     3.8, ,    12.8, ,    15.0, ,    12.9, ,     2.4, ,    -4.8, ,   -19.5, ,   -32.7, ,    -8.8, ,   -30.4, ,   -10.1, ,    13.6, ,    -7.3, 
1947,   -28.2, ,   -31.2, ,   -16.7, ,   -11.6, ,     2.4, ,     9.1, ,    14.7, ,     9.0, ,     3.7, , -9999.9,M, -9999.9,M,   -22.5, , -9999.9,M,   -30.7, ,    -8.6, ,    10.9, , -9999.9,M
1948,   -25.2, , -9999.9,M,   -20.5, , -9999.9,M, -9999.9,M, -9999.9,M, -9999.9,M, -9999.9,M, -9999.9,M,    -9.9, ,   -22.1, ,   -31.5, , -9999.9,M, -9999.9,M, -9999.9,M, -9999.9,M, -9999.9,M
1949,   -26.7, ,   -29.9, ,   -14.1, ,   -13.6, ,     -.8, ,     9.0, ,    13.6, ,    13.5, ,     6.7, ,    -4.7, ,   -13.4, ,   -24.7, ,    -7.1, ,   -29.4, ,    -9.5, ,    12.0, ,    -3.8, 
1950,   -21.0, ,   -31.8, ,   -18.9, ,   -10.9, ,     2.9, ,    12.8, ,    14.1, ,    10.8, , -9999.9,M, -9999.9,M, -9999.9,M, -9999.9,M, -9999.9,M,   -25.8, ,    -9.0, ,    12.6, , -9999.9,M
1951, -9999.9,M, -9999.9,M, -9999.9,M, -9999.9,M, -9999.9,M, -9999.9,M, -9999.9,M, -9999.9,M,     5.2, ,    -7.6, ,   -16.4, ,   -27.1, , -9999.9,M, -9999.9,M, -9999.9,M, -9999.9,M,    -6.3, 
1952,   -33.6, ,   -21.6, ,   -25.2, ,   -11.6, ,      .3, ,    10.6, ,    14.9, ,    10.1, ,     1.5, ,    -5.3, ,   -13.8, ,   -23.6, ,    -8.1, ,   -27.4, ,   -12.2, ,    11.9, ,    -5.9, 
1953,   -34.4, ,   -27.4, ,   -22.7, ,    -7.8, ,      .8, ,    11.5, ,    13.8, ,    11.0, ,     4.0, ,    -7.5, ,   -19.1, ,   -27.6, ,    -8.8, ,   -28.5, ,    -9.9, ,    12.1, ,    -7.5, 
1954,   -33.6, ,   -28.3, ,   -16.3, ,   -15.0, ,    -2.3, ,     8.9, ,    15.8, ,    15.9, ,     4.1, ,    -6.9, ,   -17.9, ,   -29.3, ,    -8.7, ,   -29.8, ,   -11.2, ,    13.5, ,    -6.9, 
1955,   -29.3, ,   -31.5, ,   -23.0, ,   -11.9, ,     1.1, ,    13.1, ,    16.0, ,    10.4, ,     5.0, ,    -6.9, ,   -26.6, ,   -28.5, ,    -9.3, ,   -30.0, ,   -11.3, ,    13.2, ,    -9.5, 
1956,   -30.5, ,   -30.6, ,   -18.0, ,   -11.2, ,     1.4, ,    10.5, ,    14.9, ,     9.2, ,     4.0, ,    -9.1, ,   -21.7, ,   -28.5, ,    -9.1, ,   -29.9, ,    -9.3, ,    11.5, ,    -8.9, 
1957,   -19.3, ,   -28.5, ,   -20.8, ,    -7.0, ,      .8, , -9999.9,M,    15.3, ,    16.8, ,     5.1, ,    -5.6, ,   -23.3, , -9999.9,M, -9999.9,M,   -25.4, ,    -9.0, , -9999.9,M,    -7.9, 
1958, -9999.9,M, -9999.9,M, -9999.9,M, -9999.9,M, -9999.9,M, -9999.9,M, -9999.9,M, -9999.9,M, -9999.9,M, -9999.9,M, -9999.9,M, -9999.9,M, -9999.9,M, -9999.9,M, -9999.9,M, -9999.9,M, -9999.9,M
1959,   -34.0, ,   -19.5, ,   -27.0, ,   -11.6, ,    -1.3, ,    11.4, ,    13.9, ,     8.4, ,     1.9, ,    -8.4, ,   -25.2, ,   -27.6, ,    -9.9, , -9999.9,M,   -13.3, ,    11.2, ,   -10.6, 
1960,   -32.6, ,   -24.4, ,   -23.3, ,   -13.0, ,     1.9, ,    12.6, ,    13.0, ,    10.6, ,     2.7, ,    -8.6, ,   -26.9, ,   -24.1, ,    -9.3, ,   -28.2, ,   -11.5, ,    12.1, ,   -10.9, 
1961,   -28.0, ,   -31.3, ,   -25.6, ,   -16.2, ,     1.8, ,    12.8, ,    15.8, ,    11.5, ,     4.9, ,   -10.5, ,   -21.9, ,   -32.7, ,   -10.0, ,   -27.8, ,   -13.3, ,    13.4, ,    -9.2, 
1962,   -23.2, ,   -22.5, ,   -22.7, ,   -12.0, ,      .9, ,    12.0, ,    15.1, ,    14.5, ,     3.0, ,    -3.2, ,   -19.5, ,   -22.1, ,    -6.6, ,   -26.1, ,   -11.3, ,    13.9, ,    -6.6, 
1963,   -28.2, ,   -27.2, ,   -21.8, ,    -6.7, ,     4.2, ,    12.1, ,    14.6, ,    13.4, ,     3.6, ,    -8.1, ,   -25.3, ,   -22.8, ,    -7.7, ,   -25.8, ,    -8.1, ,    13.4, ,    -9.9, 
1964,   -32.7, ,   -26.8, ,   -28.1, ,   -15.4, ,      .4, ,     9.4, ,    12.6, ,    11.1, ,     2.9, ,    -5.8, ,   -19.0, ,   -31.7, ,   -10.3, ,   -27.4, ,   -14.4, ,    11.0, ,    -7.3, 
1965,   -34.3, ,   -36.2, ,   -15.9, ,    -8.0, ,      .8, ,     9.2, ,    15.2, ,    12.0, ,     3.0, ,   -11.5, ,   -17.9, ,   -27.9, ,    -9.3, ,   -34.1, ,    -7.7, ,    12.1, ,    -8.8, 
1966,   -39.9, ,   -29.1, ,   -24.0, ,   -14.9, ,     1.3, ,    13.7, ,    15.3, ,    11.3, ,     5.6, ,    -6.8, ,   -22.0, ,   -24.7, ,    -9.5, ,   -32.3, ,   -12.5, ,    13.4, ,    -7.7, 
1967,   -28.6, ,   -29.2, ,   -20.2, ,    -8.0, ,     1.1, ,    10.9, ,    14.4, ,    10.2, ,     2.5, ,    -9.1, ,   -16.6, ,   -22.7, ,    -7.9, ,   -27.5, ,    -9.0, ,    11.8, ,    -7.7, 
1968,   -26.7, ,   -28.2, ,   -18.5, ,   -12.8, ,     1.6, ,    12.4, ,    16.7, ,    11.6, ,     3.2, ,    -6.9, ,   -21.5, ,   -29.6, ,    -8.2, ,   -25.9, ,    -9.9, ,    13.6, ,    -8.4, 
1969,   -34.4, ,   -30.7, ,   -23.0, ,    -7.7, ,     2.2, ,    12.7, ,    13.7, ,     6.8, ,     3.5, ,    -2.3, ,   -25.1, ,   -21.3, ,    -8.8, ,   -31.6, ,    -9.5, ,    11.1, ,    -8.0, 
1970,   -32.0, ,   -27.6, ,   -22.4, ,    -9.8,E, -9999.9,M, -9999.9,M, -9999.9,M, -9999.9,M, -9999.9,M, -9999.9,M,   -17.7, ,   -28.3, , -9999.9,M,   -27.0, , -9999.9,M, -9999.9,M, -9999.9,M
1971,   -35.1,E,   -31.2, ,   -23.5, ,   -15.0, ,     1.6, ,    14.1, ,    16.3, ,     9.4, ,     4.7, ,    -7.7, ,   -21.8, , -9999.9,M, -9999.9,M,   -31.5,E,   -12.3, ,    13.3, ,    -8.3, 
1972,   -28.0,E,   -29.4,E,   -23.9, ,   -14.0, ,     -.3, ,    11.4, ,    15.8, ,    13.3, ,     1.2, ,    -4.7, ,   -19.9, , -9999.9,M, -9999.9,M, -9999.9,M,   -12.7, ,    13.5, ,    -7.8, 
1973,   -25.4, ,   -25.9, ,   -25.2, ,   -10.4, , -9999.9,M,    12.5, ,    14.7,E, -9999.9,M,     6.7, ,    -7.4, ,   -22.3, ,   -25.6, , -9999.9,M, -9999.9,M, -9999.9,M, -9999.9,M,    -7.7, 
1974,   -25.7, ,   -33.1, ,   -25.1, ,   -15.6, ,      .6, ,     9.0, ,    14.0, ,    11.3, ,     3.4, ,   -14.0, ,   -21.8, ,   -31.0, ,   -10.7, ,   -28.1, ,   -13.4, ,    11.4, ,   -10.8, 
1975,   -35.7,E,   -27.3, ,   -19.7, ,   -11.3, ,     1.5, , -9999.9,M, -9999.9,M, -9999.9,M, -9999.9,M, -9999.9,M,   -27.4, , -9999.9,M, -9999.9,M,   -31.3,E,    -9.8, , -9999.9,M, -9999.9,M
1976,   -31.2, ,   -32.1, ,   -24.8, ,    -8.0, ,     1.3, ,    10.3, , -9999.9,M, -9999.9,M,     6.2, ,    -7.5, ,   -14.6, ,   -30.9,E, -9999.9,M, -9999.9,M,   -10.5, , -9999.9,M,    -5.3, 
1977,   -25.3, ,   -23.3, ,   -26.0, ,   -11.5, ,     2.3, , -9999.9,M, -9999.9,M, -9999.9,M, -9999.9,M, -9999.9,M, -9999.9,M, -9999.9,M, -9999.9,M,   -26.5,E,   -11.7, , -9999.9,M, -9999.9,M
1978, -9999.9,M, -9999.9,M, -9999.9,M, -9999.9,M, -9999.9,M, -9999.9,M, -9999.9,M, -9999.9,M, -9999.9,M, -9999.9,M, -9999.9,M, -9999.9,M, -9999.9,M, -9999.9,M, -9999.9,M, -9999.9,M, -9999.9,M
1979, -9999.9,M, -9999.9,M, -9999.9,M, -9999.9,M, -9999.9,M, -9999.9,M, -9999.9,M, -9999.9,M, -9999.9,M, -9999.9,M, -9999.9,M, -9999.9,M, -9999.9,M, -9999.9,M, -9999.9,M, -9999.9,M, -9999.9,M
1980, -9999.9,M, -9999.9,M, -9999.9,M, -9999.9,M, -9999.9,M, -9999.9,M, -9999.9,M, -9999.9,M, -9999.9,M, -9999.9,M, -9999.9,M, -9999.9,M, -9999.9,M, -9999.9,M, -9999.9,M, -9999.9,M, -9999.9,M
1981, -9999.9,M, -9999.9,M, -9999.9,M, -9999.9,M, -9999.9,M, -9999.9,M, -9999.9,M, -9999.9,M, -9999.9,M, -9999.9,M, -9999.9,M, -9999.9,M, -9999.9,M, -9999.9,M, -9999.9,M, -9999.9,M, -9999.9,M
1982, -9999.9,M, -9999.9,M, -9999.9,M, -9999.9,M, -9999.9,M, -9999.9,M, -9999.9,M, -9999.9,M, -9999.9,M, -9999.9,M, -9999.9,M, -9999.9,M, -9999.9,M, -9999.9,M, -9999.9,M, -9999.9,M, -9999.9,M
1983, -9999.9,M, -9999.9,M, -9999.9,M, -9999.9,M, -9999.9,M, -9999.9,M, -9999.9,M, -9999.9,M, -9999.9,M, -9999.9,M, -9999.9,M, -9999.9,M, -9999.9,M, -9999.9,M, -9999.9,M, -9999.9,M, -9999.9,M
1984, -9999.9,M, -9999.9,M, -9999.9,M, -9999.9,M, -9999.9,M, -9999.9,M, -9999.9,M, -9999.9,M, -9999.9,M, -9999.9,M, -9999.9,M, -9999.9,M, -9999.9,M, -9999.9,M, -9999.9,M, -9999.9,M, -9999.9,M
1985, -9999.9,M,   -29.4, , -9999.9,M,   -15.9, ,     4.3, ,    12.3, ,    12.2, , -9999.9,M,     5.0, ,    -9.0, , -9999.9,M,   -20.7, , -9999.9,M, -9999.9,M, -9999.9,M, -9999.9,M, -9999.9,M
1986,   -30.0, ,   -22.5, ,   -23.9, ,   -16.8, ,     -.9, ,    12.4, ,    15.3, ,    11.1, ,     6.5, ,    -7.6, ,   -26.2, ,   -22.5, ,    -8.8, ,   -24.4, ,   -13.9, ,    12.9, ,    -9.1, 
1987,   -21.5, ,   -26.2, ,   -21.0, ,   -13.9, ,      .1, ,    13.6, ,    15.2, ,    11.4, ,     5.1, ,    -3.5, ,   -19.8, ,   -22.2, ,    -6.9, ,   -23.4, ,   -11.6, ,    13.4, ,    -6.1, 
1988,   -26.8, ,   -24.4, ,   -18.1, ,    -6.6, ,     1.5, ,    13.8, ,    16.2, ,    11.7, ,     4.3,E,    -9.6, ,   -26.2, ,   -21.7, ,    -7.2,E,   -24.5, ,    -7.7, ,    13.9, ,   -10.5,E
1989,   -31.9,E,   -10.4, ,   -21.1,E,    -6.6,E,     1.6, ,    13.1, ,    18.3,E, -9999.9,M,     6.4,E,    -7.7,E,   -26.9,E,   -26.1,E, -9999.9,M,   -21.3,E,    -8.7,E, -9999.9,M,    -9.4,E
1990,   -32.0,E,   -33.8,E, -9999.9,M,    -4.9,E,     3.1, ,    11.9,E,    15.8,E,    10.8, ,     4.0,E,    -7.3,E, -9999.9,M,   -27.9, , -9999.9,M,   -30.6,E, -9999.9,M,    12.8,E, -9999.9,M
1991,   -25.1,E,   -25.5, ,   -21.7,E,    -6.5,E,     7.3,E,    12.0,E,    12.8,E, -9999.9,M,     5.0,E,    -7.5, ,   -23.6, ,   -30.1, , -9999.9,M,   -26.2,E,    -7.0,E, -9999.9,M,    -8.7,E
1992,   -27.6, ,   -27.3, ,   -15.1, ,   -12.8,E,      .2,E,    12.8, ,    14.8, ,    12.0, ,    -1.1, ,    -9.6, ,   -19.3, ,   -24.2, ,    -8.1,E,   -28.3, ,    -9.2,E,    13.2, ,   -10.0, 
1993,   -22.8,E,   -21.9, ,   -16.1, ,    -8.1,E,     2.2,E,    13.6, ,    16.2, ,    12.6,E,     5.0, ,    -3.0, ,   -15.7, ,   -23.3, ,    -5.1,E,   -23.0,E,    -7.3,E,    14.1,E,    -4.6, 
1994,   -32.1, ,   -26.9, ,   -20.1, ,   -10.6,E,     4.4, ,    11.4, ,    18.7, ,    15.2,E,     1.3,E,    -5.5, ,   -22.2,E,   -26.7, ,    -7.8,E,   -27.4, ,    -8.8,E,    15.1,E,    -8.8,E
1995,   -24.6, ,   -25.1,E,   -22.4, ,    -7.0, ,     6.4,E,    13.6, ,    15.4,E,    11.1, ,     7.4,E,    -7.3,E,   -19.7,E,   -29.9,E,    -6.8,E,   -25.5,E,    -7.7,E,    13.4,E,    -6.5,E
1996,   -27.2,E,   -23.3, ,   -17.3, ,   -13.1,E,     2.2,E,    13.2,E,    15.3,E,     9.2,E,      .3,E,   -12.6,E,   -22.2, , -9999.9,M, -9999.9,M,   -26.8,E,    -9.4,E,    12.6,E,   -11.5,E
1997,   -31.3,E,   -24.0,E,   -23.5,E,    -8.7, ,     1.2,E,    12.2,E,    14.8,E,    14.7, , -9999.9,M,    -8.8,E,   -15.0,E,   -25.1,E, -9999.9,M, -9999.9,M,   -10.3,E,    13.9,E, -9999.9,M
1998,   -31.2,E,   -23.5,E,   -15.2, ,    -1.6, ,     6.7,E,    14.9,E,    18.2,E,    14.2,E,     7.1,E,    -5.7,E,   -18.7, , -9999.9,M, -9999.9,M,   -26.6,E,    -3.4,E,    15.8,E,    -5.8,E
1999,   -28.6,E,   -25.6, ,   -21.7, ,   -11.1, ,     1.8,E,    13.2, ,    12.7,E,    13.0,E,     4.7, ,   -10.5, ,   -21.2, ,   -27.6,E,    -8.4,E, -9999.9,M,   -10.3,E,    13.0,E,    -9.0, 
2000,   -23.9,E,   -21.9, ,   -20.7,E,   -13.1, ,    -2.2,E,    14.7, ,    14.6,E,     9.9, , -9999.9,M,    -8.2, ,   -19.1,E,   -27.7, , -9999.9,M,   -24.5,E,   -12.0,E,    13.1,E, -9999.9,M
2001,   -21.0,E,   -21.4,E,   -23.0,E, -9999.9,M,    -2.3,E,    11.6,E,    14.4,E,    12.2,E,     7.1, ,    -6.6, ,   -20.0, ,   -22.9, , -9999.9,M,   -23.4,E, -9999.9,M,    12.7,E,    -6.5, 
2002,   -24.5, ,   -28.0, ,   -16.9,E,   -10.3, ,     3.1, ,    11.4,E,    14.0,E,     9.0,E,     7.0, ,    -5.2, ,   -13.1, ,   -15.6, ,    -5.8,E,   -25.1, ,    -8.0,E,    11.5,E,    -3.8, 
2003,   -30.8,E,   -23.7, ,   -21.3, ,    -7.8, ,     1.1, ,    11.7, ,    15.2, ,    10.7,E,     4.2,E,    -1.4, ,   -17.3, ,   -25.1, ,    -7.0,E,   -23.4,E,    -9.3, ,    12.5,E,    -4.8,E
2004,   -30.5, ,   -29.1, ,   -24.9, ,    -9.4, ,     2.0, ,    16.4, ,    16.3, ,    12.3, ,     2.8,E,    -7.5, ,   -23.1, , -9999.9,M, -9999.9,M,   -28.2, ,   -10.8, ,    15.0, ,    -9.3,E
2005,   -24.4, ,   -24.6, ,   -17.4, ,    -9.8, ,     2.6, ,    11.7, ,    11.5, , -9999.9,M,     4.3, ,    -6.3, ,   -20.8, ,   -20.7, , -9999.9,M, -9999.9,M,    -8.2, , -9999.9,M,    -7.6, 
2006,   -29.4, , -9999.9,M, -9999.9,M, -9999.9,M,     2.8, ,    14.4, ,    15.3, , -9999.9,M,     7.4, ,    -3.3,E,   -21.7, ,   -19.0,E, -9999.9,M, -9999.9,M, -9999.9,M, -9999.9,M,    -5.9,E
2007, -9999.9,M,   -28.8, ,   -25.6,E, -9999.9,M,     -.5, ,    13.5, ,    16.4,E,    11.5,E,     4.8, , -9999.9,M,   -19.5, , -9999.9,M, -9999.9,M, -9999.9,M, -9999.9,M,    13.8,E, -9999.9,M
2008,   -23.8, , -9999.9,M, -9999.9,M,    -6.5, ,     3.3, ,    15.0, , -9999.9,M, -9999.9,M, -9999.9,M, -9999.9,M,   -15.4, ,   -24.2, , -9999.9,M, -9999.9,M, -9999.9,M, -9999.9,M, -9999.9,M
2009, -9999.9,M, -9999.9,M, -9999.9,M, -9999.9,M, -9999.9,M, -9999.9,M, -9999.9,M, -9999.9,M, -9999.9,M, -9999.9,M, -9999.9,M, -9999.9,M, -9999.9,M, -9999.9,M, -9999.9,M, -9999.9,M, -9999.9,M
2010, -9999.9,M, -9999.9,M,   -18.8, ,    -2.1, ,     4.3, ,    11.5, ,    15.8, , -9999.9,M,     4.3, ,    -7.1, ,   -14.2, ,   -28.8, , -9999.9,M, -9999.9,M,    -5.5, , -9999.9,M,    -5.7, 
