2300707,CHESTERFIELD   ,NU, station joined    , Monthly mean of homogenized daily mean temperature                     , °C,          Updated to December 2012
2300707,CHESTERFIELD   ,NU, station jointe    , Moyenne mensuelle des températures homogénéisées moyennes quotidiennes , °C, Mise à jour jusqu à décembre 2012
Year,     Jan, ,     Feb, ,     Mar, ,     Apr, ,     May, ,     Jun, ,     Jul, ,     Aug, ,     Sep, ,     Oct, ,     Nov, ,     Dec, ,  Annual, ,  Winter, ,  Spring, ,  Summer, ,  Autumn
Year,    Janv, ,     Fév, ,    Mars, ,     Avr, ,     Mai, ,    Juin, ,    Juil, ,    Août, ,    Sept, ,     Oct, ,     Nov, ,     Déc, ,  Annuel, ,   Hiver, ,Printemp, ,     Eté, , Automne
1930, -9999.9,M, -9999.9,M, -9999.9,M, -9999.9,M, -9999.9,M, -9999.9,M, -9999.9,M, -9999.9,M, -9999.9,M,    -5.9, ,   -16.1, ,   -24.2, , -9999.9,M, -9999.9,M, -9999.9,M, -9999.9,M, -9999.9,M
1931,   -30.7, ,   -27.0, ,   -28.5, ,   -16.7, ,    -7.0, ,     3.2, ,    10.2, ,    10.3, ,     4.4, ,    -1.8, ,   -16.7, ,   -24.1, ,   -10.4, ,   -27.3, ,   -17.4, ,     7.9, ,    -4.7, 
1932,   -31.4, ,   -37.4, ,   -28.1, ,   -16.3, ,    -5.5, ,     2.2, ,    10.3, ,     9.6, ,     4.4, ,    -5.2, ,   -17.8, ,   -29.2, ,   -12.0, ,   -31.0, ,   -16.6, ,     7.4, ,    -6.2, 
1933,   -32.4, ,   -32.9, ,   -25.9, ,   -15.7, ,    -7.9, ,     1.1, ,     8.6, ,     8.9, ,     3.9, ,    -9.0, ,   -25.1, ,   -35.1, ,   -13.5, ,   -31.5, ,   -16.5, ,     6.2, ,   -10.1, 
1934,   -31.3, ,   -32.9, ,   -30.4, ,   -17.6, ,    -8.6, ,     2.2, ,     8.8, ,     7.4, ,     1.0, ,    -5.7, ,   -16.9, ,   -30.4, ,   -12.9, ,   -33.1, ,   -18.9, ,     6.1, ,    -7.2, 
1935,   -43.0, ,   -30.6, ,   -28.6, ,   -16.8, ,    -4.1, ,     4.2, ,    10.2, ,     8.6, ,     3.6, ,    -8.0, ,   -24.6, ,   -24.2, ,   -12.8, ,   -34.7, ,   -16.5, ,     7.7, ,    -9.7, 
1936,   -34.2, ,   -31.4, ,   -23.4, ,   -19.4, ,    -9.4, ,     2.8, ,     8.9, ,     8.9, ,     1.3, ,   -12.5, ,   -22.9, ,   -29.0, ,   -13.4, ,   -29.9, ,   -17.4, ,     6.9, ,   -11.4, 
1937,   -34.7, ,   -30.5, ,   -21.5, ,   -11.0, ,    -2.6, ,     3.1, ,     8.6, ,     7.5, ,     2.0, ,    -4.9, ,   -21.3, ,   -28.1, ,   -11.1, ,   -31.4, ,   -11.7, ,     6.4, ,    -8.1, 
1938,   -27.6, ,   -31.8, ,   -23.9, ,   -20.4, ,    -2.2, ,     5.0, ,    10.9, ,     7.8, ,     4.7, ,    -4.7, ,   -16.6, ,   -22.6, ,   -10.1, ,   -29.2, ,   -15.5, ,     7.9, ,    -5.5, 
1939,   -31.2, ,   -35.8, ,   -33.4, ,   -13.9, ,    -4.8, ,     3.5, ,     9.0, ,     7.5, ,     1.4, ,    -8.9, ,   -15.9, ,   -21.9, ,   -12.0, ,   -29.9, ,   -17.4, ,     6.7, ,    -7.8, 
1940,   -21.4, ,   -29.6, ,   -23.8, ,   -15.1, ,    -5.1, ,     2.1, ,     8.8, ,     7.6, ,     5.4, ,    -4.9, ,   -20.3, ,   -28.1, ,   -10.4, ,   -24.3, ,   -14.7, ,     6.2, ,    -6.6, 
1941,   -29.1, ,   -26.3, ,   -24.9, ,   -19.5, ,    -5.9, ,     4.2, ,     9.0, ,     7.5, ,     1.6, , -9999.9,M,   -21.6, ,   -28.5, , -9999.9,M,   -27.8, ,   -16.8, ,     6.9, , -9999.9,M
1942,   -31.5, ,   -35.0, ,   -19.9, ,   -16.1, ,    -7.0, ,     -.2, ,     7.2, ,     6.6, ,     1.4, ,    -2.3, ,   -18.1, ,   -26.7, ,   -11.8, ,   -31.7, ,   -14.3, ,     4.5, ,    -6.3, 
1943,   -29.7, ,   -33.7, ,   -30.0, ,   -17.4, ,    -9.4, ,     2.9, ,     7.8, , -9999.9,M,     2.1, ,    -2.4, , -9999.9,M, -9999.9,M, -9999.9,M,   -30.0, ,   -18.9, , -9999.9,M, -9999.9,M
1944, -9999.9,M, -9999.9,M, -9999.9,M, -9999.9,M, -9999.9,M, -9999.9,M,     8.4, ,     9.7, ,     2.6, ,    -6.6, ,   -15.0, ,   -24.4, , -9999.9,M, -9999.9,M, -9999.9,M, -9999.9,M,    -6.3, 
1945,   -29.3, ,   -28.0, ,   -22.0, ,   -19.6, ,    -7.7, ,      .5, ,     8.0, ,     7.8, , -9999.9,M, -9999.9,M,   -17.6, ,   -29.2, , -9999.9,M,   -27.2, ,   -16.4, ,     5.4, , -9999.9,M
1946,   -32.9, ,   -36.1, ,   -23.4, ,   -16.5, ,    -5.3, ,     1.6, ,     9.6, ,     9.2, ,     1.2, ,    -7.4, ,   -18.5, ,   -23.5, ,   -11.8, ,   -32.7, ,   -15.1, ,     6.8, ,    -8.2, 
1947,   -32.0, ,   -25.1, ,   -21.6, ,   -20.4, ,    -7.4, ,      .6, ,     7.6, ,     6.8, ,     1.4, ,    -2.2, ,    -8.8, ,   -21.8, ,   -10.2, ,   -26.9, ,   -16.5, ,     5.0, ,    -3.2, 
1948,   -31.5, ,   -35.0, ,   -30.0, ,   -18.6, ,    -6.5, ,     3.4, ,     9.5, ,    10.9, ,     6.0, ,    -3.0, ,   -12.0, ,   -25.2, ,   -11.0, ,   -29.4, ,   -18.4, ,     7.9, ,    -3.0, 
1949,   -33.2, ,   -39.1, ,   -24.7, ,   -15.2, , -9999.9,M, -9999.9,M, -9999.9,M, -9999.9,M, -9999.9,M,    -5.4, ,   -17.9, ,   -26.8, , -9999.9,M,   -32.5, , -9999.9,M, -9999.9,M, -9999.9,M
1950,   -40.1, ,   -33.4, ,   -25.7, ,   -16.9, ,    -6.2, ,     1.0, ,     8.0, ,     8.5, ,     4.0, ,    -9.0, ,   -18.2, ,   -22.5, ,   -12.5, ,   -33.4, ,   -16.3, ,     5.8, ,    -7.7, 
1951,   -31.7, ,   -34.3, ,   -22.2, ,   -14.2, ,    -3.8, ,     3.1, ,     9.4, ,    10.6, ,     2.9, ,    -6.5, ,   -16.8, ,   -29.8, ,   -11.1, ,   -29.5, ,   -13.4, ,     7.7, ,    -6.8, 
1952,   -30.4, ,   -31.7, ,   -23.0, ,   -12.9, ,    -1.3, ,     4.6, ,     8.4, ,     7.6, ,     2.2, ,    -7.7, ,   -18.9, ,   -20.0, ,   -10.3, ,   -30.6, ,   -12.4, ,     6.9, ,    -8.1, 
1953, -9999.9,M,   -27.6, ,   -22.6, ,   -11.8, ,    -5.4, ,     2.6, ,     8.4, ,    10.3, ,     3.2, ,    -5.7, ,   -11.6, ,   -28.9, , -9999.9,M, -9999.9,M,   -13.3, ,     7.1, ,    -4.7, 
1954,   -37.1, ,   -28.2, ,   -24.3, ,   -18.2, ,    -5.7, ,     3.8, ,     9.8, ,    11.7, ,     4.5, ,    -3.9, ,   -16.5, ,   -25.0, ,   -10.8, ,   -31.4, ,   -16.1, ,     8.4, ,    -5.3, 
1955,   -29.8, ,   -36.6, ,   -27.9, ,   -12.1, ,    -4.8, ,     5.1, ,    10.4, ,     7.5, ,     1.5, ,    -3.6, ,   -16.6, ,   -24.7, ,   -11.0, ,   -30.5, ,   -14.9, ,     7.7, ,    -6.2, 
1956,   -27.1, ,   -30.9, ,   -26.8, ,   -14.8, ,   -10.7, ,     1.7, ,     9.1, ,     7.6, ,     1.1, ,    -7.8, ,   -19.1, , -9999.9,M, -9999.9,M,   -27.6, ,   -17.4, ,     6.1, ,    -8.6, 
1957,   -37.3, ,   -30.5, ,   -22.4, ,   -16.1, ,    -7.4, ,      .6, ,     6.6, ,     8.7, ,     2.7, ,    -5.5, ,   -19.0, ,   -28.7, ,   -12.4, , -9999.9,M,   -15.3, ,     5.3, ,    -7.3, 
1958,   -27.8, ,   -34.3, ,   -20.9, ,   -20.3, ,    -5.0, ,     1.1, ,     8.3, ,     7.6, ,     4.6, ,    -3.2, ,   -17.0, ,   -26.7, ,   -11.1, ,   -30.3, ,   -15.4, ,     5.7, ,    -5.2, 
1959,   -28.2, ,   -33.7, ,   -26.7, ,   -18.3, ,    -7.6, ,      .4, ,     8.4, ,     7.3, ,     2.8, ,    -8.4, ,   -17.4, ,   -21.5, ,   -11.9, ,   -29.5, ,   -17.5, ,     5.4, ,    -7.7, 
1960,   -30.5, ,   -29.2, ,   -28.7, ,   -16.6, ,    -2.8, ,     6.0, ,     8.5, ,     8.8, ,     2.8, ,    -5.4, ,   -18.7, ,   -24.7, ,   -10.9, ,   -27.1, ,   -16.0, ,     7.8, ,    -7.1, 
1961,   -33.3, ,   -28.7, ,   -30.3, ,   -14.4, ,    -9.1, ,     4.1, ,     9.1, ,     7.9, ,      .4, ,    -9.0, ,   -15.9, ,   -20.2, ,   -11.6, ,   -28.9, ,   -17.9, ,     7.0, ,    -8.2, 
1962,   -37.7, ,   -36.4, ,   -23.2, ,   -19.4, ,   -10.3, ,     1.1, ,     8.2, ,     8.2, ,     3.6, ,    -3.6, ,   -20.1, ,   -27.8, ,   -13.1, ,   -31.4, ,   -17.6, ,     5.8, ,    -6.7, 
1963,   -33.1, ,   -31.1, ,   -32.6, ,   -14.7, ,    -8.6, ,     1.6, ,     8.6, ,     9.2, ,      .6, ,    -4.1, ,   -12.9, ,   -27.0, ,   -12.0, ,   -30.7, ,   -18.6, ,     6.5, ,    -5.5, 
1964,   -31.6, ,   -32.6, ,   -33.0, ,   -19.6, ,    -5.5, ,     1.7, ,    10.0, ,     8.5, ,     2.8, ,    -4.1, ,   -17.0, ,   -28.6, ,   -12.4, ,   -30.4, ,   -19.4, ,     6.7, ,    -6.1, 
1965,   -29.5, ,   -36.3, ,   -26.0, ,   -16.0, ,    -6.4, ,     2.5, ,     8.6, ,     7.9, ,      .8, ,    -7.4, ,   -15.8, ,   -25.2, ,   -11.9, ,   -31.5, ,   -16.1, ,     6.3, ,    -7.5, 
1966,   -33.9, ,   -29.5, ,   -25.6, ,   -17.3, ,    -6.3, ,     3.2, ,     9.4, ,     9.0, ,     4.0, ,    -6.4, ,   -23.9, ,   -26.1, ,   -12.0, ,   -29.5, ,   -16.4, ,     7.2, ,    -8.8, 
1967,   -33.0, ,   -35.2, ,   -28.5, ,   -20.9, ,    -6.1, ,     2.5, ,     8.6, ,     8.9, ,     2.0, ,    -4.6, ,   -18.8, ,   -21.2, ,   -12.2, ,   -31.4, ,   -18.5, ,     6.7, ,    -7.1, 
1968,   -31.6, ,   -29.6, ,   -23.8, ,   -19.2, ,    -8.5, ,     2.5, ,     7.7, ,     7.6, ,     4.4, ,    -1.4, ,   -13.9, ,   -25.0, ,   -10.9, ,   -27.5, ,   -17.2, ,     5.9, ,    -3.6, 
1969,   -29.0, ,   -23.2, ,   -28.0, ,   -17.0, ,    -9.9, ,     1.3, ,     8.8, ,     9.5, ,     3.0, ,    -4.6, ,   -16.7, ,   -21.0, ,   -10.6, ,   -25.7, ,   -18.3, ,     6.5, ,    -6.1, 
1970,   -28.9, ,   -34.6, ,   -23.1, ,   -18.1, ,    -9.5, ,     4.7, ,     9.3, ,     8.4, ,     3.3, ,    -4.2, ,   -17.0, ,   -31.7, ,   -11.8, ,   -28.2, ,   -16.9, ,     7.5, ,    -6.0, 
1971,   -24.8, ,   -26.7, ,   -25.3, ,   -15.0, ,    -4.1, ,     3.1, ,    10.0, ,     8.1, ,     3.0, ,    -2.4, ,   -18.7, ,   -29.7, ,   -10.2, ,   -27.7, ,   -14.8, ,     7.1, ,    -6.0, 
1972,   -36.2, ,   -34.3, ,   -28.1, ,   -16.7, ,    -6.6, ,     -.5, ,     6.6, ,     7.2, ,     -.1, ,   -11.3, ,   -21.2, ,   -33.9, ,   -14.6, ,   -33.4, ,   -17.1, ,     4.4, ,   -10.9, 
1973,   -30.3, ,   -34.2, ,   -23.6, ,   -18.4, ,    -3.0, ,     5.3, ,    12.7, ,     9.4, ,     4.6, ,    -3.3, ,   -14.1, ,   -28.3, ,   -10.3, ,   -32.8, ,   -15.0, ,     9.1, ,    -4.3, 
1974,   -36.7, ,   -31.1, ,   -29.6, ,   -20.4, ,    -4.6, ,     4.8, ,     9.7, ,     7.9, ,     -.5, ,    -9.7, ,   -15.0, ,   -24.8, ,   -12.5, ,   -32.0, ,   -18.2, ,     7.5, ,    -8.4, 
1975,   -35.9, ,   -27.5, ,   -30.2, ,   -14.3, ,    -2.5, ,     5.7, ,     9.1, ,     8.4, ,     3.0, ,    -4.7, ,   -16.3, ,   -31.4, ,   -11.4, ,   -29.4, ,   -15.7, ,     7.7, ,    -6.0, 
1976,   -31.6, ,   -34.0, ,   -30.6, ,   -13.0, ,    -4.8, ,     3.2, ,    10.2, ,     7.3, ,     2.2, ,    -5.4, ,   -18.0, ,   -28.4, ,   -11.9, ,   -32.3, ,   -16.1, ,     6.9, ,    -7.1, 
1977,   -24.8, ,   -31.1, ,   -22.6, ,   -14.5, ,    -3.0, ,     4.2, ,     9.5, ,     7.8, ,     5.1, ,    -2.9, ,   -15.8, ,   -26.3, ,    -9.5, ,   -28.1, ,   -13.4, ,     7.2, ,    -4.5, 
1978,   -30.2, ,   -25.1, ,   -29.3, ,   -18.0, ,    -9.1, ,      .7, ,     6.1, ,     6.8, ,     1.7, ,   -12.0, ,   -24.6, ,   -21.1, ,   -12.8, ,   -27.2, ,   -18.8, ,     4.5, ,   -11.6, 
1979,   -27.4, ,   -41.0, ,   -29.4, ,   -16.1, ,    -4.7, ,     3.3, ,     9.7, ,     7.2, ,      .9, , -9999.9,M, -9999.9,M,   -26.4, , -9999.9,M,   -29.8, ,   -16.7, ,     6.7, , -9999.9,M
1980,   -31.4, ,   -26.9, ,   -26.6, ,   -15.8, ,    -2.4, ,     3.8, ,     7.1, ,     9.2, ,      .8, ,    -5.9, ,   -17.5, ,   -25.9, ,   -11.0, ,   -28.2, ,   -14.9, ,     6.7, ,    -7.5, 
1981,   -24.2, , -9999.9,M, -9999.9,M, -9999.9,M, -9999.9,M, -9999.9,M, -9999.9,M, -9999.9,M, -9999.9,M, -9999.9,M, -9999.9,M, -9999.9,M, -9999.9,M, -9999.9,M, -9999.9,M, -9999.9,M, -9999.9,M
1982, -9999.9,M, -9999.9,M, -9999.9,M, -9999.9,M, -9999.9,M, -9999.9,M, -9999.9,M, -9999.9,M, -9999.9,M, -9999.9,M, -9999.9,M, -9999.9,M, -9999.9,M, -9999.9,M, -9999.9,M, -9999.9,M, -9999.9,M
1983, -9999.9,M, -9999.9,M, -9999.9,M, -9999.9,M, -9999.9,M, -9999.9,M, -9999.9,M, -9999.9,M, -9999.9,M, -9999.9,M, -9999.9,M, -9999.9,M, -9999.9,M, -9999.9,M, -9999.9,M, -9999.9,M, -9999.9,M
1984, -9999.9,M, -9999.9,M, -9999.9,M, -9999.9,M, -9999.9,M, -9999.9,M, -9999.9,M, -9999.9,M, -9999.9,M, -9999.9,M, -9999.9,M, -9999.9,M, -9999.9,M, -9999.9,M, -9999.9,M, -9999.9,M, -9999.9,M
1985, -9999.9,M,   -30.8, ,   -29.1, ,   -18.2, , -9999.9,M, -9999.9,M,     9.7, ,     8.2, ,     3.1, ,    -3.9, ,   -15.1,E,   -23.7, , -9999.9,M, -9999.9,M, -9999.9,M, -9999.9,M,    -5.3,E
1986,   -32.0, ,   -31.1, ,   -26.9, ,   -15.6, ,    -4.9, , -9999.9,M,     8.3, ,     6.2, ,     1.6, ,    -9.2, ,   -23.0, ,   -27.4, , -9999.9,M,   -28.9, ,   -15.8, , -9999.9,M,   -10.2, 
1987,   -29.9, ,   -28.2, ,   -23.1, ,   -16.1, ,   -10.2, ,     -.2,E, -9999.9,M,     5.8, ,     4.5, ,    -7.0, ,   -16.7, ,   -19.4, , -9999.9,M,   -28.5, ,   -16.5, , -9999.9,M,    -6.4, 
1988,   -33.7, ,   -32.1,E,   -23.9, , -9999.9,M, -9999.9,M,     4.9, ,    10.8, ,    10.9, ,     4.3, ,    -4.1, ,   -16.3, ,   -28.9, , -9999.9,M,   -28.4,E, -9999.9,M,     8.9, ,    -5.4, 
1989,   -32.4, ,   -30.8, ,   -30.7,E, -9999.9,M,    -6.5, ,     4.3, ,    11.5, ,     9.8, ,     2.8, ,    -7.8, ,   -20.6, ,   -28.6, , -9999.9,M,   -30.7, , -9999.9,M,     8.5, ,    -8.5, 
1990,   -31.3, , -9999.9,M,   -21.2, , -9999.9,M,    -6.5, , -9999.9,M, -9999.9,M,     7.5, ,     2.3, , -9999.9,M,   -17.3,E, -9999.9,M, -9999.9,M, -9999.9,M, -9999.9,M, -9999.9,M, -9999.9,M
1991,   -34.3,E,   -29.3,E,   -26.0,E,   -13.8, ,    -5.8,E,     5.5,E, -9999.9,M,     9.8,E,      .6, ,    -6.4,E,   -18.7,E,   -29.9, , -9999.9,M, -9999.9,M,   -15.2,E, -9999.9,M,    -8.2,E
1992,   -29.8, ,   -31.7,E,   -25.1, ,   -18.0, ,    -8.3, ,     -.8, ,     7.1, ,     8.0, ,     1.6, ,    -4.8, ,   -18.2, ,   -26.1, ,   -12.2,E,   -30.5,E,   -17.1, ,     4.8, ,    -7.1, 
1993,   -29.1, ,   -33.7, ,   -25.4, ,   -19.0, ,    -3.1,E,     5.5, ,    10.9, ,     9.3,E,     1.5,E,    -5.9, ,   -21.3, ,   -28.4, ,   -11.6,E,   -29.6, ,   -15.8,E,     8.6,E,    -8.6,E
1994,   -35.0, ,   -35.5, ,   -24.0, ,   -17.9,E, -9999.9,M,     7.7, ,    12.2, ,     7.9, ,     4.2, ,    -3.0, ,   -13.9, ,   -20.9, , -9999.9,M,   -33.0, , -9999.9,M,     9.3, ,    -4.2, 
1995,   -28.1,E,   -32.2, ,   -24.2, ,   -11.3, ,    -6.7, ,     6.1, ,     9.1, ,     9.2, ,     1.7,E,    -3.3, ,   -19.5, ,   -23.9, ,   -10.3,E,   -27.1,E,   -14.1, ,     8.1, ,    -7.0,E
1996,   -33.5, ,   -27.0, ,   -24.8,E,   -16.9, ,    -6.8, ,     5.7, ,    14.5,E,     9.2, , -9999.9,M,    -4.9,E,   -14.7,E,   -23.9,E, -9999.9,M,   -28.1, ,   -16.2,E,     9.8,E, -9999.9,M
1997,   -32.5, , -9999.9,M,   -25.8,E,   -14.0,E,    -5.3,E,     5.8,E,    12.1,E,     9.9,E,     3.2,E,    -5.9,E,   -15.7,E, -9999.9,M, -9999.9,M, -9999.9,M,   -15.0,E,     9.3,E,    -6.1,E
1998, -9999.9,M,   -30.9,E,   -27.0,E,   -14.3,E,    -3.2,E,     6.1,E,    11.4, ,    10.9,E,     5.1,E,    -2.0,E,    -8.9,E,   -24.6, , -9999.9,M, -9999.9,M,   -14.8,E,     9.5,E,    -1.9,E
1999,   -29.5, ,   -24.7,E,   -20.9, ,   -10.0,E,    -4.5, ,     4.1, ,    10.3, ,     9.3,E,     4.4, ,    -4.6, ,   -13.4, ,   -22.3, ,    -8.5,E,   -26.3,E,   -11.8,E,     7.9,E,    -4.5, 
2000,   -30.5, ,   -28.0, ,   -23.6,E,   -17.9,E,    -5.3,E,     2.1, ,    11.7, ,    10.6, ,     2.7, ,    -5.6,E,   -17.6, ,   -26.6, ,   -10.7,E,   -26.9, ,   -15.6,E,     8.1, ,    -6.8,E
2001,   -29.9, ,   -31.0,E,   -20.3,E,   -15.0, ,    -3.0, ,     5.0,E,    10.9, ,     9.5, ,     6.1, ,    -3.1, ,   -16.6,E, -9999.9,M, -9999.9,M,   -29.2,E,   -12.8,E,     8.5,E,    -4.5,E
2002,   -30.4,E, -9999.9,M,   -28.5,E,   -16.5, ,    -6.8, ,     3.4, ,     9.3, ,     8.6, ,     3.9, ,    -4.3,E,   -17.7, ,   -23.1, , -9999.9,M, -9999.9,M,   -17.3,E,     7.1, ,    -6.0,E
2003,   -24.9,E,   -35.9,E,   -26.6, ,   -17.4, ,    -2.4,E,     3.7, ,    10.6, ,     9.7,E,     4.5, ,    -2.8, ,   -12.8, ,   -23.5, ,    -9.8,E,   -28.0,E,   -15.5,E,     8.0,E,    -3.7, 
2004,   -37.4, ,   -30.6,E,   -29.2, ,   -19.8, ,    -8.1, ,     2.2, ,    10.3, ,     8.1, ,     3.6, ,    -6.6, ,   -17.0, ,   -31.0, ,   -13.0,E,   -30.5,E,   -19.0, ,     6.9, ,    -6.7, 
2005, -9999.9,M,   -31.1, ,   -22.5,E,   -12.1, ,    -6.8, ,     5.3,E, -9999.9,M,    10.8,E,     3.0, ,    -1.7, ,   -12.1, ,   -24.8, , -9999.9,M, -9999.9,M,   -13.8,E, -9999.9,M,    -3.6, 
2006,   -25.4, ,   -27.4, ,   -18.8, ,   -11.7, , -9999.9,M,     6.1, ,    11.0,E,    10.9, ,     5.0, ,     -.4, , -9999.9,M,   -19.6,E, -9999.9,M,   -25.9, , -9999.9,M,     9.3,E, -9999.9,M
2007,   -28.9,E,   -26.3,E,   -27.4, , -9999.9,M,    -7.1, ,     3.6, ,    12.4,E,    10.1, ,     3.1, , -9999.9,M,   -18.1, , -9999.9,M, -9999.9,M,   -24.9,E, -9999.9,M,     8.7,E, -9999.9,M
2008, -9999.9,M, -9999.9,M,   -29.0, ,   -15.9, , -9999.9,M,     4.7, ,    11.8, ,    10.1, ,     3.1, ,    -2.2, ,   -14.6, , -9999.9,M, -9999.9,M, -9999.9,M, -9999.9,M,     8.9, ,    -4.6, 
2009, -9999.9,M,   -29.0, ,   -24.6, ,   -13.6, ,    -8.6, ,     4.3, ,     9.4, ,     9.2, ,     5.3, , -9999.9,M, -9999.9,M, -9999.9,M, -9999.9,M, -9999.9,M,   -15.6, ,     7.6, , -9999.9,M
2010,   -25.6, ,   -26.1, ,   -22.0, ,   -10.3, ,    -9.6, ,     4.2, ,    10.2, ,    10.0, ,     6.0, ,     -.1, ,   -10.7, , -9999.9,M, -9999.9,M, -9999.9,M,   -14.0, ,     8.1, ,    -1.6, 
