230N002,LUPIN          ,NU, station joined    , Monthly mean of homogenized daily mean temperature                     , °C,          Updated to December 2012
230N002,LUPIN          ,NU, station jointe    , Moyenne mensuelle des températures homogénéisées moyennes quotidiennes , °C, Mise à jour jusqu à décembre 2012
Year,     Jan, ,     Feb, ,     Mar, ,     Apr, ,     May, ,     Jun, ,     Jul, ,     Aug, ,     Sep, ,     Oct, ,     Nov, ,     Dec, ,  Annual, ,  Winter, ,  Spring, ,  Summer, ,  Autumn
Year,    Janv, ,     Fév, ,    Mars, ,     Avr, ,     Mai, ,    Juin, ,    Juil, ,    Août, ,    Sept, ,     Oct, ,     Nov, ,     Déc, ,  Annuel, ,   Hiver, ,Printemp, ,     Eté, , Automne
1959,   -32.0, ,   -28.4, ,   -26.7, ,   -18.4, ,   -11.9, ,      .0, ,     6.6, ,     4.6, ,     2.0, ,   -11.4, ,   -21.9, ,   -22.4, ,   -13.3, , -9999.9,M,   -19.0, ,     3.7, ,   -10.4, 
1960,   -31.7, ,   -29.9, ,   -30.0, ,   -16.4, ,    -4.1, ,     7.8, ,     8.0, ,     9.0, ,     1.4, ,    -9.5, ,   -24.8, ,   -26.4, ,   -12.2, ,   -28.0, ,   -16.8, ,     8.3, ,   -11.0, 
1961,   -32.9, ,   -30.2, ,   -31.9, ,   -22.0, ,    -8.0, ,     6.8, ,    12.5, ,     8.4, ,    -1.1, ,   -11.9, ,   -20.3, ,   -32.6, ,   -13.6, ,   -29.8, ,   -20.6, ,     9.2, ,   -11.1, 
1962,   -31.1, ,   -36.1, ,   -28.2, ,   -19.8, ,   -10.6, ,     6.0, ,     9.6, ,     9.4, ,     2.8, ,    -5.9, ,   -22.5, ,   -26.2, ,   -12.7, ,   -33.3, ,   -19.5, ,     8.3, ,    -8.5, 
1963,   -32.3, ,   -29.8, ,   -31.9, ,   -13.9, ,    -6.8, ,     5.0, ,     9.2, ,     9.3, ,     1.5, ,    -4.4, ,   -19.3, ,   -24.2, ,   -11.5, ,   -29.4, ,   -17.5, ,     7.8, ,    -7.4, 
1964,   -33.7, ,   -30.4, ,   -32.4, ,   -20.3, ,    -4.1, ,     3.0, ,    10.7, ,    10.3, ,     2.0, ,    -6.6, ,   -18.0, ,   -29.0, ,   -12.4, ,   -29.4, ,   -18.9, ,     8.0, ,    -7.5, 
1965,   -31.6, ,   -38.5, ,   -23.8, ,   -15.4, ,    -5.9, ,     2.6, ,     9.4, ,     8.6, ,    -1.4, ,    -8.4, ,   -20.2, ,   -27.5, ,   -12.7, ,   -33.0, ,   -15.0, ,     6.9, ,   -10.0, 
1966,   -38.5, ,   -30.8, ,   -26.2, ,   -21.6, ,    -3.5, ,     7.8, ,    11.5, ,    10.8, ,     4.4, ,   -11.5, ,   -25.4, ,   -25.1, ,   -12.3, ,   -32.3, ,   -17.1, ,    10.0, ,   -10.8, 
1967,   -31.4, ,   -34.1, ,   -28.7, ,   -19.0, ,    -8.2, ,     1.4, ,     8.5, ,     8.1, ,     2.7, ,    -4.8, ,   -18.8, ,   -24.5, ,   -12.4, ,   -30.2, ,   -18.6, ,     6.0, ,    -7.0, 
1968,   -33.6, ,   -28.0, ,   -21.6, ,   -19.7, ,    -6.5, ,     4.7, ,     7.5, ,     7.5, ,     2.9, ,    -5.0, ,   -17.4, ,   -27.8, ,   -11.4, ,   -28.7, ,   -15.9, ,     6.6, ,    -6.5, 
1969,   -33.8, ,   -25.5, ,   -25.6, ,   -14.2, ,    -8.5, ,      .5, ,     9.3, ,     9.3, ,     1.8, ,    -4.8, ,   -20.5, ,   -20.5, ,   -11.0, ,   -29.0, ,   -16.1, ,     6.4, ,    -7.8, 
1970,   -30.3, ,   -31.9, ,   -26.1, ,   -15.2, ,    -8.3, ,     5.9, ,    10.7, ,     9.0, ,     1.7, ,    -6.5, ,   -22.2, ,   -34.0, ,   -12.3, ,   -27.6, ,   -16.5, ,     8.5, ,    -9.0, 
1971,   -32.3, ,   -29.0, ,   -25.6, ,   -15.6, ,    -3.0, ,     6.1, ,     9.6, ,     9.1, ,     3.2, ,    -5.1, ,   -22.1, ,   -29.1, ,   -11.2, ,   -31.8, ,   -14.7, ,     8.3, ,    -8.0, 
1972,   -34.5, ,   -35.2, ,   -24.9, ,   -21.4, ,    -6.8, ,     4.2, ,     8.9, ,     9.3, ,    -2.2, ,   -11.7, ,   -21.0, ,   -29.2, ,   -13.7, ,   -32.9, ,   -17.7, ,     7.5, ,   -11.6, 
1973,   -29.0, ,   -30.7, ,   -27.0, ,   -16.5, ,      .4, ,     8.7, ,    12.9, ,    10.7, ,     5.6, ,    -2.9, ,   -19.6, ,   -26.5, ,    -9.5, ,   -29.6, ,   -14.4, ,    10.8, ,    -5.6, 
1974,   -31.3, ,   -31.3, ,   -29.8, ,   -19.5, ,    -4.0, ,     6.8, ,    11.1, ,     7.8, ,     -.3, ,   -14.1, ,   -18.4, ,   -25.9, ,   -12.4, ,   -29.7, ,   -17.8, ,     8.6, ,   -10.9, 
1975,   -37.1, ,   -29.8, ,   -27.9, ,   -12.0, ,    -1.9, ,     7.4, ,    10.8, ,    10.8, ,     4.0, ,    -7.6, ,   -20.7, ,   -28.6, ,   -11.1, ,   -30.9, ,   -13.9, ,     9.7, ,    -8.1, 
1976,   -31.4, ,   -31.3, ,   -28.8, ,    -9.3, ,    -1.4, ,     5.0, ,    12.0, ,     9.0, ,     3.8, ,    -6.3, ,   -18.5, ,   -30.5, ,   -10.6, ,   -30.4, ,   -13.2, ,     8.7, ,    -7.0, 
1977,   -27.8, ,   -25.2, ,   -25.7, ,   -15.6, ,    -3.3, ,     6.1, ,    10.0, ,     7.3, ,     4.6, ,    -5.9, ,   -20.4, ,   -30.0, ,   -10.5, ,   -27.8, ,   -14.9, ,     7.8, ,    -7.2, 
1978,   -29.7, ,   -24.6, ,   -27.9, ,   -18.6, ,    -8.3, ,     1.2, ,     5.5, ,     6.4, ,     2.1, ,   -14.1, ,   -22.2, ,   -27.5, ,   -13.1, ,   -28.1, ,   -18.3, ,     4.4, ,   -11.4, 
1979,   -27.6, ,   -39.2, ,   -31.8, ,   -19.6, ,    -7.3, ,     1.6, ,     9.9, ,     6.3, ,     1.1, ,    -8.6, ,   -16.2, ,   -25.4, ,   -13.1, ,   -31.4, ,   -19.6, ,     5.9, ,    -7.9, 
1980,   -31.9, ,   -24.6, ,   -26.5, ,   -14.5, ,    -1.4, ,     4.7, ,     9.3, ,    10.5, ,      .5, ,    -6.8, ,   -22.7, ,   -31.5, ,   -11.2, ,   -27.3, ,   -14.1, ,     8.2, ,    -9.7, 
1981,   -20.6, ,   -27.8, ,   -21.8, ,   -19.8, ,    -3.5, ,     5.0, ,     9.5, ,    11.1, ,     1.6, ,    -6.3, ,   -18.1, ,   -24.3, ,    -9.6, ,   -26.6, ,   -15.0, ,     8.5, ,    -7.6, 
1982,   -36.0, ,   -28.5, ,   -27.5, ,   -19.7, ,    -5.6, ,     4.9, ,    11.5, ,     7.2, ,      .9, ,    -7.2, ,   -26.0, ,   -29.9, ,   -13.0, ,   -29.6, ,   -17.6, ,     7.9, ,   -10.8, 
1983,   -30.9, ,   -33.4, ,   -28.9, ,   -17.2, ,   -14.1, ,     5.2, ,    10.3, ,     9.3, ,     2.4, ,    -9.4, ,   -13.9, ,   -27.1, ,   -12.3, ,   -31.4, ,   -20.1, ,     8.3, ,    -7.0, 
1984,   -32.2, ,   -25.7, ,   -25.2, ,   -12.0, ,    -3.9, ,     8.1, ,    12.7, ,     9.7, ,     -.1, ,    -9.2, ,   -21.8, ,   -32.4, ,   -11.0, ,   -28.3, ,   -13.7, ,    10.2, ,   -10.4, 
1985,   -27.7, ,   -34.7, ,   -26.5, ,   -19.6, ,    -1.6, ,     6.5, ,     7.8, ,     6.3, ,      .8, ,   -10.0, ,   -23.5, ,   -25.0, ,   -12.3, ,   -31.6, ,   -15.9, ,     6.9, ,   -10.9, 
1986,   -31.8,E,   -26.9, ,   -27.7, ,   -19.0, ,    -5.8, ,     3.0, ,    10.5, ,     7.0, ,     1.6, ,    -9.6, ,   -24.1, ,   -25.0,E,   -12.3,E,   -27.9,E,   -17.5, ,     6.8, ,   -10.7, 
1987,   -24.7, ,   -25.1, ,   -26.0, ,   -15.2, ,    -6.9, ,     5.4, ,    10.0, ,     5.4, ,     4.1, ,    -8.1, ,   -21.2, ,   -19.6, ,   -10.2, ,   -24.9,E,   -16.0, ,     6.9, ,    -8.4, 
1988,   -31.7, ,   -31.6, ,   -22.7, ,   -15.4, ,   -10.1, ,     7.1, ,    11.5, ,    10.5, ,     3.6, ,    -8.3, ,   -25.5, ,   -27.4, ,   -11.7, ,   -27.6, ,   -16.1, ,     9.7, ,   -10.1, 
1989,   -33.4, ,   -22.5, ,   -29.8, ,   -15.3, ,    -8.2, ,     7.9, ,    12.3, ,    12.7, ,     1.6, ,    -7.9, ,   -26.0, ,   -29.2, ,   -11.5, ,   -27.8, ,   -17.8, ,    11.0, ,   -10.8, 
1990,   -32.8, ,   -34.6, ,   -21.3, ,   -14.6, ,    -7.4, ,     4.3, ,    10.9,E,     6.1, ,     1.0,E,    -9.3, ,   -24.9,E,   -31.2, ,   -12.8,E,   -32.2, ,   -14.4, ,     7.1,E,   -11.1,E
1991,   -31.5, ,   -30.6, ,   -28.1, ,   -13.9, ,    -1.8, ,     7.5, ,    11.4, ,    10.1, ,      .0, ,   -10.7, ,   -22.7, ,   -27.8, ,   -11.5, ,   -31.1, ,   -14.6, ,     9.7, ,   -11.1, 
1992,   -29.2, ,   -29.0, ,   -23.0, ,   -17.5, ,    -5.8, ,     4.3, ,    11.0, ,     8.2, ,    -1.2, ,    -8.4, ,   -18.6, ,   -26.0, ,   -11.3, ,   -28.7, ,   -15.4, ,     7.8, ,    -9.4, 
1993,   -25.7, ,   -28.3,E,   -21.4, ,   -17.1, ,    -5.7, ,     4.8, ,    10.4, ,     9.2, ,      .5, ,    -8.9, ,   -21.9, ,   -29.0, ,   -11.1,E,   -26.7,E,   -14.7, ,     8.1, ,   -10.1, 
1994,   -34.4, ,   -33.6, ,   -21.7, ,   -17.5, ,    -2.4, ,     8.1, ,    13.9, ,    10.6, ,     2.2, ,    -5.0, ,   -18.5, ,   -23.5, ,   -10.2, ,   -32.3, ,   -13.9, ,    10.9, ,    -7.1, 
1995,   -25.0, ,   -28.3, ,   -25.6, ,   -15.2, ,    -7.1, ,     7.6, ,     8.9, ,     8.9, ,      .8, ,    -9.3, ,   -20.6, ,   -29.9, ,   -11.2, ,   -25.6, ,   -16.0, ,     8.5, ,    -9.7, 
1996,   -31.7, ,   -26.7, ,   -25.9, ,   -16.3, ,    -5.8, ,     9.7, ,    14.3, ,     7.6, ,     5.1, ,    -9.5, ,   -20.4, ,   -26.9, ,   -10.5, ,   -29.4, ,   -16.0, ,    10.5, ,    -8.3, 
1997,   -30.3, ,   -27.5, ,   -27.6, ,   -16.0, ,    -6.5, ,     6.0, ,    13.4, ,     9.7,E,     4.7, ,   -10.6, ,   -15.1, ,   -23.0, ,   -10.2,E,   -28.2, ,   -16.7, ,     9.7,E,    -7.0, 
1998,   -33.4, ,   -25.6, ,   -22.1, ,   -10.7, ,     -.4, ,     8.3, ,    13.9, ,    11.4, ,     3.6, ,    -4.1, ,   -12.8, ,   -22.2, ,    -7.8, ,   -27.3, ,   -11.1, ,    11.2, ,    -4.4, 
1999,   -28.6, ,   -23.3, ,   -19.6, ,   -13.3, ,    -4.8, ,     6.9, ,     8.4, ,     8.8, ,     2.3, ,    -8.9, ,   -16.9, ,   -24.8, ,    -9.5, ,   -24.7, ,   -12.6, ,     8.0, ,    -7.8, 
2000,   -26.8, ,   -24.9, ,   -22.3, ,   -16.1, ,    -3.9, ,     7.3, ,    15.1, ,     9.0, ,     1.0, ,    -8.7, ,   -18.8, ,   -29.5, ,    -9.9, ,   -25.5, ,   -14.1, ,    10.5, ,    -8.8, 
2001,   -25.4, ,   -27.7, ,   -23.8, ,   -15.8, ,    -4.7, ,     3.8, ,    12.4, ,     8.5, ,     5.9, ,    -9.6, ,   -20.5, ,   -23.2, ,   -10.0, ,   -27.5, ,   -14.8, ,     8.2, ,    -8.1, 
2002,   -28.3, ,   -30.1, ,   -25.5, ,   -19.9, ,    -8.4, ,     7.4, ,    12.0, ,     8.1, ,     2.8, ,    -9.0, ,   -17.3, ,   -20.2, ,   -10.7, ,   -27.2, ,   -17.9, ,     9.2, ,    -7.8, 
2003,   -27.2, ,   -32.0, ,   -26.7, ,   -13.5, ,    -5.4, ,     5.6, ,    13.4, ,    10.3, ,     3.7, ,    -4.3, ,   -18.9, ,   -25.1, ,   -10.0, ,   -26.5, ,   -15.2, ,     9.8, ,    -6.5, 
2004,   -33.0, ,   -29.1, ,   -29.6, ,   -19.3, ,   -11.2, ,     5.2, ,    11.6, ,     6.5, ,      .8, ,   -10.6, ,   -22.0, ,   -29.7, ,   -13.4, ,   -29.1, ,   -20.0, ,     7.8, ,   -10.6, 
2005,   -29.1, ,   -29.5, ,   -23.9, ,   -11.4, ,    -8.7, ,     4.8, ,     9.4, ,     8.7, ,      .2, ,    -7.0, ,   -17.4, ,   -20.6, ,   -10.4, ,   -29.4, ,   -14.7, ,     7.6, ,    -8.1, 
2006,   -26.1, ,   -23.3, ,   -18.5, ,   -13.4, ,     -.1, ,    10.2, ,    11.2, ,    11.3, ,     4.5, ,    -6.2, ,   -20.9, ,   -20.8,E,    -7.7,E,   -23.3, ,   -10.7, ,    10.9, ,    -7.5, 
2007, -9999.9,M,   -28.3, ,   -27.8, ,   -14.3,E,    -6.5,E,     5.3, ,    12.8, ,     7.0,E,     -.9,E,    -7.6,E,   -22.1, ,   -27.0,E, -9999.9,M, -9999.9,M,   -16.2,E,     8.4,E,   -10.2,E
2008,   -27.6,E, -9999.9,M, -9999.9,M,   -15.8, ,    -4.1, ,     5.9,E,    12.2,E,     8.3,E,      .2,E,    -6.0,E,   -18.4,E, -9999.9,M, -9999.9,M, -9999.9,M, -9999.9,M,     8.8,E,    -8.1,E
2009, -9999.9,M, -9999.9,M, -9999.9,M, -9999.9,M, -9999.9,M, -9999.9,M, -9999.9,M, -9999.9,M,     4.3, ,    -9.3, ,   -17.0, ,   -25.3, , -9999.9,M, -9999.9,M, -9999.9,M, -9999.9,M,    -7.3, 
2010,   -27.5,E, -9999.9,M, -9999.9,M,    -8.8, ,    -8.7, ,     6.6,E,    12.6,E,     9.7,E,     2.4, ,    -5.6, ,   -16.3, ,   -24.4,E, -9999.9,M, -9999.9,M, -9999.9,M,     9.6,E,    -6.5, 
2011, -9999.9,M, -9999.9,M, -9999.9,M,   -19.7,E,    -2.8, ,     5.4,E,    13.3,E,    10.7, ,     3.7, ,    -5.4, ,   -19.9, ,   -24.6, , -9999.9,M, -9999.9,M, -9999.9,M,     9.8,E,    -7.2, 
2012,   -28.6,E,   -21.0, , -9999.9,M,   -15.3, ,    -1.1,E,     9.4, ,    13.5, ,    10.3, ,     6.4,E,    -6.6,E,   -21.3,E,   -29.2, , -9999.9,M,   -24.7,E, -9999.9,M,    11.1, ,    -7.2,E
