2400305,ALERT          ,NU, station joined    , Monthly mean of homogenized daily mean temperature                     , °C,          Updated to December 2012
2400305,ALERT          ,NU, station jointe    , Moyenne mensuelle des températures homogénéisées moyennes quotidiennes , °C, Mise à jour jusqu à décembre 2012
Year,     Jan, ,     Feb, ,     Mar, ,     Apr, ,     May, ,     Jun, ,     Jul, ,     Aug, ,     Sep, ,     Oct, ,     Nov, ,     Dec, ,  Annual, ,  Winter, ,  Spring, ,  Summer, ,  Autumn
Year,    Janv, ,     Fév, ,    Mars, ,     Avr, ,     Mai, ,    Juin, ,    Juil, ,    Août, ,    Sept, ,     Oct, ,     Nov, ,     Déc, ,  Annuel, ,   Hiver, ,Printemp, ,     Eté, , Automne
1950, -9999.9,M, -9999.9,M, -9999.9,M, -9999.9,M, -9999.9,M, -9999.9,M,     5.7, ,     1.5, ,   -10.6, ,   -21.7, ,   -27.3, ,   -32.4, , -9999.9,M, -9999.9,M, -9999.9,M, -9999.9,M,   -19.9, 
1951,   -36.4, ,   -34.3, ,   -30.4, ,   -24.1, ,   -10.9, ,      .8, ,     1.8, ,     -.5, ,    -8.3, ,   -21.2, ,   -25.3, ,   -33.8, ,   -18.6, ,   -34.4, ,   -21.8, ,      .7, ,   -18.3, 
1952,   -33.5, ,   -32.9, ,   -33.9, ,   -24.6, ,    -7.0, ,    -1.1, ,     3.7, ,      .0, ,   -10.4, ,   -19.2, ,   -26.3, ,   -25.3, ,   -17.5, ,   -33.4, ,   -21.8, ,      .9, ,   -18.6, 
1953,   -30.8, ,   -33.0, ,   -31.8, ,   -17.3, ,   -10.9, ,     1.0, ,     4.9, ,     -.3, ,    -8.4, ,   -20.5, ,   -24.7, ,   -29.8, ,   -16.8, ,   -29.7, ,   -20.0, ,     1.9, ,   -17.9, 
1954,   -34.1, ,   -35.1, ,   -35.9, ,   -24.5, ,    -9.1, ,     -.9, ,     5.6, ,     3.0, ,    -6.7, ,   -20.2, ,   -25.1, ,   -30.9, ,   -17.8, ,   -33.0, ,   -23.2, ,     2.6, ,   -17.3, 
1955,   -30.4, ,   -34.9, ,   -34.1, ,   -23.8, ,   -14.6, ,     -.2, ,      .7, ,     1.0, ,    -9.0, ,   -15.0, ,   -26.6, ,   -31.5, ,   -18.2, ,   -32.1, ,   -24.2, ,      .5, ,   -16.9, 
1956,   -33.8, ,   -31.3, ,   -35.0, ,   -21.1, ,   -17.0, ,    -1.1, ,     6.1, ,     1.0, ,   -12.9, ,   -22.3, ,   -26.4, ,   -26.5, ,   -18.4, ,   -32.2, ,   -24.4, ,     2.0, ,   -20.5, 
1957,   -34.4, ,   -29.4, ,   -28.5, ,   -27.6, ,   -12.3, ,      .2, ,     5.2, ,     1.2, ,   -10.1, ,   -18.2, ,   -27.6, ,   -35.7, ,   -18.1, ,   -30.1, ,   -22.8, ,     2.2, ,   -18.6, 
1958,   -25.3, ,   -34.4, ,   -29.9, ,   -27.6, ,    -9.1, ,      .2, ,     4.5, ,     1.5, ,    -8.1, ,   -19.1, ,   -28.7, ,   -28.6, ,   -17.1, ,   -31.8, ,   -22.2, ,     2.1, ,   -18.6, 
1959,   -31.6, ,   -32.5, ,   -32.5, ,   -22.5, ,   -12.6, ,     -.6, ,     2.2, ,      .1, ,   -12.4, ,   -22.7, ,   -21.2, ,   -30.4, ,   -18.1, ,   -30.9, ,   -22.5, ,      .6, ,   -18.8, 
1960,   -29.0, ,   -31.7, ,   -36.2, ,   -27.2, ,    -9.6, ,      .3, ,     5.0, ,      .6, ,    -8.8, ,   -19.8, ,   -26.5, ,   -30.0, ,   -17.7, ,   -30.4, ,   -24.3, ,     2.0, ,   -18.4, 
1961,   -32.4, ,   -34.5, ,   -36.6, ,   -24.5, ,   -15.3, ,    -1.8, ,     5.0, ,    -2.3, ,   -12.5, ,   -19.3, ,   -23.4, ,   -28.8, ,   -18.9, ,   -32.3, ,   -25.5, ,      .3, ,   -18.4, 
1962,   -32.0, ,   -33.5, ,   -28.9, ,   -24.3, ,   -11.7, ,     1.2, ,     5.6, ,     1.7, ,   -10.3, ,   -20.4, ,   -24.6, ,   -28.2, ,   -17.1, ,   -31.4, ,   -21.6, ,     2.8, ,   -18.4, 
1963,   -32.8, ,   -30.0, ,   -33.3, ,   -21.8, ,   -13.8, ,    -3.0, ,     2.7, ,     2.3, ,   -12.1, ,   -18.6, ,   -24.5, ,   -27.9, ,   -17.7, ,   -30.3, ,   -23.0, ,      .7, ,   -18.4, 
1964,   -33.4, ,   -33.3, ,   -31.6, ,   -26.5, ,   -13.3, ,      .5, ,     2.6, ,     1.6, ,   -11.6, ,   -20.7, ,   -28.7, ,   -29.9, ,   -18.7, ,   -31.5, ,   -23.8, ,     1.6, ,   -20.3, 
1965,   -31.7, ,   -30.8, ,   -31.1, ,   -25.1, ,    -9.6, ,    -2.6, ,     2.5, ,      .0, ,   -11.1, ,   -20.3, ,   -18.7, ,   -29.4, ,   -17.3, ,   -30.8, ,   -21.9, ,      .0, ,   -16.7, 
1966,   -33.1, ,   -30.4, ,   -36.7, ,   -28.9, ,    -8.7, ,      .3, ,     3.5, ,     2.8, ,   -10.5, ,   -25.5, ,   -29.2, ,   -31.3, ,   -19.0, ,   -31.0, ,   -24.8, ,     2.2, ,   -21.7, 
1967,   -31.0, ,   -37.3, ,   -33.1, ,   -21.3, ,    -5.3, ,    -1.6, ,     5.4, ,     1.4, ,    -9.6, ,   -16.7, ,   -29.6, ,   -28.3, ,   -17.3, ,   -33.2, ,   -19.9, ,     1.7, ,   -18.6, 
1968,   -33.7, ,   -36.9, ,   -33.1, ,   -26.8, ,   -10.9, ,     -.4, ,     2.0, ,      .2, ,    -9.9, ,   -16.8, ,   -30.4, ,   -29.6, ,   -18.9, ,   -33.0, ,   -23.6, ,      .6, ,   -19.0, 
1969,   -29.8, ,   -32.5, ,   -35.3, ,   -26.0, ,   -10.1, ,    -2.1, ,     4.0, ,     2.6, ,    -9.9, ,   -17.9, ,   -28.1, ,   -28.1, ,   -17.8, ,   -30.6, ,   -23.8, ,     1.5, ,   -18.6, 
1970,   -33.1, ,   -36.1, ,   -31.7, ,   -27.6, ,   -12.1, ,    -1.9, ,     2.9, ,     -.7, ,    -9.0, ,   -17.5, ,   -25.7, ,   -30.2, ,   -18.6, ,   -32.4, ,   -23.8, ,      .1, ,   -17.4, 
1971,   -34.2, ,   -33.2, ,   -29.5, ,   -21.8, ,   -11.9, ,      .1, ,     3.9, ,      .7, ,    -9.9, ,   -18.9, ,   -27.3, ,   -33.3, ,   -17.9, ,   -32.5, ,   -21.1, ,     1.6, ,   -18.7, 
1972,   -30.9, ,   -36.3, ,   -31.8, ,   -26.4, ,   -14.0, ,    -2.5, ,     1.8, ,      .6, ,    -9.9, ,   -18.5, ,   -25.3, ,   -32.5, ,   -18.8, ,   -33.5, ,   -24.1, ,      .0, ,   -17.9, 
1973,   -29.8, ,   -36.3, ,   -36.6, ,   -26.5, ,   -12.7, ,      .0, ,     3.0, ,      .5, ,   -11.8, ,   -17.5, ,   -25.7, ,   -28.0, ,   -18.5, ,   -32.9, ,   -25.3, ,     1.2, ,   -18.3, 
1974,   -34.6, ,   -35.1, ,   -34.9, ,   -25.4, ,   -12.5, ,    -1.9, ,     3.1, ,     2.3, ,   -10.5, ,   -19.5, ,   -25.4, ,   -31.8, ,   -18.9, ,   -32.6, ,   -24.3, ,     1.2, ,   -18.5, 
1975,   -37.7, ,   -33.0, ,   -35.2, ,   -24.5, ,   -13.3, ,    -2.3, ,     4.0, ,     1.3, ,   -11.1, ,   -19.7, ,   -27.2, ,   -29.2, ,   -19.0, ,   -34.2, ,   -24.3, ,     1.0, ,   -19.3, 
1976,   -29.2, ,   -30.9, ,   -32.0, ,   -27.5, ,   -15.3, ,    -2.2, ,     2.6, ,      .8, ,    -8.2, ,   -22.8, ,   -29.2, ,   -30.6, ,   -18.7, ,   -29.8, ,   -24.9, ,      .4, ,   -20.1, 
1977,   -26.3, ,   -37.1, ,   -37.4, ,   -23.9, ,   -13.1, ,    -2.0, ,     2.2, ,      .1, ,   -10.6, ,   -18.9, ,   -29.6, ,   -33.0, ,   -19.1, ,   -31.3, ,   -24.8, ,      .1, ,   -19.7, 
1978,   -32.8, ,   -26.6, ,   -34.0, ,   -24.6, ,   -10.5, ,    -1.7, ,     4.4, ,     2.6, ,   -10.3, ,   -26.2, ,   -29.4, ,   -23.7, ,   -17.7, ,   -30.8, ,   -23.0, ,     1.8, ,   -22.0, 
1979,   -32.2, ,   -43.9, ,   -32.0, ,   -24.9, ,   -10.4, ,    -3.9, ,     3.3, ,     -.5, ,    -9.8, ,   -21.5, ,   -27.2, ,   -33.1, ,   -19.7, ,   -33.3, ,   -22.4, ,     -.4, ,   -19.5, 
1980,   -31.6, ,   -29.2, ,   -31.4, ,   -26.8, ,   -12.1, ,    -2.3, ,     3.1, ,     1.7, ,   -11.4, ,   -14.3, ,   -30.6, ,   -30.6, ,   -18.0, ,   -31.3, ,   -23.4, ,      .8, ,   -18.8, 
1981,   -28.2, ,   -32.0, ,   -32.7, ,   -23.6, ,   -10.4, ,      .4, ,     3.1, ,     1.9, ,    -6.8, ,   -16.0, ,   -22.6, ,   -23.9, ,   -15.9, ,   -30.3, ,   -22.2, ,     1.8, ,   -15.1, 
1982,   -30.1, ,   -35.4, ,   -31.1, ,   -26.6, ,   -12.1, ,     -.9, ,     3.1, ,     1.5, ,   -10.5, ,   -20.8, ,   -27.1, ,   -31.5, ,   -18.5, ,   -29.8, ,   -23.3, ,     1.2, ,   -19.5, 
1983,   -32.7, ,   -32.1, ,   -30.0, ,   -25.2, ,   -12.1, ,     -.3, ,     2.1, ,      .7, ,    -8.2, ,   -20.5, ,   -26.7, ,   -28.8, ,   -17.8, ,   -32.1, ,   -22.4, ,      .8, ,   -18.5, 
1984,   -33.6, ,   -36.2, ,   -34.6, ,   -27.1, ,   -11.1, ,     -.7, ,     4.3, ,      .7, ,    -8.6, ,   -19.4, ,   -27.1, ,   -29.8, ,   -18.6, ,   -32.9, ,   -24.3, ,     1.4, ,   -18.4, 
1985,   -30.5, ,   -36.7, ,   -33.8, ,   -27.8, ,   -13.2, ,      .0, ,     3.8, ,     -.3, ,    -7.8, ,   -22.2, ,   -28.0, ,   -28.1, ,   -18.7, ,   -32.3, ,   -24.9, ,     1.2, ,   -19.3, 
1986,   -35.9, ,   -28.2, ,   -36.2, ,   -26.5, ,   -10.7, ,    -1.5, ,     3.0, ,     2.8, ,    -8.9, ,   -21.7, ,   -27.7, ,   -27.7, ,   -18.3, ,   -30.7, ,   -24.5, ,     1.4, ,   -19.4, 
1987,   -29.7, ,   -36.9, ,   -35.4, ,   -28.4, ,   -14.6, ,      .1, ,     2.5, ,     1.6, ,    -6.9, ,   -18.1, ,   -29.7, ,   -30.3,E,   -18.8,E,   -31.4, ,   -26.1, ,     1.4, ,   -18.2, 
1988,   -32.1, ,   -32.3, ,   -30.2, ,   -19.6, ,   -10.4, ,     -.8, ,     3.7, ,     1.2, ,    -8.1, ,   -17.1, ,   -27.2, ,   -29.2, ,   -16.8, ,   -31.6,E,   -20.1, ,     1.4, ,   -17.5, 
1989,   -35.1, ,   -29.8, ,   -35.0, ,   -25.3, ,   -13.5, ,      .9, ,     4.5, ,      .4, ,    -8.4, ,   -20.5, ,   -26.6, ,   -30.1, ,   -18.2, ,   -31.4, ,   -24.6, ,     1.9, ,   -18.5, 
1990,   -29.7, ,   -33.6, ,   -29.9, ,   -19.6, ,    -7.8, ,     1.2, ,     3.8, ,     -.8, ,    -9.4, ,   -21.3, ,   -31.3, ,   -32.7, ,   -17.6, ,   -31.1, ,   -19.1, ,     1.4, ,   -20.7, 
1991,   -34.6, ,   -33.9, ,   -28.6, ,   -21.9, ,    -9.9, ,      .9, ,     3.9, ,     1.7, ,    -7.9, ,   -17.6, ,   -24.3, ,   -30.9, ,   -16.9, ,   -33.7, ,   -20.1, ,     2.2, ,   -16.6, 
1992,   -34.6, ,   -34.1, ,   -29.6, ,   -26.9, ,   -13.2,E,    -1.8, ,     2.8, ,     -.3, ,    -8.5, ,   -19.8, ,   -27.9,E,   -30.6, ,   -18.7,E,   -33.2, ,   -23.2,E,      .2, ,   -18.7,E
1993,   -32.1, ,   -29.4, ,   -32.6, ,   -23.7,E,   -10.6, ,    -1.3, ,     5.1, ,     -.2, ,   -11.7, ,   -17.4, ,   -27.4, ,   -31.3, ,   -17.7,E,   -30.7, ,   -22.3,E,     1.2, ,   -18.8, 
1994,   -33.7, ,   -32.7, ,   -34.1, ,   -24.9, ,   -10.6, ,     1.6, ,     3.8, ,     1.8, ,    -6.8,E,   -17.2, ,   -23.0, ,   -30.8, ,   -17.2,E,   -32.6, ,   -23.2, ,     2.4, ,   -15.7,E
1995,   -33.6, ,   -33.7, ,   -34.0,E,   -15.4, ,    -9.8, ,     -.5, ,     2.0, ,     1.7, ,    -5.7, ,   -19.1, ,   -25.1, ,   -32.5, ,   -17.1,E,   -32.7, ,   -19.7,E,     1.1, ,   -16.6, 
1996,   -32.1, ,   -29.8, ,   -30.8, ,   -21.9, ,    -9.3, ,     -.6, ,     2.8, ,     -.2, ,   -10.2, ,   -19.7, ,   -20.1, ,   -26.7, ,   -16.6, ,   -31.5, ,   -20.7, ,      .7, ,   -16.7, 
1997,   -33.5, ,   -34.0, ,   -27.7, ,   -22.3,E,   -12.2, ,    -2.1, ,     2.5, ,    -1.1, ,    -9.7, ,   -19.4, ,   -23.3, ,   -29.4, ,   -17.7,E,   -31.4, ,   -20.7,E,     -.2, ,   -17.5, 
1998,   -31.4, ,   -33.4, ,   -28.4, ,   -22.0, ,   -11.9, ,     1.1, ,     4.6, ,     1.5, ,    -6.9, ,   -17.6, ,   -21.2, ,   -29.1, ,   -16.2, ,   -31.4, ,   -20.8, ,     2.4, ,   -15.2, 
1999,   -33.4, ,   -32.0, ,   -29.9, ,   -22.7, ,   -12.5, ,    -1.8, ,     3.5, ,    -1.8, ,    -8.8, ,   -18.8, ,   -23.0, ,   -33.5, ,   -17.9, ,   -31.5, ,   -21.7, ,      .0, ,   -16.9, 
2000,   -35.5, ,   -34.8, ,   -33.2, ,   -27.2, ,   -13.8, ,     1.2, ,     3.4, ,      .3, ,   -10.8, ,   -18.6, ,   -26.9, ,   -29.3, ,   -18.8, ,   -34.6, ,   -24.7, ,     1.6, ,   -18.8, 
2001,   -31.5, ,   -34.7, ,   -35.3, ,   -26.3, ,   -14.2, ,     -.9, ,     2.6, ,      .8, ,    -8.8, ,   -18.7, ,   -26.0, ,   -25.4, ,   -18.2, ,   -31.8, ,   -25.3, ,      .8, ,   -17.8, 
2002,   -32.7, ,   -39.2, ,   -32.5, ,   -28.0, ,   -12.3, ,     -.1, ,     4.0, ,     3.2, ,    -7.4, ,   -13.5, ,   -25.5, ,   -25.6, ,   -17.5, ,   -32.4, ,   -24.3, ,     2.4, ,   -15.5, 
2003,   -28.8, ,   -34.6, ,   -36.4, ,   -26.2, ,   -12.0, ,    -1.5, ,     5.8, ,     2.6, ,    -6.1, ,   -17.2, ,   -27.9, ,   -28.2, ,   -17.5, ,   -29.7, ,   -24.9, ,     2.3, ,   -17.1, 
2004,   -33.0, ,   -33.2, ,   -36.8, ,   -24.5, ,   -12.9, ,    -1.5, ,     2.9, ,      .9, ,   -11.7, ,   -20.9, ,   -29.0, ,   -33.3, ,   -19.4, ,   -31.5, ,   -24.7, ,      .8, ,   -20.5, 
2005,   -31.7, ,   -27.3, ,   -31.8, ,   -25.6, ,    -8.4, ,      .6, ,     2.7, ,     -.5, ,    -8.6, ,   -18.3, ,   -25.3, ,   -26.0, ,   -16.7, ,   -30.8, ,   -21.9, ,      .9, ,   -17.4, 
2006,   -27.1, ,   -32.8, ,   -30.6, ,   -22.6, ,    -9.0, ,    -1.0, ,     3.9, ,     -.6, ,    -5.7, ,   -12.5, ,   -24.0, ,   -30.0, ,   -16.0, ,   -28.6, ,   -20.7, ,      .8, ,   -14.1, 
2007,   -29.0,E,   -28.1,E,   -31.9, ,   -19.4, ,   -13.2, , -9999.9,M,     2.4, ,     1.6, ,    -6.0, ,   -15.6, ,   -23.9, ,   -27.1, , -9999.9,M,   -29.0,E,   -21.5, , -9999.9,M,   -15.2, 
2008,   -32.2,E,   -27.4, ,   -32.4, ,   -23.3, ,   -10.0,E,     1.7, ,     4.6, ,      .3, ,    -8.3, ,   -18.0, ,   -21.8, ,   -28.2, ,   -16.3,E,   -28.9,E,   -21.9,E,     2.2, ,   -16.0, 
2009,   -26.9, ,   -30.9, ,   -34.3, ,   -25.3, ,   -10.9, ,    -2.4, ,     5.3, ,     3.1, ,    -6.2, ,   -17.3, ,   -20.6, ,   -25.0, ,   -16.0, ,   -28.7, ,   -23.5, ,     2.0, ,   -14.7, 
2010,   -29.5, ,   -28.1, ,   -28.4, ,   -18.5, ,    -8.1, ,     -.3,E,     5.5, ,     1.4, ,    -9.9, ,   -18.1, ,   -22.1, ,   -23.4, ,   -15.0,E,   -27.5, ,   -18.3, ,     2.2,E,   -16.7, 
2011,   -26.3, ,   -30.2, ,   -25.2, ,   -25.7, ,    -8.8, ,     2.9, ,     2.9, ,     3.0, ,    -8.0, ,   -17.9, ,   -22.3, ,   -28.9, ,   -15.4, ,   -26.6, ,   -19.9, ,     2.9, ,   -16.1, 
2012,   -30.0, ,   -30.8, ,   -32.1, ,   -23.4, ,   -11.4,E,     2.0,E,     4.3,E,     3.0, ,    -7.2,E,   -16.1, ,   -23.6,E,   -24.0, ,   -15.8,E,   -29.9, ,   -22.3,E,     3.1,E,   -15.6,E
