2401200,EUREKA         ,NU, station not joined, Monthly mean of homogenized daily mean temperature                     , °C,          Updated to December 2012
2401200,EUREKA         ,NU, station non-jointe, Moyenne mensuelle des températures homogénéisées moyennes quotidiennes , °C, Mise à jour jusqu à décembre 2012
Year,     Jan, ,     Feb, ,     Mar, ,     Apr, ,     May, ,     Jun, ,     Jul, ,     Aug, ,     Sep, ,     Oct, ,     Nov, ,     Dec, ,  Annual, ,  Winter, ,  Spring, ,  Summer, ,  Autumn
Year,    Janv, ,     Fév, ,    Mars, ,     Avr, ,     Mai, ,    Juin, ,    Juil, ,    Août, ,    Sept, ,     Oct, ,     Nov, ,     Déc, ,  Annuel, ,   Hiver, ,Printemp, ,     Eté, , Automne
1947, -9999.9,M, -9999.9,M, -9999.9,M, -9999.9,M,   -10.8, ,     3.8, ,     5.6, , -9999.9,M,    -7.3, ,   -18.7, ,   -28.7, ,   -38.9, , -9999.9,M, -9999.9,M, -9999.9,M, -9999.9,M,   -18.2, 
1948,   -38.1, ,   -42.6, ,   -37.1, ,   -28.8, ,    -8.5, ,     3.2, ,     6.2, ,     3.1, ,    -4.7, ,   -20.5, ,   -29.5, ,   -41.8, ,   -19.9, ,   -39.9, ,   -24.8, ,     4.2, ,   -18.2, 
1949,   -39.8, ,   -38.0, ,   -33.2, ,   -29.0, ,   -11.5, ,     3.7, ,     5.9, ,     3.6, ,    -6.8, ,   -21.9, ,   -30.9, ,   -37.7, ,   -19.6, ,   -39.9, ,   -24.6, ,     4.4, ,   -19.9, 
1950, -9999.9,M,   -38.2, ,   -33.9, ,   -30.4, ,   -11.2, ,     2.2, ,     6.1, ,     3.5, ,    -9.6, ,   -24.6, ,   -28.9, ,   -32.9, , -9999.9,M, -9999.9,M,   -25.2, ,     3.9, ,   -21.0, 
1951,   -39.0, ,   -40.3, ,   -35.7, ,   -27.1, ,    -7.3, ,     2.8, ,     5.7, ,     3.0, ,    -5.4, ,   -22.2, ,   -28.9, ,   -38.8, ,   -19.4, ,   -37.4, ,   -23.4, ,     3.8, ,   -18.8, 
1952,   -37.2, ,   -37.5, ,   -38.4, ,   -26.4, ,    -4.1, ,     4.1, ,     6.7, ,     3.4, ,    -8.8, ,   -23.3, ,   -31.4, ,   -28.0, ,   -18.4, ,   -37.8, ,   -23.0, ,     4.7, ,   -21.2, 
1953,   -36.5, ,   -39.6, ,   -33.9, ,   -18.7, ,    -9.1, ,     1.6, ,     4.2, ,     1.1, ,    -6.3, ,   -29.4, ,   -29.2, ,   -37.3, ,   -19.4, ,   -34.7, ,   -20.6, ,     2.3, ,   -21.6, 
1954,   -38.4, ,   -37.5, ,   -37.9, ,   -27.8, ,    -9.3, ,     3.7, ,     5.6, ,     4.5, ,    -3.2, ,   -19.0, ,   -29.4, ,   -33.3, ,   -18.5, ,   -37.7, ,   -25.0, ,     4.6, ,   -17.2, 
1955,   -34.0, ,   -36.6, ,   -40.1, ,   -26.4, ,   -12.9, ,     1.2, ,     3.8, ,     3.8, ,    -6.9, ,   -15.9, ,   -29.9, ,   -37.1, ,   -19.3, ,   -34.6, ,   -26.5, ,     2.9, ,   -17.6, 
1956,   -36.5, ,   -35.7, ,   -37.7, ,   -22.8, ,   -13.8, ,      .9, ,     5.5, ,     3.0, ,   -11.6, ,   -24.4, ,   -32.6, ,   -36.9, ,   -20.2, ,   -36.4, ,   -24.8, ,     3.1, ,   -22.9, 
1957,   -40.5, ,   -35.7, ,   -36.1, ,   -31.4, ,   -10.7, ,     4.7, ,     6.7, ,     2.9, ,    -6.6, ,   -20.0, ,   -33.8, ,   -41.5, ,   -20.2, ,   -37.7, ,   -26.1, ,     4.8, ,   -20.1, 
1958,   -29.1, ,   -36.9, ,   -36.4, ,   -29.6, ,    -9.0, ,     2.0, ,     5.8, ,     4.5, ,    -5.7, ,   -20.0, ,   -32.4, ,   -29.7, ,   -18.0, ,   -35.8, ,   -25.0, ,     4.1, ,   -19.4, 
1959,   -32.0, ,   -38.5, ,   -39.6, ,   -27.7, ,   -13.3, ,     1.2, ,     6.3, ,     5.2, ,    -7.9, ,   -24.2, ,   -29.3, ,   -35.0, ,   -19.6, ,   -33.4, ,   -26.9, ,     4.2, ,   -20.5, 
1960,   -36.0, ,   -35.0, ,   -39.5, ,   -29.9, ,    -7.8, ,     4.5, ,     6.6, ,     6.3, ,    -5.1, ,   -17.5, ,   -29.3, ,   -34.0, ,   -18.1, ,   -35.3, ,   -25.7, ,     5.8, ,   -17.3, 
1961,   -37.7, ,   -38.1, ,   -39.7, ,   -24.5, ,   -13.9, ,      .1, ,     4.5, ,     2.2, ,   -14.1, ,   -24.5, ,   -27.8, ,   -31.1, ,   -20.4, ,   -36.6, ,   -26.0, ,     2.3, ,   -22.1, 
1962,   -35.0, ,   -39.1, ,   -32.2, ,   -24.0, ,    -9.8, ,     3.4, ,     7.5, ,     4.1, ,    -8.1, ,   -24.8, ,   -30.6, ,   -31.3, ,   -18.3, ,   -35.1, ,   -22.0, ,     5.0, ,   -21.2, 
1963,   -37.0, ,   -35.3, ,   -39.0, ,   -25.5, ,   -13.5, ,      .4, ,     5.8, ,     2.8, ,    -9.6, ,   -21.3, ,   -26.5, ,   -32.4, ,   -19.3, ,   -34.5, ,   -26.0, ,     3.0, ,   -19.1, 
1964,   -36.2, ,   -38.8, ,   -36.4, ,   -29.5, ,   -12.1, ,     2.8, ,     3.6, ,     3.7, ,    -8.5, ,   -24.6, ,   -33.3, ,   -31.8, ,   -20.1, ,   -35.8, ,   -26.0, ,     3.4, ,   -22.1, 
1965,   -35.1, ,   -35.2, ,   -34.6, ,   -29.9, ,    -6.8, ,     2.4, ,     4.1, ,     3.7, ,    -9.0, ,   -23.2, ,   -27.0, ,   -33.3, ,   -18.7, ,   -34.0, ,   -23.8, ,     3.4, ,   -19.7, 
1966,   -37.9, ,   -35.1, ,   -39.4, ,   -30.5, ,    -9.2, ,      .4, ,     5.1, ,     5.3, ,    -7.4, ,   -25.2, ,   -34.9, ,   -33.5, ,   -20.2, ,   -35.4, ,   -26.4, ,     3.6, ,   -22.5, 
1967,   -36.2, ,   -41.7, ,   -35.3, ,   -25.5, ,    -3.1, ,     2.1, ,     4.5, ,     3.4, ,    -9.1, ,   -19.1, ,   -34.9, ,   -31.9, ,   -18.9, ,   -37.1, ,   -21.3, ,     3.3, ,   -21.0, 
1968,   -40.0, ,   -39.6, ,   -36.4, ,   -29.2, ,   -10.3, ,     3.3, ,     6.3, ,     2.9, ,    -7.3, ,   -18.7, ,   -32.4, ,   -36.5, ,   -19.8, ,   -37.2, ,   -25.3, ,     4.2, ,   -19.5, 
1969,   -33.5, ,   -35.3, ,   -38.6, ,   -27.4, ,   -10.5, ,     1.4, ,     4.6, ,     3.8, ,    -9.3, ,   -20.0, ,   -34.8, ,   -34.5, ,   -19.5, ,   -35.1, ,   -25.5, ,     3.3, ,   -21.4, 
1970,   -36.1, ,   -37.9, ,   -34.7, ,   -31.5, ,   -14.2, ,     -.4, ,     5.3, ,     2.8, ,    -8.1, ,   -19.7, ,   -29.8, ,   -37.6, ,   -20.2, ,   -36.2, ,   -26.8, ,     2.6, ,   -19.2, 
1971,   -38.9, ,   -42.5, ,   -33.9, ,   -26.1, ,   -10.0, ,     4.4, ,     7.0, ,     2.2, ,    -5.5, ,   -21.8, ,   -34.1, ,   -40.2, ,   -20.0, ,   -39.7, ,   -23.3, ,     4.5, ,   -20.5, 
1972,   -39.4, ,   -38.7, ,   -35.9, ,   -30.3, ,   -14.8, ,     -.1, ,     4.6, ,     2.4, ,   -10.8, ,   -21.3, ,   -34.2, ,   -43.0, ,   -21.8, ,   -39.4, ,   -27.0, ,     2.3, ,   -22.1, 
1973,   -36.2, ,   -43.2, ,   -40.3, ,   -31.3, ,   -12.6, ,     2.6, ,     4.5, ,     3.5, ,    -9.1, ,   -18.7, ,   -28.9, ,   -30.1, ,   -20.0, ,   -40.8, ,   -28.1, ,     3.5, ,   -18.9, 
1974,   -42.3, ,   -41.2, ,   -41.3, ,   -28.9, ,   -11.5, ,    -1.5, ,     4.9, ,     4.0, ,   -10.3, ,   -22.4, ,   -30.4, ,   -34.1, ,   -21.3, ,   -37.9, ,   -27.2, ,     2.5, ,   -21.0, 
1975,   -42.9, ,   -37.9, ,   -40.3, ,   -28.1, ,   -10.7, ,     3.8, ,     4.9, ,     1.9, ,    -9.0, ,   -22.2, ,   -31.6, ,   -34.4, ,   -20.5, ,   -38.3, ,   -26.4, ,     3.5, ,   -20.9, 
1976,   -34.8, ,   -37.5, ,   -36.6, ,   -31.2, ,   -15.8, ,     1.2, ,     5.1, ,     1.6, ,    -7.7, ,   -25.0, ,   -32.6, ,   -34.3, ,   -20.6, ,   -35.6, ,   -27.9, ,     2.6, ,   -21.8, 
1977,   -27.9, ,   -40.8, ,   -42.2, ,   -25.4, ,   -11.2, ,     2.9, ,     6.7, ,     4.5, ,    -9.2, ,   -21.1, ,   -34.3, ,   -39.9, ,   -19.8, ,   -34.3, ,   -26.3, ,     4.7, ,   -21.5, 
1978,   -36.7, ,   -28.0, ,   -36.9, ,   -26.5, ,   -10.9, ,      .6, ,     6.8, ,     2.5, ,    -7.4, ,   -30.6, ,   -34.6, ,   -30.1, ,   -19.3, ,   -34.9, ,   -24.8, ,     3.3, ,   -24.2, 
1979,   -34.1, ,   -47.9, ,   -37.8, ,   -24.0, ,   -10.6, ,    -1.3, ,     5.2, ,      .4, ,   -11.7, ,   -24.8, ,   -33.1, ,   -38.4, ,   -21.5, ,   -37.4, ,   -24.1, ,     1.4, ,   -23.2, 
1980,   -34.9, ,   -32.7, ,   -36.6, ,   -32.2, ,   -12.1, ,     -.7, ,     5.5, ,     2.0, ,   -11.2, ,   -18.9, ,   -32.2, ,   -34.4, ,   -19.9, ,   -35.3, ,   -27.0, ,     2.3, ,   -20.8, 
1981,   -32.3, ,   -35.9, ,   -37.7, ,   -29.0, ,    -9.2, ,     5.0, ,     5.9, ,     2.0, ,    -6.7, ,   -19.9, ,   -23.9, ,   -29.1, ,   -17.6, ,   -34.2, ,   -25.3, ,     4.3, ,   -16.8, 
1982,   -32.5, ,   -39.0, ,   -37.6, ,   -31.1, ,   -12.9, ,     2.9, ,     5.1, ,     2.3, ,    -7.8, ,   -22.2, ,   -35.0, ,   -37.1, ,   -20.4, ,   -33.5, ,   -27.2, ,     3.4, ,   -21.7, 
1983,   -35.8, ,   -37.8, ,   -34.2, ,   -27.0, ,   -13.6, ,     2.2, ,     5.7, ,     4.4, ,    -5.0, ,   -24.6, ,   -33.3, ,   -32.1, ,   -19.3, ,   -36.9, ,   -24.9, ,     4.1, ,   -21.0, 
1984,   -40.5, ,   -44.1, ,   -38.7, ,   -31.6, ,    -9.6, ,     3.4, ,     5.3, ,     2.3, ,    -8.4, ,   -21.0, ,   -35.0, ,   -37.2, ,   -21.3, ,   -38.9, ,   -26.6, ,     3.7, ,   -21.5, 
1985,   -30.2, ,   -41.5, ,   -40.9, ,   -30.9, ,   -11.3, ,     2.4, ,     6.6, ,      .8, ,    -3.7, ,   -23.1, ,   -34.7, ,   -33.4, ,   -20.0, ,   -36.3, ,   -27.7, ,     3.3, ,   -20.5, 
1986,   -41.1, ,   -32.9, ,   -41.8, ,   -27.0, ,   -10.1, ,     -.4, ,     4.3, ,     2.9, ,   -11.6, ,   -26.4, ,   -32.3, ,   -33.4, ,   -20.8, ,   -35.8, ,   -26.3, ,     2.3, ,   -23.4, 
1987,   -35.5, ,   -45.2, ,   -39.7, ,   -33.3, ,   -13.0, ,     3.7, ,     6.0, ,     4.0, ,    -8.4, ,   -23.7, ,   -33.5, ,   -35.4, ,   -21.2, ,   -38.0, ,   -28.7, ,     4.6, ,   -21.9, 
1988,   -39.3, ,   -34.7, ,   -32.4, ,   -21.5, ,    -7.0, ,     2.1, ,     7.3, ,     3.8, ,    -6.3, ,   -15.5, ,   -32.2, ,   -34.4, ,   -17.5, ,   -36.5, ,   -20.3, ,     4.4, ,   -18.0, 
1989,   -42.5, ,   -36.6, ,   -38.6, ,   -26.2, ,   -13.5, ,     2.2, ,     4.2, ,     3.2, ,    -8.0, ,   -23.8, ,   -31.6, ,   -36.5, ,   -20.6, ,   -37.8, ,   -26.1, ,     3.2, ,   -21.1, 
1990,   -39.6, ,   -40.8, ,   -35.4, ,   -24.0, ,    -7.2, ,     4.5, ,     5.6, ,     4.0, ,    -5.8, ,   -23.8, ,   -34.9, ,   -35.3, ,   -19.4, ,   -39.0, ,   -22.2, ,     4.7, ,   -21.5, 
1991,   -40.1, ,   -38.3, ,   -34.3, ,   -25.7, ,    -7.5, ,     3.1, , -9999.9,M,     3.1, ,    -5.6, ,   -20.0, ,   -27.0, ,   -35.5, , -9999.9,M,   -37.9, ,   -22.5, , -9999.9,M,   -17.5, 
1992,   -40.6, ,   -38.3, ,   -37.3, ,   -30.9, ,   -14.5, ,      .6, ,     5.2, ,     1.4, ,    -7.1, ,   -20.3, ,   -31.4, ,   -33.3, ,   -20.5, ,   -38.1, ,   -27.6, ,     2.4, ,   -19.6, 
1993,   -36.3, ,   -34.2, ,   -36.6, ,   -24.7, ,   -11.3, ,     3.2, ,     7.3, ,     2.2, ,    -8.2, ,   -18.5, ,   -33.3, ,   -34.6, ,   -18.8, ,   -34.6, ,   -24.2, ,     4.2, ,   -20.0, 
1994,   -31.4, ,   -36.3, ,   -37.6, ,   -27.2, ,    -7.8, ,     3.5, ,     5.6, ,     2.7, ,    -5.0, ,   -20.5, ,   -25.7, ,   -36.5, ,   -18.0, ,   -34.1, ,   -24.2, ,     3.9, ,   -17.1, 
1995,   -38.6, ,   -38.8, ,   -39.1, ,   -19.3, ,    -8.2, ,     3.2, ,     7.3, ,     3.6, ,    -4.1, ,   -22.0, ,   -27.0, ,   -35.5, ,   -18.2, ,   -38.0, ,   -22.2, ,     4.7, ,   -17.7, 
1996,   -37.4, ,   -34.4, ,   -38.2, ,   -26.0, ,   -10.2, ,     1.1, ,     4.1, ,     1.0, ,    -9.0, ,   -23.0, ,   -23.6, ,   -29.3, ,   -18.7, ,   -35.8, ,   -24.8, ,     2.1, ,   -18.5, 
1997,   -37.5, ,   -41.0, ,   -35.0, ,   -23.8, ,    -9.0, ,     3.2, ,     5.5, ,      .5, ,   -10.4, ,   -24.3, ,   -25.8, ,   -34.0, ,   -19.3, ,   -35.9, ,   -22.6, ,     3.1, ,   -20.2, 
1998,   -36.9, ,   -39.2, ,   -36.1, ,   -24.7, ,   -10.5, ,     5.4, ,     6.9, ,     3.4, ,     -.8, ,   -17.7, ,   -24.4, ,   -28.8, ,   -17.0, ,   -36.7, ,   -23.8, ,     5.2, ,   -14.3, 
1999,   -38.8, ,   -37.1, ,   -36.4, ,   -26.7, ,   -11.9, ,     1.0, ,     7.0, ,     4.8, ,    -5.8, ,   -22.2, ,   -28.8, ,   -41.4, ,   -19.7, ,   -34.9, ,   -25.0, ,     4.3, ,   -18.9, 
2000,   -39.8, ,   -37.0, ,   -33.1, ,   -26.0, ,   -11.9, ,     3.9, ,     6.2, ,      .4, ,   -10.2, ,   -20.3, ,   -29.4, ,   -30.5, ,   -19.0, ,   -39.4, ,   -23.7, ,     3.5, ,   -20.0, 
2001,   -35.8, ,   -37.1, ,   -34.6, ,   -26.0, ,   -13.9, ,     2.6, ,     5.5, ,     3.2, ,    -7.0, ,   -22.1, ,   -27.5, ,   -31.7, ,   -18.7, ,   -34.5, ,   -24.8, ,     3.8, ,   -18.9, 
2002,   -35.6, ,   -40.6, ,   -34.8, ,   -29.3, ,    -8.7, ,     3.0, ,     5.1, ,     5.5, ,    -5.2, ,   -13.2, ,   -29.3, ,   -27.9, ,   -17.6, ,   -36.0, ,   -24.3, ,     4.5, ,   -15.9, 
2003,   -30.4, ,   -37.8, ,   -38.1, ,   -28.2, ,   -10.0, ,     3.0, ,     7.6, ,     3.0, ,    -3.6, ,   -18.1, ,   -29.6, ,   -28.8, ,   -17.6, ,   -32.0, ,   -25.4, ,     4.5, ,   -17.1, 
2004,   -33.8, ,   -36.4, ,   -39.3, ,   -27.2, ,    -8.9, ,     2.3, ,     4.5, ,     3.4, ,    -7.8, ,   -19.7, ,   -33.0, ,   -36.0, ,   -19.3, ,   -33.0, ,   -25.1, ,     3.4, ,   -20.2, 
2005,   -34.0, ,   -33.0, ,   -34.7, ,   -27.2, ,    -8.6, ,     4.8, ,     7.2, ,     4.9, ,    -4.7, ,   -20.1, ,   -27.0, ,   -34.5, ,   -17.2, ,   -34.3, ,   -23.5, ,     5.6, ,   -17.3, 
2006,   -34.5, ,   -35.7,E,   -32.8, ,   -24.9, ,    -6.8, ,     2.1, ,     6.4, ,     3.3, ,    -4.2, ,   -12.6, ,   -26.7, ,   -34.0, ,   -16.7,E,   -34.9,E,   -21.5, ,     3.9, ,   -14.5, 
2007,   -35.5, ,   -33.2, ,   -39.4, ,   -21.4, ,   -11.8, ,     3.4, ,     7.9, ,     5.6, ,    -5.6, ,   -18.6, ,   -30.8, ,   -33.9, ,   -17.8, ,   -34.2, ,   -24.2, ,     5.6, ,   -18.3, 
2008,   -41.0, ,   -34.1, ,   -39.0, ,   -27.3, ,    -9.0, ,     5.2, ,     7.1, ,     3.8, ,    -4.6, ,   -19.0, ,   -26.6, ,   -32.8, ,   -18.1, ,   -36.3, ,   -25.1, ,     5.4, ,   -16.7, 
2009,   -34.0, ,   -38.6, ,   -38.6, ,   -27.4, ,    -9.8, ,     4.0, ,     8.0, ,     5.6, ,    -5.6, ,   -23.4, ,   -23.3, ,   -29.6, ,   -17.7, ,   -35.1, ,   -25.3, ,     5.9, ,   -17.4, 
2010,   -34.7, ,   -33.0, ,   -32.3, ,   -19.3, ,    -7.0, ,     4.5, ,     6.7, ,     3.6, ,    -6.4, ,   -21.3, ,   -25.8, ,   -25.7, ,   -15.9, ,   -32.4, ,   -19.5, ,     4.9, ,   -17.8, 
2011,   -31.0, ,   -38.8, ,   -32.3, ,   -29.9, ,    -8.8, ,     5.6, ,     9.8, ,     6.4, ,    -6.7, ,   -19.5, ,   -26.3, ,   -36.0, ,   -17.3, ,   -31.8, ,   -23.7, ,     7.3, ,   -17.5, 
2012,   -36.8, ,   -35.2, ,   -37.2, ,   -26.1, ,    -9.4, ,     5.4,E,     8.6, ,     5.1, ,    -2.4, ,   -19.2, ,   -31.5, ,   -31.1, ,   -17.5,E,   -36.0, ,   -24.2, ,     6.4,E,   -17.7, 
