2402684,LONGSTAFF BLUFF,NU, station not joined, Monthly mean of homogenized daily mean temperature                     , °C,          Updated to December 2012
2402684,LONGSTAFF BLUFF,NU, station non-jointe, Moyenne mensuelle des températures homogénéisées moyennes quotidiennes , °C, Mise à jour jusqu à décembre 2012
Year,     Jan, ,     Feb, ,     Mar, ,     Apr, ,     May, ,     Jun, ,     Jul, ,     Aug, ,     Sep, ,     Oct, ,     Nov, ,     Dec, ,  Annual, ,  Winter, ,  Spring, ,  Summer, ,  Autumn
Year,    Janv, ,     Fév, ,    Mars, ,     Avr, ,     Mai, ,    Juin, ,    Juil, ,    Août, ,    Sept, ,     Oct, ,     Nov, ,     Déc, ,  Annuel, ,   Hiver, ,Printemp, ,     Eté, , Automne
1958, -9999.9,M, -9999.9,M, -9999.9,M, -9999.9,M, -9999.9,M, -9999.9,M,     8.0, ,     7.8, ,      .7, ,    -8.4, ,   -24.6, , -9999.9,M, -9999.9,M, -9999.9,M, -9999.9,M, -9999.9,M,   -10.8, 
1959,   -21.0, ,   -31.4, ,   -29.5, ,   -19.1, ,    -8.2, ,      .6, ,     8.0, ,     5.9, ,     -.8, ,   -15.1, ,   -16.6, ,   -23.9, ,   -12.6, , -9999.9,M,   -18.9, ,     4.8, ,   -10.8, 
1960,   -24.5, ,   -21.4, ,   -27.2, ,   -22.1, ,    -6.1, ,     3.4, ,     9.6, ,     9.2, ,     -.6, ,    -4.6, ,   -16.2, ,   -24.8, ,   -10.4, ,   -23.3, ,   -18.5, ,     7.4, ,    -7.1, 
1961,   -29.9, ,   -33.7, ,   -36.6, ,   -15.0, ,   -11.8, ,     2.4, ,     8.5, ,     3.4, ,    -2.8, ,   -12.0, ,   -21.4, ,   -23.3, ,   -14.4, ,   -29.5, ,   -21.1, ,     4.8, ,   -12.1, 
1962,   -30.7, ,   -35.4, ,   -16.7, ,   -17.5, ,    -9.4, ,     2.1, ,     9.9, ,     5.8, ,    -1.1, ,    -9.0, ,   -17.1, ,   -22.9, ,   -11.8, ,   -29.8, ,   -14.5, ,     5.9, ,    -9.1, 
1963,   -24.2, ,   -20.4, ,   -30.1, ,   -16.0, ,    -8.9, ,      .5, ,     5.3, ,     5.9, ,    -2.4, ,   -10.1, ,   -15.2, ,   -22.8, ,   -11.5, ,   -22.5, ,   -18.3, ,     3.9, ,    -9.2, 
1964,   -31.5, ,   -28.3, ,   -35.3, ,   -20.5, ,    -8.6, ,     -.6, ,     4.2, ,     5.6, ,     1.0, ,   -11.7, ,   -18.2, ,   -22.9, ,   -13.9, ,   -27.5, ,   -21.5, ,     3.1, ,    -9.6, 
1965,   -29.2, ,   -26.5, ,   -22.9, ,   -18.4, ,    -1.6, ,     -.7, ,     6.2, ,     4.9, ,    -1.1, ,   -11.6, ,   -16.8, ,   -24.7, ,   -11.9, ,   -26.2, ,   -14.3, ,     3.5, ,    -9.8, 
1966,   -28.7, ,   -25.3, ,   -27.6, ,   -19.3, ,    -7.3, ,      .0, ,     7.7, ,     8.7, ,     1.8, ,    -3.4, ,   -17.5, ,   -25.2, ,   -11.3, ,   -26.2, ,   -18.1, ,     5.5, ,    -6.4, 
1967,   -25.9, ,   -34.4, ,   -27.6, ,   -20.4, ,    -3.6, ,      .6, ,     6.8, ,     4.6, ,    -3.2, ,   -12.1, ,   -23.4, ,   -22.9, ,   -13.5, ,   -28.5, ,   -17.2, ,     4.0, ,   -12.9, 
1968,   -29.2, ,   -30.1, ,   -29.7, ,   -16.1, ,    -9.1, ,    -2.3, ,     3.7, ,     5.7, ,     -.2, ,    -4.5, ,   -17.6, ,   -23.2, ,   -12.7, ,   -27.4, ,   -18.3, ,     2.4, ,    -7.4, 
1969,   -21.8, ,   -20.8, ,   -28.7, ,   -21.1, ,    -8.9, ,      .5, ,     8.6, ,     9.0, ,     -.5, ,    -7.3, ,   -16.2, ,   -24.0, ,   -10.9, ,   -21.9, ,   -19.6, ,     6.0, ,    -8.0, 
1970,   -28.3, ,   -24.1, ,   -24.4, ,   -20.5, ,   -11.9, ,      .1, ,     6.3, ,     5.6, ,      .5, ,    -7.0, ,   -17.3, ,   -28.9, ,   -12.5, ,   -25.5, ,   -18.9, ,     4.0, ,    -7.9, 
1971,   -25.7, ,   -29.7, ,   -22.7, ,   -17.6, ,    -8.3, ,     1.7, ,     8.4, ,     4.8, ,    -1.0, ,    -7.7, ,   -20.1, ,   -32.8, ,   -12.6, ,   -28.1, ,   -16.2, ,     5.0, ,    -9.6, 
1972,   -36.1, ,   -34.2, ,   -31.8, ,   -20.1, ,    -9.7, ,    -3.0, ,     4.5, ,     3.6, ,    -1.6, ,   -13.0, ,   -21.9, ,   -30.7, ,   -16.2, ,   -34.4, ,   -20.5, ,     1.7, ,   -12.2, 
1973,   -31.5, ,   -32.9, ,   -28.3, ,   -20.1, ,    -8.9, ,     1.9, ,     7.3, ,     6.8, ,     1.5, ,    -5.1, ,   -13.6, ,   -25.5, ,   -12.4, ,   -31.7, ,   -19.1, ,     5.3, ,    -5.7, 
1974,   -32.2, ,   -27.2, ,   -26.7, ,   -21.3, ,    -7.2, ,      .2, ,     8.0, ,     5.8, ,     -.5, ,    -9.2, ,   -19.9, ,   -31.0, ,   -13.4, ,   -28.3, ,   -18.4, ,     4.7, ,    -9.9, 
1975,   -33.4, ,   -28.5, ,   -30.2, ,   -19.5, ,    -6.6, ,     6.4, ,     6.4, ,     6.1, ,    -2.4, ,    -9.1, ,   -20.7, ,   -28.0, ,   -13.3, ,   -31.0, ,   -18.8, ,     6.3, ,   -10.7, 
1976,   -27.3, ,   -32.8, ,   -28.8, ,   -17.6, ,    -8.2, ,     -.9, ,     4.6, ,     2.4, ,    -2.1, ,   -13.6, ,   -20.1, ,   -23.3, ,   -14.0, ,   -29.4, ,   -18.2, ,     2.0, ,   -11.9, 
1977,   -18.7, ,   -28.1, ,   -23.0, ,   -16.3, ,    -6.6, ,      .9, ,     7.9, ,     7.8, ,    -1.7, ,    -9.6, ,   -16.3, ,   -27.7, ,   -11.0, ,   -23.4, ,   -15.3, ,     5.5, ,    -9.2, 
1978,   -30.6, ,   -26.1, ,   -30.9, ,   -21.5, ,   -10.7, ,    -2.8, ,     2.8, ,     4.3, ,    -1.5, ,   -15.1, ,   -23.3, ,   -17.0, ,   -14.4, ,   -28.1, ,   -21.0, ,     1.4, ,   -13.3, 
1979,   -25.3, ,   -39.8, ,   -26.9, ,   -15.7, ,    -5.5, ,      .2, ,     4.7, ,     3.9, ,      .1, ,    -9.1, ,   -19.1, ,   -27.3, ,   -13.3, ,   -27.4, ,   -16.0, ,     2.9, ,    -9.4, 
1980,   -24.4, ,   -26.5, ,   -22.5, ,   -21.1, ,    -3.9, ,     1.0, ,     6.6, ,     7.5, ,      .7, ,    -8.4, ,   -16.5, ,   -23.0, ,   -10.9, ,   -26.1, ,   -15.8, ,     5.0, ,    -8.1, 
1981,   -24.1, ,   -27.7, ,   -18.6, ,   -18.5, ,    -8.4, ,     2.5, ,     7.9, ,     3.5, ,      .7, ,    -6.1, ,   -14.0, ,   -20.0, ,   -10.2, ,   -24.9, ,   -15.2, ,     4.6, ,    -6.5, 
1982,   -22.2, ,   -30.3, ,   -29.8, ,   -20.2, ,    -9.9, ,     2.7, ,     8.7, ,     5.5, ,    -2.4, ,    -9.2, ,   -17.8, ,   -28.7, ,   -12.8, ,   -24.2, ,   -20.0, ,     5.6, ,    -9.8, 
1983, -9999.9,M, -9999.9,M,   -29.1, ,   -19.6, ,   -10.3, ,     1.5, ,     7.1, ,     4.2, ,     2.3, ,    -9.9, ,   -20.0, ,   -26.8, , -9999.9,M, -9999.9,M,   -19.7, ,     4.3, ,    -9.2, 
1984, -9999.9,M, -9999.9,M, -9999.9,M,   -20.8, ,    -8.0, ,     2.2, ,    10.5, ,     4.5, ,    -1.8, ,    -7.3, ,   -17.0, ,   -27.0, , -9999.9,M, -9999.9,M, -9999.9,M,     5.7, ,    -8.7, 
1985,   -21.2, ,   -26.7, , -9999.9,M,   -20.4, ,    -5.3, ,     5.1, ,    10.1, ,     5.1, ,     2.2, ,    -6.5, ,   -17.3, ,   -16.1, , -9999.9,M,   -25.0, , -9999.9,M,     6.8, ,    -7.2, 
1986,   -26.4, ,   -23.6, , -9999.9,M,   -18.6, ,    -6.7, ,     -.8, ,     5.7, ,     3.3, ,    -1.0, ,   -15.9, ,   -22.1, ,   -28.9, , -9999.9,M,   -22.0, , -9999.9,M,     2.7, ,   -13.0, 
1987, -9999.9,M, -9999.9,M,   -28.0, ,   -22.0, ,   -10.7, ,     2.1, ,     7.2, ,     4.5, ,     1.0, ,    -7.9, ,   -17.3, ,   -21.8, , -9999.9,M, -9999.9,M,   -20.2, ,     4.6, ,    -8.1, 
1988,   -27.3, ,   -24.1, ,   -23.7, ,   -14.7, ,    -6.2, ,     1.6, ,     8.4, ,     5.3, ,      .6, ,    -4.9, ,   -19.0, ,   -25.8, ,   -10.8, ,   -24.4, ,   -14.9, ,     5.1, ,    -7.8, 
1989, -9999.9,M, -9999.9,M,   -29.7, ,   -17.8, ,   -11.6, ,     1.5, ,     6.9, ,     5.8, , -9999.9,M,    -9.8,E,   -16.6, ,   -23.7, , -9999.9,M, -9999.9,M,   -19.7, ,     4.7, , -9999.9,M
1990,   -30.4, , -9999.9,M,   -26.6, ,   -21.3, ,    -8.6, ,     2.7, ,     8.2, ,     4.0, ,    -1.2, ,   -13.6, ,   -18.7, , -9999.9,M, -9999.9,M, -9999.9,M,   -18.8, ,     5.0, ,   -11.2, 
1991,   -29.7, ,   -25.1, ,   -24.2, ,   -19.1, ,    -9.6, ,     2.3, , -9999.9,M, -9999.9,M, -9999.9,M, -9999.9,M, -9999.9,M, -9999.9,M, -9999.9,M, -9999.9,M,   -17.6, , -9999.9,M, -9999.9,M
1992, -9999.9,M, -9999.9,M, -9999.9,M, -9999.9,M, -9999.9,M, -9999.9,M, -9999.9,M, -9999.9,M, -9999.9,M, -9999.9,M, -9999.9,M,   -26.8,E, -9999.9,M, -9999.9,M, -9999.9,M, -9999.9,M, -9999.9,M
1993,   -31.9, ,   -34.1, ,   -30.4, ,   -22.0, ,    -5.8,E,     3.0, ,     8.5,E,     4.1, , -9999.9,M, -9999.9,M, -9999.9,M, -9999.9,M, -9999.9,M,   -30.9,E,   -19.4,E,     5.2,E, -9999.9,M
1994, -9999.9,M, -9999.9,M, -9999.9,M, -9999.9,M, -9999.9,M, -9999.9,M, -9999.9,M, -9999.9,M,     -.6,E, -9999.9,M, -9999.9,M,   -24.5, , -9999.9,M, -9999.9,M, -9999.9,M, -9999.9,M, -9999.9,M
1995,   -26.4,E,   -32.1, ,   -28.9, ,   -11.7,E,    -6.3,E,     3.0, ,     6.3, ,     6.5, ,     -.6, ,    -7.5, ,   -10.9,E,   -27.0, ,   -11.3,E,   -27.7,E,   -15.6,E,     5.3, ,    -6.3,E
1996,   -30.2,E,   -26.3, , -9999.9,M,   -14.2,E,    -6.9, ,     -.1, ,     6.8,E,     4.2, ,      .5, ,    -8.1,E,   -16.2,E,   -18.4,E, -9999.9,M,   -27.8,E, -9999.9,M,     3.6,E,    -7.9,E
1997,   -27.8,E,   -33.4, ,   -25.4,E,   -20.1, ,    -5.5,E,     4.3, ,     7.0, ,     3.3, ,    -2.5,E,    -8.7, ,   -15.4, ,   -23.5, ,   -12.3,E,   -26.5,E,   -17.0,E,     4.9, ,    -8.9,E
1998,   -31.1, ,   -32.9, ,   -26.5, ,   -16.3,E,    -5.7,E,     5.0, ,    10.5,E,     6.4, ,     3.0,E,    -6.3,E,   -13.4, ,   -20.6, ,   -10.7,E,   -29.2, ,   -16.2,E,     7.3,E,    -5.6,E
1999,   -29.1, ,   -30.3, ,   -23.0, ,   -16.1, ,   -10.8,E,    -1.1,E,     7.6,E,     5.1, ,     -.6, ,   -10.3,E,   -19.6, ,   -23.9, ,   -12.7,E,   -26.7, ,   -16.6,E,     3.9,E,   -10.2,E
2000,   -30.1, ,   -28.1, ,   -24.0, ,   -17.6, ,    -7.4, ,     1.3, ,     7.8, , -9999.9,M,      .7, , -9999.9,M,   -14.9, ,   -19.5, , -9999.9,M,   -27.4, ,   -16.3, , -9999.9,M, -9999.9,M
2001, -9999.9,M,   -29.8, ,   -21.8, ,   -17.6, ,    -7.4, ,     1.1, , -9999.9,M, -9999.9,M,     1.4, ,    -5.7, ,   -18.0, ,   -20.7, , -9999.9,M, -9999.9,M,   -15.6, , -9999.9,M,    -7.4, 
2002,   -27.6, ,   -33.9, ,   -27.8, ,   -19.6, ,    -7.4, ,     3.0, ,     6.3, ,     7.3, ,     2.2, ,    -5.1, ,   -14.8, ,   -19.6, ,   -11.4, ,   -27.4, ,   -18.3, ,     5.5, ,    -5.9, 
2003,   -23.3, ,   -30.9, ,   -25.0, ,   -18.8, ,    -5.2, ,     2.8, ,     8.6, ,     4.3,E, -9999.9,M, -9999.9,M,   -14.5, ,   -20.8, , -9999.9,M,   -24.6, ,   -16.3, ,     5.2,E, -9999.9,M
2004,   -29.7, ,   -28.8, ,   -32.8, ,   -17.7, ,    -4.8, , -9999.9,M, -9999.9,M, -9999.9,M, -9999.9,M,    -5.1, ,   -19.7, ,   -28.4, , -9999.9,M,   -26.4, ,   -18.4, , -9999.9,M, -9999.9,M
2005,   -32.4, ,   -26.6, ,   -20.0, ,   -16.1, ,    -7.0, ,     2.1, ,     6.7, ,     6.9, ,      .2, ,    -5.5, ,   -13.5, ,   -21.6, ,   -10.6, ,   -29.1, ,   -14.4, ,     5.2, ,    -6.3, 
2006,   -29.7, ,   -25.3, ,   -20.2, ,   -18.2, , -9999.9,M, -9999.9,M,     7.1, ,     8.0, ,     1.9, ,    -3.2, ,   -13.3, , -9999.9,M, -9999.9,M,   -25.5, , -9999.9,M, -9999.9,M,    -4.9, 
2007,   -27.6,E, -9999.9,M,   -27.3, ,   -19.2, ,   -10.5, ,      .5, ,     9.7, ,     7.8, ,      .1, ,    -8.2,E,   -17.6, ,   -26.2, , -9999.9,M, -9999.9,M,   -19.0, ,     6.0, ,    -8.6,E
2008,   -26.8, ,   -31.0, ,   -26.6, ,   -15.5, ,    -2.6, ,     3.0, ,     9.0, ,     6.3, ,     -.7, ,    -7.8, ,   -19.1, ,   -26.1, ,   -11.5, ,   -28.0, ,   -14.9, ,     6.1, ,    -9.2, 
2009,   -25.0, ,   -26.2, ,   -26.1,E,   -17.4, ,    -7.8,E,     1.8, ,    10.3,E, -9999.9,M, -9999.9,M, -9999.9,M, -9999.9,M, -9999.9,M, -9999.9,M,   -25.8, ,   -17.1,E, -9999.9,M, -9999.9,M
