2401030,DEWAR LAKES    ,NU, station not joined, Monthly mean of homogenized daily mean temperature                     , °C,          Updated to December 2012
2401030,DEWAR LAKES    ,NU, station non-jointe, Moyenne mensuelle des températures homogénéisées moyennes quotidiennes , °C, Mise à jour jusqu à décembre 2012
Year,     Jan, ,     Feb, ,     Mar, ,     Apr, ,     May, ,     Jun, ,     Jul, ,     Aug, ,     Sep, ,     Oct, ,     Nov, ,     Dec, ,  Annual, ,  Winter, ,  Spring, ,  Summer, ,  Autumn
Year,    Janv, ,     Fév, ,    Mars, ,     Avr, ,     Mai, ,    Juin, ,    Juil, ,    Août, ,    Sept, ,     Oct, ,     Nov, ,     Déc, ,  Annuel, ,   Hiver, ,Printemp, ,     Eté, , Automne
1958, -9999.9,M, -9999.9,M,   -21.9, ,   -23.0, , -9999.9,M,     3.5, ,     6.7, , -9999.9,M, -9999.9,M, -9999.9,M, -9999.9,M, -9999.9,M, -9999.9,M, -9999.9,M, -9999.9,M, -9999.9,M, -9999.9,M
1959,   -18.9, , -9999.9,M,   -30.3, ,   -18.9, ,    -8.8, ,     -.6, ,     6.6, ,     3.6, ,    -3.2, ,   -15.6, ,   -16.6, ,   -23.6, , -9999.9,M, -9999.9,M,   -19.3, ,     3.2, ,   -11.8, 
1960,   -24.8, ,   -19.7, ,   -26.8, ,   -21.2, ,    -6.1, ,      .7, ,     8.1, ,     6.0, ,    -2.7, ,    -6.3, ,   -17.2, ,   -24.0, ,   -11.2, ,   -22.7, ,   -18.0, ,     4.9, ,    -8.7, 
1961,   -30.4, ,   -32.2, ,   -35.6, ,   -14.1, ,   -12.5, ,     1.3, ,     8.2, ,     1.7, ,    -5.6, ,   -12.3, ,   -20.8, ,   -20.8, ,   -14.4, ,   -28.9, ,   -20.7, ,     3.7, ,   -12.9, 
1962,   -29.4, ,   -33.3, ,   -14.9, ,   -18.0, ,   -11.0, ,      .3, ,     9.2, ,     4.3, ,    -3.3, ,   -11.4, ,   -17.1, ,   -22.6, ,   -12.3, ,   -27.8, ,   -14.6, ,     4.6, ,   -10.6, 
1963,   -23.7, ,   -19.0, ,   -28.8, ,   -15.9, ,   -10.9, ,    -1.7, ,     3.5, ,     4.2, ,    -5.6, ,   -11.3, ,   -14.8, ,   -22.4, ,   -12.2, ,   -21.8, ,   -18.5, ,     2.0, ,   -10.6, 
1964,   -31.1, ,   -26.8, ,   -36.4, ,   -21.6, ,    -9.8, ,    -1.7, ,     3.8, ,     3.8, ,     -.9, ,   -12.6, ,   -18.5, ,   -25.4, ,   -14.8, ,   -26.8, ,   -22.6, ,     2.0, ,   -10.7, 
1965,   -29.8, ,   -27.6, ,   -23.8, ,   -20.5, ,    -4.0, ,    -1.3, ,     5.2, ,     2.1, ,    -3.3, ,   -12.9, ,   -16.8, ,   -23.6, ,   -13.0, ,   -27.6, ,   -16.1, ,     2.0, ,   -11.0, 
1966,   -27.6, ,   -23.4, ,   -26.6, ,   -18.3, ,    -9.6, ,    -2.4, ,     6.4, ,     8.3, ,     -.6, ,    -5.8, ,   -19.0, ,   -23.5, ,   -11.8, ,   -24.9, ,   -18.2, ,     4.1, ,    -8.5, 
1967,   -24.4, ,   -32.7, ,   -27.3, ,   -21.5, ,    -5.1, ,    -2.3, ,     6.0, ,     2.9, ,    -6.3, ,   -12.7, ,   -22.9, ,   -20.4, ,   -13.9, ,   -26.9, ,   -18.0, ,     2.2, ,   -14.0, 
1968,   -26.0, ,   -27.2, ,   -27.4, ,   -15.4, ,    -9.4, ,    -2.3, ,     2.5, ,     3.5, ,    -1.4, ,    -6.9, ,   -17.2, ,   -22.4, ,   -12.5, ,   -24.5, ,   -17.4, ,     1.2, ,    -8.5, 
1969,   -21.5, ,   -19.6, ,   -28.7, ,   -21.7, ,   -10.3, ,     -.8, ,     7.7, ,     7.5, ,    -3.8, ,    -9.7, ,   -18.7, ,   -22.8, ,   -11.9, ,   -21.2, ,   -20.2, ,     4.8, ,   -10.7, 
1970,   -29.2, ,   -25.9, ,   -25.3, ,   -21.5, ,   -14.0, ,    -2.9, ,     3.2, ,     2.3, ,    -1.6, ,    -8.8, ,   -17.7, ,   -28.9, ,   -14.2, ,   -26.0, ,   -20.3, ,      .9, ,    -9.4, 
1971,   -25.2, ,   -30.6, ,   -23.5, ,   -18.5, ,    -9.9, ,      .8, ,     6.5, ,     3.2, ,    -3.5, ,    -9.7, ,   -19.9, ,   -30.8, ,   -13.4, ,   -28.2, ,   -17.3, ,     3.5, ,   -11.0, 
1972,   -33.3, ,   -31.8, ,   -30.4, ,   -19.1, ,   -10.4, ,    -5.3, ,     2.4, ,     2.2, ,    -4.2, ,   -13.6, ,   -20.9, ,   -28.5, ,   -16.1, ,   -32.0, ,   -20.0, ,     -.2, ,   -12.9, 
1973,   -28.5, ,   -32.0, ,   -27.8, ,   -20.5, ,    -9.8, ,     -.7, ,     4.1, ,     6.1, ,    -1.1, ,    -7.9, ,   -13.2, ,   -24.9, ,   -13.0, ,   -29.7, ,   -19.4, ,     3.2, ,    -7.4, 
1974,   -29.5, ,   -24.8, ,   -26.4, ,   -22.2, ,    -8.4, ,      .0, ,     6.5, ,     4.6, ,    -3.0, ,   -10.8, ,   -19.1, ,   -29.8, ,   -13.6, ,   -26.4, ,   -19.0, ,     3.7, ,   -11.0, 
1975,   -31.4, ,   -25.6, ,   -29.6, ,   -19.4, ,    -7.6, ,     5.9, ,     6.3, ,     5.2, ,    -4.2, ,    -9.6, ,   -20.3, ,   -27.2, ,   -13.1, ,   -28.9, ,   -18.9, ,     5.8, ,   -11.4, 
1976,   -26.6, ,   -31.4, ,   -27.8, ,   -17.5, ,    -9.4, ,    -1.7, ,     2.9, ,      .8, ,    -4.3, ,   -13.3, ,   -19.7, ,   -22.1, ,   -14.2, ,   -28.4, ,   -18.2, ,      .7, ,   -12.4, 
1977,   -18.4, ,   -25.8, ,   -23.3, ,   -16.0, ,    -7.7, ,    -1.1, ,     6.0, ,     5.9, ,    -4.5, ,   -11.0, ,   -17.7, ,   -29.3, ,   -11.9, ,   -22.1, ,   -15.7, ,     3.6, ,   -11.1, 
1978,   -28.9, ,   -25.1, ,   -30.6, ,   -22.5, ,   -12.2, ,    -5.2, ,      .9, ,     2.3, ,    -4.3, ,   -15.1, ,   -23.9, ,   -15.7, ,   -15.0, ,   -27.8, ,   -21.8, ,     -.7, ,   -14.4, 
1979,   -23.1, ,   -36.4, ,   -26.6, ,   -16.2, ,    -7.9, ,    -1.9, ,     3.1, ,     1.8, ,    -3.0, ,   -10.4, ,   -19.9, ,   -25.6, ,   -13.8, ,   -25.1, ,   -16.9, ,     1.0, ,   -11.1, 
1980,   -21.8, ,   -24.3, ,   -22.2, ,   -21.1, ,    -5.5, ,     -.9, ,     5.4, ,     6.4, ,    -1.1, ,    -9.3, ,   -16.7, ,   -24.2, ,   -11.3, ,   -23.9, ,   -16.3, ,     3.6, ,    -9.0, 
1981,   -23.8, ,   -27.3, ,   -18.2, ,   -18.2, ,    -9.9, ,     1.5, ,     6.1, ,     2.7, ,    -2.1, ,    -9.0, ,   -14.1, ,   -19.3, ,   -11.0, ,   -25.1, ,   -15.4, ,     3.4, ,    -8.4, 
1982,   -21.7, ,   -28.9, ,   -28.5, ,   -20.6, ,   -10.9, ,     2.3, ,     6.9, ,     3.5, ,    -5.1, ,   -11.0, ,   -18.6, ,   -25.8, ,   -13.2, ,   -23.3, ,   -20.0, ,     4.2, ,   -11.6, 
1983, -9999.9,M, -9999.9,M,   -29.8, ,   -20.0, ,   -12.1, ,     -.1, ,     4.4, ,     1.6, ,     -.3, ,   -12.6, ,   -19.8, ,   -27.1, , -9999.9,M, -9999.9,M,   -20.6, ,     2.0, ,   -10.9, 
1984, -9999.9,M, -9999.9,M,   -28.2, ,   -22.1, ,    -9.4, ,      .8, ,     9.7, ,     2.5, ,    -4.3, ,    -8.7, ,   -18.2, ,   -26.8, , -9999.9,M, -9999.9,M,   -19.9, ,     4.3, ,   -10.4, 
1985,   -19.0, ,   -23.4, , -9999.9,M,   -19.8, ,    -6.5, ,     4.3, ,     8.0, ,     3.9, ,      .0, ,    -9.6, ,   -16.6, ,   -16.0, , -9999.9,M,   -23.1, , -9999.9,M,     5.4, ,    -8.7, 
1986,   -26.4, ,   -21.6, , -9999.9,M,   -18.8, ,    -8.9, ,    -3.1, ,     5.1, ,     2.4, ,    -3.1, ,   -17.4, ,   -22.1, , -9999.9,M, -9999.9,M,   -21.3, , -9999.9,M,     1.5, ,   -14.2, 
1987, -9999.9,M, -9999.9,M,   -27.8, ,   -22.7, ,   -12.2, ,     -.2, ,     6.4, ,     4.2, ,     -.1, ,    -9.1, ,   -18.5, ,   -20.8, , -9999.9,M, -9999.9,M,   -20.9, ,     3.5, ,    -9.2, 
1988,   -25.9, ,   -23.2, , -9999.9,M,   -15.8, ,    -8.1, ,      .4, ,     6.5, ,     3.4, ,     -.7, , -9999.9,M, -9999.9,M, -9999.9,M, -9999.9,M,   -23.3, , -9999.9,M,     3.4, , -9999.9,M
1989,   -32.7,E,   -31.5,E,   -29.7,E,   -17.0, ,   -13.5,E,      .1,E,     5.5, ,     4.3, ,    -4.3, ,   -11.4, ,   -16.3, ,   -23.1, ,   -14.1,E, -9999.9,M,   -20.1,E,     3.3,E,   -10.7, 
1990,   -27.4,E,   -33.3, ,   -26.4, ,   -21.6, ,    -9.0, ,     1.8, ,     7.6, ,     3.4, ,    -3.1, ,   -13.4, ,   -19.3, ,   -28.5, ,   -14.1,E,   -27.9,E,   -19.0, ,     4.3, ,   -11.9, 
1991,   -29.6, ,   -27.6, ,   -25.6, ,   -19.8, ,   -10.6, ,     2.1, ,     8.8, ,     2.7, ,    -2.4, ,   -11.7, ,   -18.0, ,   -26.3, ,   -13.2, ,   -28.6, ,   -18.7, ,     4.5, ,   -10.7, 
1992,   -27.2, ,   -33.2, ,   -26.0, ,   -20.2, ,   -12.7, ,    -1.9, ,     3.7, ,     2.4, ,    -3.7, ,    -7.9, ,   -21.5, ,   -27.0, ,   -14.6, ,   -28.9, ,   -19.6, ,     1.4, ,   -11.0, 
1993,   -29.9,E,   -31.7,E, -9999.9,M, -9999.9,M, -9999.9,M, -9999.9,M, -9999.9,M, -9999.9,M, -9999.9,M, -9999.9,M, -9999.9,M,   -27.1,E, -9999.9,M,   -29.5,E, -9999.9,M, -9999.9,M, -9999.9,M
1994, -9999.9,M,   -26.7,E, -9999.9,M, -9999.9,M, -9999.9,M, -9999.9,M, -9999.9,M, -9999.9,M, -9999.9,M, -9999.9,M, -9999.9,M, -9999.9,M, -9999.9,M, -9999.9,M, -9999.9,M, -9999.9,M, -9999.9,M
1995,   -26.9,E,   -30.6,E,   -28.9,E,   -13.5,E,    -6.7,E,      .8, ,     5.5,E,     5.5,E,    -2.8,E,    -9.9,E,   -11.6, ,   -25.8, ,   -12.1,E, -9999.9,M,   -16.4,E,     3.9,E,    -8.1,E
1996,   -29.7, ,   -24.5,E,   -27.9,E,   -14.6,E,    -8.5,E,    -1.3,E,     6.0, ,     2.6,E,    -1.6, ,   -10.2, ,   -17.0, ,   -18.3,E,   -12.1,E,   -26.7,E,   -17.0,E,     2.4,E,    -9.6, 
1997,   -26.1,E,   -33.1, ,   -25.4,E,   -20.1,E,    -6.7,E,     2.6, ,     6.1,E,     2.2,E,    -5.0,E,   -10.0, , -9999.9,M, -9999.9,M, -9999.9,M,   -25.8,E,   -17.4,E,     3.6,E, -9999.9,M
1998, -9999.9,M, -9999.9,M,   -25.1, ,   -17.0,E,    -7.3,E,     4.1, ,     8.6, ,     5.1, ,      .5,E,    -9.1,E,   -14.0, ,   -20.2, , -9999.9,M, -9999.9,M,   -16.5,E,     5.9, ,    -7.5,E
1999,   -27.8,E,   -29.3, ,   -20.6, ,   -15.6,E,   -12.8,E,    -3.1,E,     5.0, ,     3.1, ,    -2.6, ,   -12.4, ,   -19.1,E,   -21.7,E,   -13.1,E,   -25.8,E,   -16.3,E,     1.7,E,   -11.4,E
2000,   -29.8, ,   -26.8, ,   -22.7, ,   -14.2,E,    -9.9, ,    -1.0, ,     6.4, , -9999.9,M,    -1.7, ,   -11.0, ,   -16.1, ,   -18.8, , -9999.9,M,   -26.1,E,   -15.6,E, -9999.9,M,    -9.6, 
2001,   -30.3, ,   -27.8, ,   -21.1, ,   -17.9, ,    -8.3, ,    -1.4, ,    10.2, ,     5.7, ,    -1.2, ,    -8.2, ,   -18.8, ,   -20.4, ,   -11.6, ,   -25.6, ,   -15.8, ,     4.8, ,    -9.4, 
2002,   -25.6, ,   -32.8, ,   -27.6, ,   -21.0, ,    -8.8, ,     2.0, ,     5.6, ,     6.7, ,     -.4, ,    -7.1, ,   -17.0,E,   -19.1, ,   -12.1,E,   -26.3, ,   -19.1, ,     4.8, ,    -8.2,E
2003,   -21.8, ,   -29.8, ,   -23.8, ,   -18.8, ,    -7.0, ,      .8, ,     6.8, , -9999.9,M, -9999.9,M,    -6.5, ,   -15.8, ,   -20.8, , -9999.9,M,   -23.6, ,   -16.5, , -9999.9,M, -9999.9,M
2004,   -27.1, ,   -26.5, ,   -32.0, ,   -18.8, ,    -5.8, ,     -.1, , -9999.9,M, -9999.9,M,    -2.2, ,    -7.3, ,   -17.2, ,   -27.4, , -9999.9,M,   -24.8, ,   -18.9, , -9999.9,M,    -8.9, 
2005,   -30.2, ,   -26.6, ,   -19.1, ,   -16.6, ,    -7.7, ,      .6, ,     6.4, ,     4.5, ,    -2.5, , -9999.9,M,   -14.7, ,   -22.3, , -9999.9,M,   -28.1, ,   -14.5, ,     3.8, , -9999.9,M
2006,   -29.4, ,   -24.7, ,   -19.3, ,   -19.1, ,    -6.8, ,     -.6, ,     6.4, ,     5.8, ,     -.5, ,    -5.1, ,   -16.1, ,   -23.8, ,   -11.1, ,   -25.5, ,   -15.1, ,     3.9, ,    -7.2, 
2007, -9999.9,M, -9999.9,M,   -26.5, ,   -17.8, ,   -11.7, ,    -1.5, ,     6.2, ,     6.3, ,    -3.7, ,   -10.3,E, -9999.9,M,   -25.9, , -9999.9,M, -9999.9,M,   -18.7, ,     3.7, , -9999.9,M
2008,   -25.6, ,   -29.6, ,   -26.1, ,   -16.6, ,    -4.5, , -9999.9,M, -9999.9,M,     5.0, ,    -3.2, ,   -10.2, ,   -18.5, ,   -25.1, , -9999.9,M,   -27.0, ,   -15.7, , -9999.9,M,   -10.6, 
2009,   -21.9, ,   -24.1, ,   -24.5,E,   -16.9, ,    -8.9,E,      .6, ,    11.7, ,     6.3, ,    -3.7, ,   -12.0, ,   -18.6,E,   -15.9, ,   -10.7,E,   -23.7, ,   -16.8,E,     6.2, ,   -11.4,E
2010,   -24.0, ,   -19.2, ,   -20.9, , -9999.9,M, -9999.9,M,     1.4,E,     8.2, ,     7.6, ,      .7, ,    -6.8, ,    -8.8, ,   -13.5, , -9999.9,M,   -19.7, , -9999.9,M,     5.7,E,    -5.0, 
2011,   -20.0, ,   -28.9, ,   -26.5, ,   -23.2, ,   -10.8,E,      .9, ,     6.6, ,     6.6, ,    -2.4, ,    -9.9, ,   -15.4, ,   -22.2, ,   -12.1,E,   -20.8, ,   -20.2,E,     4.7, ,    -9.2, 
2012,   -27.3,E,   -26.1, ,   -28.3, ,   -17.9, ,    -6.8,E,     2.3,E,     8.5,E,     4.6,E,     -.8, ,    -8.4, ,   -17.3,E,   -20.3,E,   -11.5,E,   -25.2,E,   -17.7,E,     5.1,E,    -8.8,E
