2400570,BROUGHTON      ,NU, station not joined, Monthly mean of homogenized daily mean temperature                     , °C,          Updated to December 2012
2400570,BROUGHTON      ,NU, station non-jointe, Moyenne mensuelle des températures homogénéisées moyennes quotidiennes , °C, Mise à jour jusqu à décembre 2012
Year,     Jan, ,     Feb, ,     Mar, ,     Apr, ,     May, ,     Jun, ,     Jul, ,     Aug, ,     Sep, ,     Oct, ,     Nov, ,     Dec, ,  Annual, ,  Winter, ,  Spring, ,  Summer, ,  Autumn
Year,    Janv, ,     Fév, ,    Mars, ,     Avr, ,     Mai, ,    Juin, ,    Juil, ,    Août, ,    Sept, ,     Oct, ,     Nov, ,     Déc, ,  Annuel, ,   Hiver, ,Printemp, ,     Eté, , Automne
1957, -9999.9,M, -9999.9,M, -9999.9,M, -9999.9,M, -9999.9,M, -9999.9,M, -9999.9,M, -9999.9,M, -9999.9,M, -9999.9,M,   -19.1, , -9999.9,M, -9999.9,M, -9999.9,M, -9999.9,M, -9999.9,M, -9999.9,M
1958, -9999.9,M, -9999.9,M, -9999.9,M, -9999.9,M,    -5.3, , -9999.9,M, -9999.9,M, -9999.9,M, -9999.9,M, -9999.9,M, -9999.9,M, -9999.9,M, -9999.9,M, -9999.9,M, -9999.9,M, -9999.9,M, -9999.9,M
1959,   -18.5, ,   -27.6, ,   -27.9, ,   -15.6, ,    -8.5, ,     1.7, ,     4.4, ,     4.2, ,      .1, ,   -10.9, ,   -13.6, ,   -19.6, ,   -11.0, , -9999.9,M,   -17.3, ,     3.4, ,    -8.1, 
1960,   -22.5, ,   -21.0, ,   -25.6, ,   -19.6, ,    -6.9, ,     -.9, ,     7.1, ,     3.8, ,    -2.3, ,    -4.9, ,   -12.7, ,   -21.8, ,   -10.6, ,   -21.0, ,   -17.4, ,     3.3, ,    -6.6, 
1961,   -25.1, ,   -29.2, ,   -31.3, ,   -12.4, ,   -10.6, ,     1.1, ,     5.8, ,     2.3, ,    -3.7, ,    -8.8, ,   -17.9, ,   -18.0, ,   -12.3, ,   -25.4, ,   -18.1, ,     3.1, ,   -10.1, 
1962,   -25.3, ,   -29.0, ,   -14.4, ,   -16.5, ,    -8.5, ,     -.4, ,     7.2, ,     4.3, ,    -1.2, ,    -8.2, ,   -13.4, ,   -20.1, ,   -10.5, ,   -24.1, ,   -13.1, ,     3.7, ,    -7.6, 
1963,   -19.3, ,   -18.0, ,   -25.3, ,   -15.0, ,   -10.2, ,    -2.4, ,     2.7, ,     4.4, ,    -4.7, ,    -9.3, ,   -13.8, ,   -20.1, ,   -10.9, ,   -19.1, ,   -16.8, ,     1.6, ,    -9.3, 
1964,   -26.1, ,   -23.4, ,   -29.3, ,   -16.8, ,   -10.1, ,    -1.4, ,     3.1, ,     3.3, ,      .0, ,    -9.6, ,   -16.9, ,   -19.9, ,   -12.3, ,   -23.2, ,   -18.7, ,     1.7, ,    -8.8, 
1965,   -24.5, ,   -22.4, ,   -21.5, ,   -16.9, ,    -2.1, ,     -.9, ,     5.0, ,     1.3, ,    -1.9, ,   -10.3, ,   -14.4, ,   -21.7, ,   -10.9, ,   -22.3, ,   -13.5, ,     1.8, ,    -8.9, 
1966,   -24.0, ,   -20.2, ,   -23.5, ,   -15.4, ,    -9.5, ,    -2.0, ,     3.4, ,     8.4, ,    -1.2, ,    -4.9, ,   -14.3, ,   -21.1, ,   -10.4, ,   -22.0, ,   -16.1, ,     3.3, ,    -6.8, 
1967,   -21.9, ,   -28.7, ,   -22.3, ,   -19.2, ,    -3.2, ,    -2.1, ,     6.1, ,     2.4, ,    -3.2, ,    -8.7, ,   -17.4, ,   -18.5, ,   -11.4, ,   -23.9, ,   -14.9, ,     2.1, ,    -9.8, 
1968,   -25.7, ,   -25.8, ,   -25.0, ,   -12.2, ,    -7.1, ,     -.5, ,     4.1, ,     1.8, ,     -.5, ,    -4.3, ,   -12.7, ,   -18.7, ,   -10.6, ,   -23.3, ,   -14.8, ,     1.8, ,    -5.8, 
1969,   -18.0, ,   -15.5, ,   -25.1, ,   -20.5, ,    -7.0, ,    -1.5, ,     5.3, ,     5.0, ,    -3.6, ,    -7.5, ,   -13.9, ,   -19.0, ,   -10.1, ,   -17.4, ,   -17.5, ,     2.9, ,    -8.3, 
1970,   -26.1, ,   -23.4, ,   -22.7, ,   -18.4, ,   -11.6, ,    -2.3, ,     1.6, ,     1.6, ,    -2.7, ,    -5.4, ,   -13.4, ,   -22.9, ,   -12.1, ,   -22.8, ,   -17.6, ,      .3, ,    -7.2, 
1971,   -24.1, ,   -27.0, ,   -19.6, ,   -17.9, ,    -8.5, ,     -.3, ,     5.6, ,     2.4, ,    -2.5, ,    -8.0, ,   -16.3, ,   -26.6, ,   -11.9, ,   -24.7, ,   -15.3, ,     2.6, ,    -8.9, 
1972,   -30.0, ,   -28.1, ,   -26.6, ,   -16.8, ,    -9.3, ,    -5.5, ,     1.1, ,      .5, ,    -3.5, ,   -10.5, ,   -17.8, ,   -26.0, ,   -14.4, ,   -28.2, ,   -17.6, ,    -1.3, ,   -10.6, 
1973,   -23.7, ,   -28.6, ,   -23.3, ,   -18.3, ,    -8.5, ,    -1.7, ,     2.0, ,     4.7, ,    -1.8, ,    -5.9, ,   -10.9, ,   -20.7, ,   -11.4, ,   -26.1, ,   -16.7, ,     1.7, ,    -6.2, 
1974,   -25.8, ,   -23.7, ,   -25.5, ,   -18.5, ,    -6.0, ,     2.2, ,     5.6, ,     3.9, ,    -2.8, ,    -7.5, ,   -16.3, ,   -25.6, ,   -11.7, ,   -23.4, ,   -16.7, ,     3.9, ,    -8.9, 
1975,   -28.0, ,   -25.0, ,   -26.5, ,   -17.5, ,    -6.5, ,     3.7, ,     5.8, ,     5.3, ,    -2.3, ,    -7.1, ,   -17.3, ,   -23.1, ,   -11.5, ,   -26.2, ,   -16.8, ,     4.9, ,    -8.9, 
1976,   -23.5, ,   -27.2, ,   -24.1, ,   -16.2, ,    -7.5, ,    -1.0, ,     2.7, ,      .7, ,    -2.0, ,    -9.7, ,   -17.2, ,   -19.1, ,   -12.0, ,   -24.6, ,   -15.9, ,      .8, ,    -9.6, 
1977,   -15.3, ,   -24.0, ,   -19.3, ,   -14.3, ,    -7.5, ,     -.8, ,     4.9, ,     3.5, ,    -2.8, ,    -8.4, ,   -14.2, ,   -24.6, ,   -10.2, ,   -19.5, ,   -13.7, ,     2.5, ,    -8.5, 
1978,   -25.3, ,   -21.7, ,   -27.1, ,   -17.9, ,    -8.3, ,    -3.5, ,     3.0, ,     2.5, ,    -4.1, ,   -10.5, ,   -20.9, ,   -14.7, ,   -12.4, ,   -23.9, ,   -17.8, ,      .7, ,   -11.8, 
1979,   -19.5, ,   -31.2, ,   -21.8, ,   -13.3, ,    -8.3, ,    -2.0, ,     3.8, ,     3.3, ,    -2.6, ,    -8.0, ,   -16.7, ,   -22.5, ,   -11.6, ,   -21.8, ,   -14.5, ,     1.7, ,    -9.1, 
1980,   -17.5, ,   -21.1, ,   -19.3, ,   -18.4, ,    -5.3, ,    -1.4, ,     6.0, ,     6.1, ,    -1.6, ,    -7.8, ,   -12.8, ,   -21.9, ,    -9.6, ,   -20.4, ,   -14.3, ,     3.6, ,    -7.4, 
1981,   -22.8, ,   -26.6, ,   -17.6, ,   -16.7, ,    -8.5, ,     -.5, ,     4.2, ,     3.5, ,    -1.2, ,    -7.1, ,   -12.4, ,   -18.1, ,   -10.3, ,   -23.8, ,   -14.3, ,     2.4, ,    -6.9, 
1982,   -20.1, ,   -26.9, ,   -25.4, ,   -18.7, ,    -9.7, ,     2.1, ,     4.9, ,     1.6, ,    -3.6, ,    -8.3, ,   -15.4, ,   -24.9, ,   -12.0, ,   -21.7, ,   -17.9, ,     2.9, ,    -9.1, 
1983,   -32.2, ,   -29.9, ,   -25.2, ,   -18.2, ,   -10.4, ,    -1.0, ,     1.7, ,     -.4, ,    -2.9, ,    -8.7, ,   -18.7, ,   -23.7, ,   -14.1, ,   -29.0, ,   -17.9, ,      .1, ,   -10.1, 
1984,   -32.2, , -9999.9,M,   -25.9, ,   -20.4, ,    -9.6, ,     -.2, ,     7.2, ,     2.0, ,    -2.6, ,    -6.2, ,   -14.1, ,   -25.6, , -9999.9,M, -9999.9,M,   -18.6, ,     3.0, ,    -7.6, 
1985,   -21.8, ,   -24.7, ,   -23.6, ,   -17.7, ,    -7.1, ,     3.1, ,     5.1, ,     5.4, ,      .1, ,    -6.5, ,   -13.0, ,   -16.3, ,    -9.8, ,   -24.0, ,   -16.1, ,     4.5, ,    -6.5, 
1986,   -24.7, ,   -18.0, ,   -26.2, ,   -16.8, ,    -7.7, ,    -3.1, ,     4.6, ,     3.6, ,    -2.5, ,   -12.5, ,   -20.6, ,   -24.4, ,   -12.4, ,   -19.7, ,   -16.9, ,     1.7, ,   -11.9, 
1987,   -25.2, ,   -27.9, ,   -23.4, ,   -20.3, ,   -11.1, ,     -.8, ,     4.7, ,     5.5, , -9999.9,M,    -8.0, ,   -16.1,E,   -19.6, , -9999.9,M,   -25.8, ,   -18.3, ,     3.1, , -9999.9,M
1988,   -26.5, ,   -20.8, ,   -21.5, ,   -14.6, ,    -7.2, ,     -.7, ,     3.5, ,     3.6, ,    -2.1, ,    -4.6, ,   -13.3, ,   -23.1, ,   -10.6, ,   -22.3, ,   -14.4, ,     2.1, ,    -6.7, 
1989,   -28.5, ,   -29.6, ,   -26.9, ,   -14.4, ,   -11.4, ,     -.8, ,     4.1, ,     2.3, ,    -3.3, ,    -7.9, ,   -13.5, ,   -21.2, ,   -12.6, ,   -27.1, ,   -17.6, ,     1.9, ,    -8.2, 
1990,   -26.0, ,   -28.3, ,   -24.1, ,   -18.4, ,    -7.3, ,     1.3, ,     7.0, ,     2.6, ,    -2.5, ,    -9.6, ,   -17.9, ,   -24.4, ,   -12.3, ,   -25.2, ,   -16.6, ,     3.6, ,   -10.0, 
1991,   -27.5, ,   -25.9, ,   -22.0, ,   -18.4, ,   -10.3, ,     3.1, , -9999.9,M, -9999.9,M, -9999.9,M, -9999.9,M, -9999.9,M, -9999.9,M, -9999.9,M,   -25.9, ,   -16.9, , -9999.9,M, -9999.9,M
1992, -9999.9,M, -9999.9,M, -9999.9,M, -9999.9,M, -9999.9,M, -9999.9,M, -9999.9,M, -9999.9,M, -9999.9,M, -9999.9,M, -9999.9,M, -9999.9,M, -9999.9,M, -9999.9,M, -9999.9,M, -9999.9,M, -9999.9,M
1993, -9999.9,M, -9999.9,M, -9999.9,M, -9999.9,M, -9999.9,M, -9999.9,M, -9999.9,M, -9999.9,M, -9999.9,M, -9999.9,M, -9999.9,M, -9999.9,M, -9999.9,M, -9999.9,M, -9999.9,M, -9999.9,M, -9999.9,M
1994, -9999.9,M, -9999.9,M, -9999.9,M, -9999.9,M, -9999.9,M, -9999.9,M, -9999.9,M, -9999.9,M, -9999.9,M, -9999.9,M, -9999.9,M,   -20.9, , -9999.9,M, -9999.9,M, -9999.9,M, -9999.9,M, -9999.9,M
1995,   -24.1,E,   -28.6, ,   -24.6, ,   -11.8,E,    -3.5,E,      .2, ,     6.2,E,     3.3, ,    -1.9, ,    -7.0, ,    -9.0,E,   -20.7, ,   -10.1,E,   -24.5,E,   -13.3,E,     3.2,E,    -6.0,E
1996,   -26.5,E,   -22.8,E, -9999.9,M,   -11.3,E,    -7.8, ,     -.6, ,     4.1, ,     2.5,E,    -1.6, ,    -8.0, ,   -14.8, ,   -15.6,E, -9999.9,M,   -23.3,E, -9999.9,M,     2.0,E,    -8.1, 
1997,   -24.7,E,   -28.4, ,   -23.9,E,   -17.5, ,    -6.0,E,     1.9, ,     4.7,E,     2.9, ,    -3.3,E,    -6.8, ,   -12.6, ,   -19.6, ,   -11.1,E,   -22.9,E,   -15.8,E,     3.2,E,    -7.6,E
1998,   -25.1, ,   -27.3,E,   -23.5, ,   -13.4, ,    -5.0,E,     3.9, ,     6.5, ,     4.2, ,      .7,E,    -5.6,E,   -11.6, ,   -18.3, ,    -9.5,E,   -24.0,E,   -14.0,E,     4.9, ,    -5.5,E
1999,   -25.1, ,   -25.4, ,   -18.2, ,   -11.6, ,   -11.1,E,    -2.2,E,     4.5,E,     3.3, ,     -.9, ,    -9.6,E, -9999.9,M,   -21.1, , -9999.9,M,   -22.9, ,   -13.6,E,     1.9,E, -9999.9,M
2000,   -26.3, ,   -24.6, ,   -20.8, ,   -12.7,E,    -7.0, ,     -.4, ,     5.6, ,     5.2, ,    -1.4, ,    -8.0, ,   -11.8, , -9999.9,M, -9999.9,M,   -24.0, ,   -13.5,E,     3.5, ,    -7.1, 
2001, -9999.9,M,   -25.9, , -9999.9,M,   -15.8, ,    -5.5, ,     -.9, ,     8.5, ,     5.0, ,     -.9, ,    -5.9, ,   -13.9, ,   -16.9, , -9999.9,M, -9999.9,M, -9999.9,M,     4.2, ,    -6.9, 
2002,   -22.8, ,   -28.3, ,   -25.2, ,   -19.0, ,    -8.4, ,      .2, ,     4.9, ,     4.9, ,    -1.1, ,    -4.9, ,   -12.2, ,   -17.0, ,   -10.7, ,   -22.7, ,   -17.5, ,     3.3, ,    -6.1, 
2003,   -20.0, ,   -27.2, ,   -20.7, ,   -17.0, ,    -5.1, ,      .9, ,     7.1, , -9999.9,M, -9999.9,M, -9999.9,M,   -12.6, ,   -16.9, , -9999.9,M,   -21.4, ,   -14.3, , -9999.9,M, -9999.9,M
2004,   -24.8, ,   -23.4, ,   -27.6, ,   -16.8, ,    -5.9, ,     1.3, ,     4.6, ,     4.9, ,     -.8, ,    -4.2, ,   -11.9, ,   -24.7, ,   -10.8, ,   -21.7, ,   -16.8, ,     3.6, ,    -5.6, 
2005,   -26.9, ,   -23.0, ,   -17.4, ,   -14.8, ,    -4.7, ,     -.1, ,     5.9, ,     3.9, ,    -1.9, ,    -4.8, ,   -10.9, ,   -20.1, ,    -9.6, ,   -24.9, ,   -12.3, ,     3.2, ,    -5.9, 
2006,   -25.5, ,   -22.5, ,   -18.5, ,   -16.6, , -9999.9,M, -9999.9,M,     7.2, , -9999.9,M,     -.3, ,    -3.8, ,   -12.6, ,   -20.6, , -9999.9,M,   -22.7, , -9999.9,M, -9999.9,M,    -5.6, 
2007,   -23.3, ,   -19.5, ,   -22.7, ,   -14.6, ,   -10.1, ,     -.3, ,     4.0, ,     5.6, ,    -2.1,E,    -7.0,E,   -14.8, ,   -22.0, ,   -10.6,E,   -21.1, ,   -15.8, ,     3.1, ,    -8.0,E
2008,   -23.0, ,   -27.0, ,   -23.0, ,   -14.1, ,    -5.4, ,     3.8, ,     7.3, ,     5.3, ,    -1.8, ,    -6.8, ,   -15.1, ,   -22.6, ,   -10.2, ,   -24.0, ,   -14.2, ,     5.5, ,    -7.9, 
2009,   -21.4,E,   -22.9,E,   -21.3,E,   -15.4, ,    -7.3, ,      .4, ,     9.1, ,     6.6, ,    -2.0, , -9999.9,M, -9999.9,M,   -13.9,E, -9999.9,M,   -22.3,E,   -14.7,E,     5.4, , -9999.9,M
2010,   -20.3,E,   -14.9, ,   -19.1, , -9999.9,M,    -3.7,E,     1.5,E,     6.8, ,     7.5, ,     -.1, ,    -5.4, ,    -6.8, ,   -11.8, , -9999.9,M,   -16.4,E, -9999.9,M,     5.3,E,    -4.1, 
2011,   -17.8, ,   -26.3, ,   -22.2, ,   -20.8, ,    -8.9, ,     1.6, ,     5.7, ,     4.8, ,    -1.8, ,    -6.8, ,   -12.6, ,   -20.1, ,   -10.4, ,   -18.6, ,   -17.3, ,     4.0, ,    -7.1, 
2012,   -25.2,E,   -23.3, ,   -24.9, ,   -15.9, ,    -6.0,E,     6.3, ,     7.4,E,     5.3, ,     1.1, ,    -5.4, ,   -12.3,E,   -18.1,E,    -9.3,E,   -22.9,E,   -15.6,E,     6.3,E,    -5.5,E
