250M001,MOULD BAY      ,NT, station joined    , Monthly mean of homogenized daily mean temperature                     , °C,          Updated to December 2012
250M001,MOULD BAY      ,NT, station jointe    , Moyenne mensuelle des températures homogénéisées moyennes quotidiennes , °C, Mise à jour jusqu à décembre 2012
Year,     Jan, ,     Feb, ,     Mar, ,     Apr, ,     May, ,     Jun, ,     Jul, ,     Aug, ,     Sep, ,     Oct, ,     Nov, ,     Dec, ,  Annual, ,  Winter, ,  Spring, ,  Summer, ,  Autumn
Year,    Janv, ,     Fév, ,    Mars, ,     Avr, ,     Mai, ,    Juin, ,    Juil, ,    Août, ,    Sept, ,     Oct, ,     Nov, ,     Déc, ,  Annuel, ,   Hiver, ,Printemp, ,     Eté, , Automne
1948, -9999.9,M, -9999.9,M, -9999.9,M, -9999.9,M, -9999.9,M,    -1.1, ,     3.9, ,     -.2, ,    -8.0, ,   -18.2, ,   -26.6, ,   -37.1, , -9999.9,M, -9999.9,M, -9999.9,M,      .9, ,   -17.6, 
1949,   -34.1, ,   -33.6, ,   -29.6, ,   -23.7, ,   -12.0, ,    -2.4, ,     2.3, ,     2.9, ,    -7.8, ,   -17.7, , -9999.9,M, -9999.9,M, -9999.9,M,   -34.9, ,   -21.8, ,      .9, , -9999.9,M
1950, -9999.9,M, -9999.9,M, -9999.9,M, -9999.9,M, -9999.9,M, -9999.9,M, -9999.9,M, -9999.9,M, -9999.9,M,   -21.2, ,   -25.3, ,   -30.9, , -9999.9,M, -9999.9,M, -9999.9,M, -9999.9,M, -9999.9,M
1951,   -35.5, ,   -36.8, ,   -29.7, ,   -22.2, ,    -9.9, ,      .3, ,     4.1, ,     2.3, ,    -4.7, ,   -15.2, ,   -25.3, ,   -31.5, ,   -17.0, ,   -34.4, ,   -20.6, ,     2.2, ,   -15.1, 
1952,   -34.3, ,   -36.3, ,   -35.4, ,   -20.8, ,    -6.7, ,     1.4, ,     4.8, ,     -.1, ,    -8.6, ,   -15.3, ,   -26.5, ,   -25.7, ,   -17.0, ,   -34.0, ,   -21.0, ,     2.0, ,   -16.8, 
1953,   -32.1, ,   -32.2, , -9999.9,M,   -16.7, ,    -9.3, ,     -.9, ,     1.2, ,     -.2, ,    -6.7, ,   -18.1, ,   -25.0, ,   -35.9, , -9999.9,M,   -30.0, , -9999.9,M,      .0, ,   -16.6, 
1954,   -33.6, ,   -39.2, ,   -32.9, ,   -24.2, ,   -12.4, ,     -.5, ,     4.2, ,     3.9, ,    -3.3, ,   -16.5, ,   -24.4, ,   -33.0, ,   -17.7, ,   -36.2, ,   -23.2, ,     2.5, ,   -14.7, 
1955,   -32.2, ,   -39.6, ,   -34.2, ,   -19.8, ,   -11.6, ,      .0, ,     3.1, ,      .7, ,    -6.6, ,   -15.3, ,   -29.6, ,   -33.4, ,   -18.2, ,   -34.9, ,   -21.9, ,     1.3, ,   -17.2, 
1956,   -33.5, ,   -34.5, ,   -34.3, ,   -23.6, ,   -13.2, ,     -.6, ,     2.8, ,     -.2, ,    -7.5, ,   -20.7, ,   -27.3, ,   -29.4, ,   -18.5, ,   -33.8, ,   -23.7, ,      .7, ,   -18.5, 
1957,   -33.0, ,   -35.5, ,   -31.5, ,   -22.0, ,   -12.4, ,      .4, ,     5.2, ,     1.5, ,    -6.2, ,   -15.2, ,   -29.0, ,   -36.8, ,   -17.9, ,   -32.6, ,   -22.0, ,     2.4, ,   -16.8, 
1958,   -31.2, ,   -36.5, ,   -32.8, ,   -27.7, ,   -11.8, ,      .2, ,     4.9, ,     5.1, ,    -4.0, ,   -15.5, ,   -27.9, ,   -28.0, ,   -17.1, ,   -34.8, ,   -24.1, ,     3.4, ,   -15.8, 
1959,   -31.2, ,   -32.6, ,   -32.0, ,   -25.8, ,   -11.9, ,     -.2, ,     4.8, ,     1.8, ,    -6.4, ,   -20.1, ,   -24.1, ,   -31.7, ,   -17.5, ,   -30.6, ,   -23.2, ,     2.1, ,   -16.9, 
1960,   -33.8, ,   -32.3, ,   -33.0, ,   -24.4, ,    -8.8, ,     1.6, ,     4.6, ,     2.8, ,    -5.8, ,   -18.6, ,   -27.6, ,   -26.7, ,   -16.8, ,   -32.6, ,   -22.1, ,     3.0, ,   -17.3, 
1961,   -32.4, ,   -33.2, ,   -35.4, ,   -24.8, ,   -10.9, ,     -.2, ,     2.8, ,      .3, ,    -9.9, ,   -19.5, ,   -25.4, ,   -33.0, ,   -18.5, ,   -30.8, ,   -23.7, ,     1.0, ,   -18.3, 
1962,   -32.8, ,   -34.8, ,   -27.1, ,   -23.2, ,   -13.2, ,     2.8, ,     5.2, ,     1.9, ,    -7.0, ,   -16.4, ,   -25.4, ,   -30.9, ,   -16.7, ,   -33.5, ,   -21.2, ,     3.3, ,   -16.3, 
1963,   -36.3, ,   -33.6, ,   -37.4, ,   -20.7, ,   -10.3, ,     -.3, ,     4.7, ,     -.1, ,    -6.8, ,   -19.7, ,   -23.4, ,   -26.7, ,   -17.6, ,   -33.6, ,   -22.8, ,     1.4, ,   -16.6, 
1964,   -37.1, ,   -37.5, ,   -34.9, ,   -30.5, ,   -12.2, ,    -1.3, ,     1.5, ,     3.1, ,    -6.8, ,   -20.5, ,   -25.3, ,   -31.1, ,   -19.4, ,   -33.8, ,   -25.9, ,     1.1, ,   -17.5, 
1965,   -33.1, ,   -36.6, ,   -31.2, ,   -22.6, ,   -11.2, ,    -2.2, ,     2.8, ,     1.9, ,    -9.9, ,   -17.3, ,   -21.9, ,   -32.9, ,   -17.9, ,   -33.6, ,   -21.7, ,      .8, ,   -16.4, 
1966,   -36.4, ,   -37.7, ,   -32.6, ,   -25.7, ,    -7.8, ,     -.1, ,     4.0, ,     1.9, ,    -6.6, ,   -22.3, ,   -26.9, ,   -31.1, ,   -18.4, ,   -35.7, ,   -22.0, ,     1.9, ,   -18.6, 
1967,   -34.5, ,   -35.6, ,   -33.7, ,   -22.9, ,    -9.9, ,    -1.8, ,     1.8, ,      .5, ,    -6.7, ,   -14.8, ,   -30.7, ,   -29.7, ,   -18.2, ,   -33.7, ,   -22.2, ,      .2, ,   -17.4, 
1968,   -36.9, ,   -37.8, ,   -30.6, ,   -24.6, ,   -11.4, ,      .8, ,     6.0, ,     2.4, ,    -5.4, ,   -17.9, ,   -31.8, ,   -32.3, ,   -18.3, ,   -34.8, ,   -22.2, ,     3.1, ,   -18.4, 
1969,   -32.2, ,   -33.5, ,   -31.1, ,   -22.0, ,   -11.1, ,    -1.1, ,     1.8, ,     1.9, ,    -4.1, ,   -12.7, ,   -28.9, ,   -27.2, ,   -16.7, ,   -32.7, ,   -21.4, ,      .9, ,   -15.2, 
1970,   -29.4, ,   -36.6, ,   -32.4, ,   -27.1, ,   -11.2, ,    -2.2, ,     4.4, ,     2.9, ,    -6.0, ,   -20.1, ,   -25.0, ,   -35.2, ,   -18.2, ,   -31.1, ,   -23.6, ,     1.7, ,   -17.0, 
1971,   -35.7, ,   -37.1, ,   -29.3, ,   -24.7, ,   -12.2, ,     2.9, ,     5.9, ,      .0, ,    -4.5, ,   -14.3, ,   -28.1, ,   -32.6, ,   -17.5, ,   -36.0, ,   -22.1, ,     2.9, ,   -15.6, 
1972,   -36.0, ,   -38.1, ,   -32.4, ,   -24.9, ,   -13.4, ,    -1.9, ,     3.4, ,     1.0, ,    -7.1, ,   -20.1, ,   -29.3, ,   -29.6, ,   -19.0, ,   -35.6, ,   -23.6, ,      .8, ,   -18.8, 
1973,   -31.8, ,   -34.5, ,   -37.3, ,   -24.5, ,   -10.1, ,     1.7, ,     4.3, ,     2.4, ,    -5.3, ,   -14.7, ,   -21.5, ,   -25.7, ,   -16.4, ,   -32.0, ,   -24.0, ,     2.8, ,   -13.8, 
1974,   -30.9, ,   -35.0, ,   -33.5, ,   -27.4, ,   -11.8, ,    -3.4, ,     3.8, ,     2.1, ,    -7.0, ,   -20.1, ,   -29.7, ,   -35.7, ,   -19.1, ,   -30.5, ,   -24.2, ,      .8, ,   -18.9, 
1975,   -39.5, ,   -33.1, ,   -31.0, ,   -22.8, ,   -10.6, ,      .9, ,     1.7, ,      .6, ,    -9.8, ,   -17.4, ,   -27.0, ,   -31.5, ,   -18.3, ,   -36.1, ,   -21.5, ,     1.1, ,   -18.1, 
1976,   -36.3, ,   -34.2, ,   -32.4, ,   -23.4, ,   -12.0, ,    -1.0, ,     4.4, ,      .5, ,    -4.4, ,   -17.1, ,   -25.7, ,   -32.5, ,   -17.8, ,   -34.0, ,   -22.6, ,     1.3, ,   -15.7, 
1977,   -28.6, ,   -38.5, ,   -34.9, ,   -25.1, ,   -10.8, ,     1.8, ,     5.8, ,     2.4, ,    -5.2, ,   -18.0, ,   -27.9, ,   -32.2, ,   -17.6, ,   -33.2, ,   -23.6, ,     3.3, ,   -17.0, 
1978,   -29.9, ,   -26.7, ,   -31.3, ,   -25.2, ,   -12.7, ,    -2.4, ,     5.1, ,     -.9, ,    -7.1, ,   -23.9, ,   -25.4, ,   -28.6, ,   -17.4, ,   -29.6, ,   -23.1, ,      .6, ,   -18.8, 
1979,   -26.9, ,   -37.8, ,   -35.6, ,   -25.8, ,   -11.5, ,    -3.5, ,     3.0, ,     -.3, ,    -7.3, ,   -20.4, ,   -24.9, ,   -34.1, ,   -18.8, ,   -31.1, ,   -24.3, ,     -.3, ,   -17.5, 
1980,   -35.8, ,   -27.9, ,   -31.4, ,   -27.1, ,   -13.3, ,     1.3, ,     4.0, ,      .6, ,    -9.5, ,   -11.6, ,   -28.1, ,   -31.1, ,   -17.5, ,   -32.6, ,   -23.9, ,     2.0, ,   -16.4, 
1981,   -27.5, ,   -32.9, ,   -30.8, ,   -23.8, ,    -9.3, ,     2.9, ,     3.6, ,      .1, ,    -6.4, ,   -14.7, ,   -24.6, ,   -25.2, ,   -15.7, ,   -30.5, ,   -21.3, ,     2.2, ,   -15.2, 
1982,   -32.6, ,   -32.7, ,   -33.2, ,   -26.9, ,   -12.3, ,    -1.2, ,     4.3, ,     -.3, ,    -8.0, ,   -19.3, ,   -29.8, ,   -33.1, ,   -18.8, ,   -30.2, ,   -24.1, ,      .9, ,   -19.0, 
1983,   -36.4, ,   -35.3, ,   -32.9, ,   -25.9, ,   -12.8, ,     1.0, ,     4.8, ,     2.3, ,    -5.3, ,   -19.0, ,   -21.9, ,   -27.6, ,   -17.4, ,   -34.9, ,   -23.9, ,     2.7, ,   -15.4, 
1984,   -34.7, ,   -35.2, ,   -33.5, ,   -22.2, ,    -8.4, ,     1.8, ,     3.1, ,      .2, ,    -5.1, ,   -18.1, ,   -26.8, ,   -33.1, ,   -17.7, ,   -32.5, ,   -21.4, ,     1.7, ,   -16.7, 
1985,   -30.9, ,   -40.2, ,   -32.4, ,   -28.6, ,    -9.7, ,     2.5, ,     3.1, ,      .1, ,    -5.7, ,   -18.7, ,   -26.8, ,   -30.7, ,   -18.2, ,   -34.7, ,   -23.6, ,     1.9, ,   -17.1, 
1986,   -35.7, ,   -33.4, ,   -33.4, ,   -25.0, ,   -11.8, ,    -1.0, ,     2.5, ,      .4, ,    -5.3, ,   -20.1, ,   -28.2, ,   -31.6, ,   -18.6, ,   -33.3, ,   -23.4, ,      .6, ,   -17.9, 
1987,   -35.6, ,   -38.1, ,   -32.8, ,   -25.5, ,   -13.5, ,     -.3, ,     4.8, ,     1.7, ,    -6.8, ,   -16.2, ,   -30.5, ,   -26.8, ,   -18.3, ,   -35.1, ,   -23.9, ,     2.1, ,   -17.8, 
1988,   -30.7, ,   -31.9, ,   -27.2, ,   -19.0, ,    -8.9, ,     -.4, ,     5.9, ,      .8, ,    -5.7, ,   -16.2, ,   -30.4, ,   -29.5, ,   -16.1, ,   -29.8, ,   -18.4, ,     2.1, ,   -17.4, 
1989,   -36.2, ,   -25.4, ,   -32.1, ,   -21.5, ,   -13.0, ,      .7, ,     3.0, ,     2.9, ,    -4.1, ,   -17.3, ,   -29.1, ,   -30.5, ,   -16.9, ,   -30.4, ,   -22.2, ,     2.2, ,   -16.8, 
1990,   -32.2, ,   -39.6, ,   -27.6, ,   -19.2, ,    -7.5, ,     2.2, ,     4.3, ,     1.6, ,    -5.5, ,   -18.4, ,   -29.8, ,   -32.6, ,   -17.0, ,   -34.1, ,   -18.1, ,     2.7, ,   -17.9, 
1991,   -34.7, ,   -34.8, ,   -32.9, ,   -22.2, ,    -8.8, ,     -.9, ,     3.1, ,      .6, ,    -6.2, ,   -17.1, ,   -27.2, ,   -31.6, ,   -17.7, ,   -34.0, ,   -21.3, ,      .9, ,   -16.8, 
1992,   -35.7, ,   -35.2, ,   -28.0, ,   -24.8, ,   -11.9, ,     -.7, ,     4.2, ,     1.9, ,    -5.9, ,   -16.4, ,   -24.9, ,   -30.9, ,   -17.4, ,   -34.2, ,   -21.6, ,     1.8, ,   -15.7, 
1993,   -34.5, ,   -30.5, ,   -29.8, ,   -21.0, ,    -9.0, ,     2.0,E,     7.0, , -9999.9,M,    -6.1, ,   -14.2, ,   -26.3, ,   -31.3, , -9999.9,M,   -32.0, ,   -19.9, , -9999.9,M,   -15.5, 
1994,   -31.6, ,   -33.3, ,   -32.5, ,   -23.0, ,   -10.8, ,     -.1, ,     4.1, ,     1.2, ,    -8.7, ,   -17.0, ,   -25.8, ,   -33.0, ,   -17.5, ,   -32.1, ,   -22.1, ,     1.7, ,   -17.2, 
1995,   -28.4, ,   -32.1, ,   -33.1,E,   -16.2, ,    -9.9, ,     2.2, ,     5.4, ,     1.2, ,    -4.9, ,   -18.5,E,   -23.9, ,   -33.2, ,   -16.0,E,   -31.2, ,   -19.7,E,     2.9, ,   -15.8,E
1996,   -33.9, ,   -30.7, ,   -30.7, ,   -22.8, ,    -9.5, ,     -.1, ,     3.2, ,    -1.6, ,    -9.0, ,   -21.7, ,   -20.3, ,   -27.4, ,   -17.0, ,   -32.6, ,   -21.0, ,      .5, ,   -17.0, 
1997,   -32.2, ,   -34.1, ,   -29.8, , -9999.9,M, -9999.9,M, -9999.9,M, -9999.9,M,     -.8,E,    -7.2,E,   -18.9,E,   -21.5,E,   -33.1,E, -9999.9,M,   -31.2, , -9999.9,M, -9999.9,M,   -15.9,E
1998,   -33.4,E,   -34.3,E,   -26.8,E,   -18.1,E,    -9.3,E,     3.1,E,     5.6,E,     3.9,E,     -.8,E,   -15.5,E,   -18.7,E,   -23.7,E,   -14.0,E,   -33.6,E,   -18.1,E,     4.2,E,   -11.7,E
1999,   -32.2, ,   -31.6, ,   -28.0, ,   -23.8, ,    -9.5, ,      .0, ,     5.6, ,     2.9, ,    -3.3, ,   -17.8, ,   -22.8, ,   -33.3, ,   -16.2, ,   -29.2,E,   -20.4, ,     2.8, ,   -14.6, 
2000,   -31.0, ,   -34.6, ,   -31.0, ,   -22.0, ,   -11.0, ,     2.1, ,     4.5, ,      .1, ,    -6.1, ,   -16.1,E,   -27.1, ,   -29.9, ,   -16.8,E,   -33.0, ,   -21.3, ,     2.2, ,   -16.4,E
2001,   -33.4, ,   -31.3, ,   -33.1, ,   -23.2, ,   -11.4, ,      .9, ,     4.4, ,     1.1, ,    -3.0, ,   -18.6, ,   -23.7, ,   -23.6, ,   -16.2, ,   -31.5, ,   -22.6, ,     2.1, ,   -15.1, 
2002,   -33.1, ,   -36.0, ,   -28.0, ,   -24.8, ,    -9.5, ,     1.3, , -9999.9,M,      .8, ,    -4.1, ,   -12.7, ,   -25.8, ,   -25.3, , -9999.9,M,   -30.9, ,   -20.8, , -9999.9,M,   -14.2, 
2003,   -30.1, ,   -34.9, ,   -33.2, ,   -22.6, ,   -10.4, ,    -2.0, ,     2.5, ,      .0, ,    -4.3, ,   -15.7, ,   -23.5, ,   -31.5, ,   -17.1, ,   -30.1, ,   -22.1, ,      .2, ,   -14.5, 
2004, -9999.9,M, -9999.9,M,   -36.3, ,   -25.2, ,   -12.2, ,     -.6, ,     1.5, ,      .9, ,    -8.7, ,   -21.2, ,   -25.6, ,   -32.7, , -9999.9,M, -9999.9,M,   -24.6, ,      .6, ,   -18.5, 
2005,   -30.4, ,   -36.3, ,   -31.4, ,   -22.2, ,    -8.4, ,      .7, ,     3.3, ,     1.8, ,    -7.1, ,   -16.7, ,   -23.9, ,   -28.8, ,   -16.6, ,   -33.1, ,   -20.7, ,     1.9, ,   -15.9, 
2006,   -30.3,E,   -27.1, ,   -30.1, ,   -22.1, ,    -5.9, ,     -.2, ,     4.1, ,     3.5, ,    -2.6, ,   -12.7,E,   -21.7, ,   -27.7, ,   -14.4,E,   -28.7,E,   -19.4, ,     2.5, ,   -12.3,E
2007,   -32.6, ,   -31.9, ,   -33.6,E,   -20.4, ,   -10.7, ,     1.0, ,     7.5, ,     4.0, ,    -4.6, ,   -15.3,E,   -25.2, ,   -29.0,E,   -15.9,E,   -30.7, ,   -21.6,E,     4.2, ,   -15.0,E
2008,   -35.5, ,   -33.8, ,   -33.5, ,   -23.4,E,    -8.7,E,     3.1,E,     6.7,E,     2.9,E, -9999.9,M,   -15.4,E, -9999.9,M, -9999.9,M, -9999.9,M,   -32.8,E,   -21.9,E,     4.2,E, -9999.9,M
2009, -9999.9,M, -9999.9,M, -9999.9,M,   -24.5, ,   -10.6, ,      .8,E,     4.6,E,     3.5,E, -9999.9,M, -9999.9,M, -9999.9,M, -9999.9,M, -9999.9,M, -9999.9,M, -9999.9,M,     3.0,E, -9999.9,M
2010, -9999.9,M, -9999.9,M, -9999.9,M, -9999.9,M, -9999.9,M,     2.8,E,     4.4,E,     2.9,E,    -3.6,E,   -12.0, ,   -22.4, ,   -27.7,E, -9999.9,M, -9999.9,M, -9999.9,M,     3.4,E,   -12.7,E
2011,   -31.8,E,   -32.0,E,   -26.9, ,   -23.8,E,    -9.3, ,     1.3,E, -9999.9,M,     5.3, , -9999.9,M,   -13.2, ,   -23.0, ,   -30.6,E, -9999.9,M,   -30.5,E,   -20.0,E, -9999.9,M, -9999.9,M
2012,   -30.5, ,   -33.3,E,   -33.6,E,   -23.5,E,    -8.4,E,     4.6, ,     6.5, ,     2.5, ,    -2.6,E,   -13.3, ,   -24.6,E,   -28.9, ,   -15.4,E,   -31.5,E,   -21.8,E,     4.5, ,   -13.5,E
