2503648,SACHS HARBOUR  ,NT, station joined    , Monthly mean of homogenized daily mean temperature                     , °C,          Updated to December 2012
2503648,SACHS HARBOUR  ,NT, station jointe    , Moyenne mensuelle des températures homogénéisées moyennes quotidiennes , °C, Mise à jour jusqu à décembre 2012
Year,     Jan, ,     Feb, ,     Mar, ,     Apr, ,     May, ,     Jun, ,     Jul, ,     Aug, ,     Sep, ,     Oct, ,     Nov, ,     Dec, ,  Annual, ,  Winter, ,  Spring, ,  Summer, ,  Autumn
Year,    Janv, ,     Fév, ,    Mars, ,     Avr, ,     Mai, ,    Juin, ,    Juil, ,    Août, ,    Sept, ,     Oct, ,     Nov, ,     Déc, ,  Annuel, ,   Hiver, ,Printemp, ,     Eté, , Automne
1955, -9999.9,M, -9999.9,M, -9999.9,M, -9999.9,M, -9999.9,M, -9999.9,M, -9999.9,M, -9999.9,M, -9999.9,M, -9999.9,M,   -25.7, ,   -31.7, , -9999.9,M, -9999.9,M, -9999.9,M, -9999.9,M, -9999.9,M
1956,   -29.7, , -9999.9,M,   -28.2, ,   -20.3, ,   -10.4, ,     2.8, ,     4.3, ,     1.7, ,    -2.2, ,   -15.2, ,   -24.5, ,   -29.0, , -9999.9,M, -9999.9,M,   -19.6, ,     2.9, ,   -14.0, 
1957,   -29.5, ,   -35.3, ,   -26.1, ,   -17.9, ,    -9.5, ,      .2, ,     6.7, ,     4.9, ,    -1.4, ,   -11.0, ,   -26.3, ,   -30.7, ,   -14.7, ,   -31.3, ,   -17.8, ,     3.9, ,   -12.9, 
1958,   -27.2, ,   -34.5, ,   -28.0, ,   -22.7, ,    -8.2, ,     2.1, ,     6.4, ,     8.7, ,      .7, ,    -9.4, ,   -22.3, ,   -25.3, ,   -13.3, ,   -30.8, ,   -19.6, ,     5.7, ,   -10.3, 
1959,   -29.2, ,   -28.2, ,   -30.1, ,   -20.1, ,    -9.9, ,     -.3, ,     4.4, ,     3.6, ,    -2.2, ,   -14.6, ,   -22.2, ,   -26.5, ,   -14.6, ,   -27.6, ,   -20.0, ,     2.6, ,   -13.0, 
1960,   -33.0, ,   -26.5, ,   -28.3, ,   -18.9, ,    -5.8, , -9999.9,M, -9999.9,M, -9999.9,M,    -3.1, ,   -12.4, ,   -25.0, ,   -23.8, , -9999.9,M,   -28.7, ,   -17.7, , -9999.9,M,   -13.5, 
1961,   -30.1, ,   -30.9, ,   -31.5, ,   -23.8, ,    -7.8, ,     4.5, ,     5.4, ,     2.9, ,    -3.7, ,   -15.1, ,   -22.8, ,   -31.7, ,   -15.4, ,   -28.3, ,   -21.0, ,     4.3, ,   -13.9, 
1962,   -28.3, ,   -29.1, ,   -25.4, ,   -19.4, ,   -10.6, ,     5.4, ,     7.3, ,     6.1, ,     -.9, ,    -8.9, ,   -21.1, ,   -23.5, ,   -12.4, ,   -29.7, ,   -18.5, ,     6.3, ,   -10.3, 
1963,   -32.7, ,   -28.1, ,   -31.9, ,   -16.0, ,    -5.5, ,     3.6, ,     7.3, ,     3.5, ,    -2.5, ,   -14.2, ,   -22.5, ,   -21.5, ,   -13.4, ,   -28.1, ,   -17.8, ,     4.8, ,   -13.1, 
1964,   -32.7, ,   -31.9, ,   -33.3, ,   -26.1, ,    -9.7, ,    -1.0, ,     2.4, ,     4.8, ,    -2.7, ,   -11.6, ,   -21.0, ,   -30.7, ,   -16.1, ,   -28.7, ,   -23.0, ,     2.1, ,   -11.8, 
1965,   -31.4, ,   -36.0, ,   -24.9, ,   -17.4, ,    -8.2, ,     -.5, ,     7.4, ,     4.7, ,    -5.9, ,   -11.3, ,   -19.2, ,   -26.8, ,   -14.1, ,   -32.7, ,   -16.8, ,     3.9, ,   -12.1, 
1966,   -33.6, ,   -31.9, ,   -24.7, ,   -23.1, ,    -4.7, ,     2.2, ,     5.6, ,     2.7, ,      .4, ,   -14.2, ,   -23.1, ,   -25.7, ,   -14.2, ,   -30.8, ,   -17.5, ,     3.5, ,   -12.3, 
1967,   -28.5, ,   -32.6, ,   -31.6, ,   -19.4, ,    -9.4, ,    -1.4, ,     1.8, ,      .9, ,    -2.6, ,   -10.8, ,   -21.2, ,   -25.3, ,   -15.0, ,   -28.9, ,   -20.1, ,      .4, ,   -11.5, 
1968,   -30.8, ,   -32.4, ,   -23.8, ,   -19.5, ,    -7.4, ,     3.5, ,     8.1, ,     3.9, ,    -1.9, ,    -8.9, ,   -23.0, ,   -27.5, ,   -13.3, ,   -29.5, ,   -16.9, ,     5.2, ,   -11.3, 
1969,   -30.2, ,   -27.5, ,   -26.3, ,   -15.1, ,    -7.8, ,      .6, ,     3.1, ,     3.4, ,      .0, ,    -7.2, ,   -24.0, ,   -20.5, ,   -12.6, ,   -28.4, ,   -16.4, ,     2.4, ,   -10.4, 
1970,   -27.3, ,   -33.2, ,   -26.6, ,   -19.8, ,    -7.9, ,     1.2, ,     8.4, ,     6.2, ,    -1.7, ,   -12.1, ,   -20.3, ,   -29.3, ,   -13.5, ,   -27.0, ,   -18.1, ,     5.3, ,   -11.4, 
1971,   -32.0, ,   -31.8, ,   -24.8, ,   -20.8, ,    -6.8, ,     5.4, ,     7.0, ,     2.1, ,    -1.3, ,    -7.8, ,   -23.2, ,   -29.5, ,   -13.6, ,   -31.0, ,   -17.5, ,     4.8, ,   -10.8, 
1972,   -34.0, ,   -35.1, ,   -28.5, ,   -21.2, ,    -9.2, ,     1.4, ,     5.8, ,     3.6, ,    -4.0, ,   -11.9, ,   -24.0, ,   -26.8, ,   -15.3, ,   -32.9, ,   -19.6, ,     3.6, ,   -13.3, 
1973,   -31.4, ,   -30.2, ,   -32.1, ,   -17.8, ,    -6.4, ,     5.8, ,     6.6, ,     5.1, ,     1.2, ,    -8.3, ,   -17.2, ,   -21.8, ,   -12.2, ,   -29.5, ,   -18.8, ,     5.8, ,    -8.1, 
1974,   -29.0, ,   -32.5, ,   -31.6, ,   -25.3, ,    -9.2, ,     -.8, ,     5.8, ,     2.4, ,    -4.7, ,   -18.1, ,   -23.6, ,   -32.6, ,   -16.6, ,   -27.8, ,   -22.0, ,     2.5, ,   -15.5, 
1975,   -39.3, ,   -28.9, ,   -24.6, ,   -15.7, ,    -4.4, ,     4.9, ,     4.1, ,     3.5, ,    -5.4, ,   -12.3, ,   -25.5, ,   -29.4, ,   -14.4, ,   -33.6, ,   -14.9, ,     4.2, ,   -14.4, 
1976,   -32.7, ,   -33.5, ,   -31.1, ,   -14.3, ,    -7.1, ,     1.6, ,     8.0, ,     2.7, ,     1.4, ,    -9.0, ,   -17.9, ,   -30.5, ,   -13.5, ,   -31.9, ,   -17.5, ,     4.1, ,    -8.5, 
1977,   -26.7, ,   -27.8, ,   -27.8, ,   -19.6, ,    -5.6, ,     5.3, ,     8.1, ,     6.0, ,      .8, ,    -9.1, ,   -20.2, ,   -28.4, ,   -12.1, ,   -28.3, ,   -17.7, ,     6.5, ,    -9.5, 
1978,   -26.5, ,   -22.5, ,   -26.3, ,   -21.3, ,   -11.8, ,    -2.1, ,     5.1, ,     -.2, ,      .2, ,   -17.6, ,   -19.6, ,   -24.9, ,   -14.0, ,   -25.8, ,   -19.8, ,      .9, ,   -12.3, 
1979,   -22.7, ,   -33.9, ,   -34.3, ,   -21.6, ,    -8.5, ,    -1.8, ,     7.0, ,     4.0, ,    -2.4, ,   -11.9, ,   -15.6, ,   -28.5, ,   -14.2, ,   -27.2, ,   -21.5, ,     3.1, ,   -10.0, 
1980,   -30.3, ,   -25.0, ,   -27.4, ,   -22.0, ,    -9.9, ,     2.2, ,     5.7, ,     3.7, ,    -6.8, ,    -6.0, ,   -22.6, ,   -29.1, ,   -14.0, ,   -27.9, ,   -19.8, ,     3.9, ,   -11.8, 
1981,   -18.2, ,   -27.8, ,   -24.6, ,   -17.9, ,    -5.6, ,     5.1, ,     5.3, ,     3.7, ,     -.4, ,    -8.5, ,   -20.0, ,   -20.4, ,   -10.8, ,   -25.0, ,   -16.0, ,     4.7, ,    -9.6, 
1982,   -31.4, ,   -28.0, ,   -29.6, ,   -22.2, ,    -8.8, ,     2.0, ,     8.5, ,     3.6, ,     -.9, ,   -11.1, ,   -27.8, ,   -31.0, ,   -14.7, ,   -26.6, ,   -20.2, ,     4.7, ,   -13.3, 
1983,   -32.5, ,   -30.1, ,   -29.9, ,   -19.1, ,   -12.2, ,     2.1, ,     7.5, ,     4.4, ,    -2.3, ,   -14.1, ,   -13.9, ,   -24.5, ,   -13.7, ,   -31.2, ,   -20.4, ,     4.7, ,   -10.1, 
1984,   -30.2, ,   -33.3, ,   -29.9, ,   -14.3, ,    -5.2, ,     6.1, ,     4.8, ,     1.4, ,    -2.8, ,   -12.4, ,   -23.7, ,   -31.9, ,   -14.3, ,   -29.3, ,   -16.5, ,     4.1, ,   -13.0, 
1985,   -27.5, ,   -36.0, ,   -26.4, ,   -22.3, ,    -5.0, ,     4.0, ,     2.7, ,     2.2, ,    -1.7, ,   -15.0, ,   -21.9, ,   -25.4, ,   -14.4, ,   -31.8, ,   -17.9, ,     3.0, ,   -12.9, 
1986,   -31.9, ,   -27.3, ,   -30.1, ,   -21.9, ,    -7.5, ,     -.2, , -9999.9,M, -9999.9,M, -9999.9,M, -9999.9,M, -9999.9,M,   -26.4, , -9999.9,M,   -28.2, ,   -19.8, , -9999.9,M, -9999.9,M
1987,   -27.2, ,   -27.8, ,   -27.9, ,   -22.5, ,   -11.4, ,     2.1, ,     8.9, ,     4.0, ,    -1.0, ,    -6.1, ,   -25.1, ,   -18.7, ,   -12.7, ,   -27.1, ,   -20.6, ,     5.0, ,   -10.7, 
1988, -9999.9,M,   -28.1,E,   -21.8, ,   -15.5, ,    -8.2, ,     5.2,E,    10.7, ,     4.3, ,      .5, ,   -10.1, ,   -26.8, ,   -26.0, , -9999.9,M, -9999.9,M,   -15.2, ,     6.7,E,   -12.1, 
1989,   -31.8,E,   -20.9,E,   -32.1, , -9999.9,M, -9999.9,M, -9999.9,M, -9999.9,M, -9999.9,M, -9999.9,M, -9999.9,M,   -26.1,E, -9999.9,M, -9999.9,M,   -26.2,E, -9999.9,M, -9999.9,M, -9999.9,M
1990, -9999.9,M, -9999.9,M, -9999.9,M, -9999.9,M, -9999.9,M, -9999.9,M, -9999.9,M, -9999.9,M, -9999.9,M, -9999.9,M, -9999.9,M, -9999.9,M, -9999.9,M, -9999.9,M, -9999.9,M, -9999.9,M, -9999.9,M
1991,   -29.5,E, -9999.9,M, -9999.9,M, -9999.9,M, -9999.9,M, -9999.9,M, -9999.9,M, -9999.9,M,    -2.3, ,   -11.9, ,   -24.8, ,   -29.7, , -9999.9,M, -9999.9,M, -9999.9,M, -9999.9,M,   -13.0, 
1992,   -31.8,E,   -30.0,E,   -21.5, , -9999.9,M,    -8.2,E,     2.3,E,     6.5, ,     3.7, ,    -3.6, ,   -11.7, ,   -19.5, ,   -26.7, , -9999.9,M,   -30.5,E, -9999.9,M,     4.2,E,   -11.6, 
1993,   -27.2,E,   -27.2,E,   -24.3, ,   -17.7,E, -9999.9,M, -9999.9,M,    10.1, ,     3.6, ,    -1.6, ,    -8.7, ,   -21.2, ,   -27.1,E, -9999.9,M,   -27.0,E, -9999.9,M, -9999.9,M,   -10.5, 
1994, -9999.9,M, -9999.9,M,   -26.7,E, -9999.9,M, -9999.9,M, -9999.9,M,     5.6, ,     4.9, ,    -5.0, ,    -7.7,E,   -21.1, ,   -26.6, , -9999.9,M, -9999.9,M, -9999.9,M, -9999.9,M,   -11.3,E
1995,   -23.7, ,   -29.2, ,   -29.8,E,   -12.9, ,    -6.4,E,     4.4,E,     7.8,E,     3.3, ,    -1.1,E,   -11.7, ,   -19.1,E,   -30.3,E,   -12.4,E,   -26.5, ,   -16.4,E,     5.2,E,   -10.6,E
1996,   -30.5,E,   -26.5, ,   -26.1, ,   -19.3,E,    -5.9, ,     4.1,E,     6.1,E,      .5,E,    -3.8,E,   -16.0,E,   -19.4,E,   -25.4,E,   -13.5,E,   -29.1,E,   -17.1,E,     3.6,E,   -13.1,E
1997,   -29.5,E,   -29.9,E,   -29.2,E,   -18.6,E,    -8.8,E,     2.9,E,     7.3,E,     1.9, ,     -.1, ,   -13.2, ,   -15.0,E,   -26.3,E,   -13.2,E,   -28.3,E,   -18.9,E,     4.0,E,    -9.4,E
1998,   -29.8,E,   -27.1,E,   -19.9, ,   -11.6, ,    -2.9, ,     6.1,E,    10.1,E,     8.5,E,     2.6,E,    -8.2,E,   -13.5,E,   -19.4,E,    -8.8,E,   -27.7,E,   -11.5, ,     8.2,E,    -6.4,E
1999,   -27.6, ,   -23.7,E,   -22.9,E,   -18.2, ,    -6.3, ,     2.7, ,     4.8, ,     6.7,E,      .2, ,   -10.7, ,   -18.1, ,   -26.1, ,   -11.6,E,   -23.6,E,   -15.8,E,     4.7,E,    -9.5, 
2000,   -25.5, ,   -28.4, ,   -25.3, ,   -19.9, ,   -11.0, ,     2.9,E,     6.1,E,     2.4, ,    -3.1, ,   -10.3, ,   -23.4, ,   -28.6, ,   -13.7,E,   -26.7, ,   -18.7, ,     3.8,E,   -12.3, 
2001,   -26.9, ,   -24.6, ,   -28.2, ,   -16.9, ,    -8.3, ,     1.5, ,     6.8, ,     3.9, ,     1.2, ,    -8.7, ,   -18.4, ,   -20.4, ,   -11.6, ,   -26.7, ,   -17.8, ,     4.1, ,    -8.6, 
2002,   -27.3, ,   -31.8,E,   -26.6, ,   -21.9, ,    -8.3, ,     2.9, ,     3.6, ,     1.2, ,     -.9, ,    -9.7, ,   -18.4, ,   -18.3, ,   -13.0,E,   -26.5,E,   -18.9, ,     2.6, ,    -9.7, 
2003,   -25.1, ,   -31.7, ,   -26.6, ,   -15.2, ,    -7.1, ,     1.3, ,     4.8, ,     2.8, ,     -.8, ,    -7.9, ,   -19.0, ,   -26.0, ,   -12.5, ,   -25.0, ,   -16.3, ,     3.0, ,    -9.2, 
2004,   -28.9, ,   -32.9,E,   -32.8, ,   -19.6, ,   -11.0, ,     2.9, ,     4.4, ,     2.5, ,    -3.3,E,   -13.4, , -9999.9,M,   -29.2, , -9999.9,M,   -29.3,E,   -21.1, ,     3.3, , -9999.9,M
2005,   -26.0, ,   -29.0, ,   -25.1, ,   -15.7, ,    -6.9, ,     3.0, ,     3.9, ,     2.6,E,    -2.6, ,    -9.8, ,   -20.9, ,   -21.7, ,   -12.4,E,   -28.1, ,   -15.9, ,     3.2,E,   -11.1, 
2006,   -26.9, ,   -20.6, ,   -25.1, ,   -19.3, ,    -3.0, ,     2.7, ,     6.0, ,     8.0, ,     3.8, ,    -8.3,E,   -19.3, ,   -20.6, ,   -10.2,E,   -23.1, ,   -15.8, ,     5.6, ,    -7.9,E
2007,   -25.2, ,   -28.0,E,   -29.4, ,   -15.4, ,    -8.5, ,     3.3, ,    11.0, ,     5.2, ,    -1.2, ,   -10.5, ,   -21.4, ,   -23.3,E,   -12.0,E,   -24.6,E,   -17.8, ,     6.5, ,   -11.0, 
2008,   -27.1, ,   -27.8, ,   -29.8, ,   -16.1, ,    -4.3, ,     5.6, ,     9.2, ,     3.9, ,    -1.8, ,    -6.7, ,   -16.1, ,   -25.4, ,   -11.4, ,   -26.1,E,   -16.7, ,     6.2, ,    -8.2, 
2009,   -28.1, ,   -27.5, ,   -32.4, ,   -18.2, ,    -8.3, ,     3.1, ,     4.8, ,     4.7, ,     -.6, ,   -10.1, ,   -17.4, ,   -21.9, ,   -12.7, ,   -27.0, ,   -19.6, ,     4.2, ,    -9.4, 
2010,   -27.7, ,   -25.1, ,   -21.1, ,    -9.6, ,    -7.0, ,     5.8,E,     8.5, ,     7.0, ,     -.2, ,    -8.6, ,   -16.9, ,   -25.0, ,   -10.0,E,   -24.9, ,   -12.6, ,     7.1,E,    -8.6, 
2011,   -27.1, ,   -26.9, ,   -24.7, ,   -21.6, ,    -6.6, ,     3.1, ,    10.1, ,     8.3, ,      .9, ,    -8.3,E,   -19.7, ,   -26.6, ,   -11.6,E,   -26.3, ,   -17.6, ,     7.2, ,    -9.0,E
2012,   -26.8, ,   -25.0, ,   -29.5, ,   -16.1, ,    -3.6, ,     7.7,E,    11.0, ,     6.6, ,     2.1, ,    -5.2, ,   -18.5,E,   -25.8, ,   -10.3,E,   -26.1, ,   -16.4, ,     8.4,E,    -7.2,E
