3011120,CALMAR         ,AB, station not joined, Monthly mean of homogenized daily mean temperature                     , °C,          Updated to December 2012
3011120,CALMAR         ,AB, station non-jointe, Moyenne mensuelle des températures homogénéisées moyennes quotidiennes , °C, Mise à jour jusqu à décembre 2012
Year,     Jan, ,     Feb, ,     Mar, ,     Apr, ,     May, ,     Jun, ,     Jul, ,     Aug, ,     Sep, ,     Oct, ,     Nov, ,     Dec, ,  Annual, ,  Winter, ,  Spring, ,  Summer, ,  Autumn
Year,    Janv, ,     Fév, ,    Mars, ,     Avr, ,     Mai, ,    Juin, ,    Juil, ,    Août, ,    Sept, ,     Oct, ,     Nov, ,     Déc, ,  Annuel, ,   Hiver, ,Printemp, ,     Eté, , Automne
1915, -9999.9,M, -9999.9,M, -9999.9,M, -9999.9,M, -9999.9,M, -9999.9,M, -9999.9,M, -9999.9,M, -9999.9,M, -9999.9,M,    -4.6, ,    -7.9, , -9999.9,M, -9999.9,M, -9999.9,M, -9999.9,M, -9999.9,M
1916,   -26.0, ,    -9.6, ,    -6.0, ,     5.0, ,     7.9, ,    12.2, ,    14.5, ,    13.2, ,     9.3, ,     4.2, ,    -2.3, ,   -15.1, ,      .6, ,   -14.5, ,     2.3, ,    13.3, ,     3.7, 
1917,   -15.6, ,   -15.9, ,    -6.5, ,      .8, ,     8.6, ,    11.6, , -9999.9,M,    14.1, ,     9.9, , -9999.9,M,     3.7, ,   -21.1, , -9999.9,M,   -15.5, ,     1.0, , -9999.9,M, -9999.9,M
1918,   -15.2, ,   -11.6, ,    -5.0, ,     4.2, ,     7.1, ,    13.4, ,    14.7, ,    14.6, ,    10.3, ,     4.3, ,    -1.2, , -9999.9,M, -9999.9,M,   -16.0, ,     2.1, ,    14.2, ,     4.5, 
1919,    -6.2, ,   -15.9, ,   -11.3, ,     5.8, ,     8.5, ,    13.1, ,    15.3, ,    14.7, ,    10.2, ,    -3.0, ,   -10.4, ,   -12.2, ,      .7, , -9999.9,M,     1.0, ,    14.4, ,    -1.1, 
1920,   -16.9, ,    -6.8, ,    -8.3, ,    -3.9, ,     7.9, ,    11.6, ,    16.9, ,    13.6, ,     8.7, ,     3.1, ,    -3.7, ,   -11.1, ,      .9, ,   -12.0, ,    -1.4, ,    14.0, ,     2.7, 
1921,   -13.5, ,    -7.6, ,    -7.9, ,     3.9, ,     9.0, ,    14.3, ,    14.8, ,    13.0, ,     7.7, ,     6.2, ,    -8.1, ,   -10.4, ,     1.8, ,   -10.7, ,     1.7, ,    14.0, ,     1.9, 
1922,   -12.8, ,   -18.8, ,    -6.6, ,     2.9, ,     9.5, ,    13.6, ,    15.0, ,    15.4, ,    10.5, ,     5.0, ,    -2.1, ,   -14.1, ,     1.5, ,   -14.0, ,     1.9, ,    14.7, ,     4.5, 
1923,   -14.0, ,   -10.9, ,    -6.5, ,     3.1, ,     8.8, ,    14.4, ,    15.7, ,    14.5, ,    10.5, ,     5.7, ,      .8, ,    -6.6, ,     3.0, ,   -13.0, ,     1.8, ,    14.9, ,     5.7, 
1924,   -14.6, ,    -5.9, ,    -4.6, ,     2.0, ,     9.8, ,    11.7, ,    16.2, ,    13.7, ,    10.3, ,     5.3, ,    -5.1, ,   -16.5, ,     1.9, ,    -9.0, ,     2.4, ,    13.9, ,     3.5, 
1925,   -15.0, ,   -13.7, ,    -6.3, ,     5.3, ,    11.0, ,    13.6, ,    16.3, ,    14.1, ,     8.4, ,      .1, ,    -4.3, ,    -5.1, ,     2.0, ,   -15.1, ,     3.3, ,    14.7, ,     1.4, 
1926,    -5.5, ,    -6.9, ,     -.5, ,     5.7, ,    10.5, ,    12.1, ,    16.7, ,    12.6, ,     5.5, ,     4.7, ,    -7.0, ,   -11.3, ,     3.1, ,    -5.8, ,     5.2, ,    13.8, ,     1.1, 
1927,   -14.1, ,   -14.1, ,    -4.7, ,      .8, ,     7.4, ,    13.8, ,    15.6, ,    15.0, ,     9.4, ,     4.3, ,   -13.1, ,   -19.5, ,      .1, ,   -13.2, ,     1.2, ,    14.8, ,      .2, 
1928,    -9.0, ,    -5.5, ,    -3.7, ,      .7, ,    12.6, ,    13.1, ,    16.0, ,    13.4, ,    10.4, ,     1.8, ,    -1.3, ,    -6.7, ,     3.5, ,   -11.3, ,     3.2, ,    14.2, ,     3.6, 
1929,   -19.0, ,   -13.2, ,    -1.5, ,     1.2, ,     8.8, ,    14.1, ,    15.5, ,    15.0, ,     8.8, ,     6.2, ,    -1.0, ,   -12.8, ,     1.8, ,   -13.0, ,     2.8, ,    14.9, ,     4.7, 
1930,   -19.0, ,    -6.2, ,    -3.5, ,     5.8, ,     8.6, ,    12.8, ,    15.9, ,    16.2, ,     9.7, ,     1.0, ,    -2.6, ,    -3.7, ,     2.9, ,   -12.7, ,     3.6, ,    15.0, ,     2.7, 
1931,    -5.8, ,     -.8, ,    -7.0, ,     5.1, ,    10.1, ,    13.0, ,    15.3, ,    14.9, ,     9.6, ,     5.0, ,    -6.1, ,    -9.9, ,     3.6, ,    -3.4, ,     2.7, ,    14.4, ,     2.8, 
1932,   -14.5, ,   -13.1, ,   -10.6, ,     5.3, ,    11.1, ,    14.4, ,    15.4, ,    15.9, ,    11.2, ,     2.0, ,    -7.2, ,   -11.0, ,     1.6, ,   -12.5, ,     1.9, ,    15.2, ,     2.0, 
1933,   -15.2, ,   -13.1, ,    -8.0, ,     2.4, ,     9.4, ,    13.4, ,    14.7, ,    15.8, ,     9.1, ,     1.3, ,      .1, ,   -22.8, ,      .6, ,   -13.1, ,     1.3, ,    14.6, ,     3.5, 
1934,    -7.0, ,    -4.3, ,    -3.1, ,     7.2, ,    11.9, ,    12.5, ,    14.6, ,    14.4, ,     6.6, ,     4.8, ,    -3.5, ,   -12.4, ,     3.5, ,   -11.4, ,     5.3, ,    13.8, ,     2.6, 
1935,   -20.9, ,    -4.7, ,   -10.6, ,    -1.9, ,     8.8, ,    13.0, ,    16.8, ,    12.9, ,    10.3, ,     3.8, ,    -9.2, ,    -8.7, ,      .8, ,   -12.7, ,    -1.2, ,    14.2, ,     1.6, 
1936,   -19.3, ,   -28.7, ,    -5.8, ,      .8, ,    12.7, ,    13.7, ,    17.2, ,    15.3, ,     9.6, ,     6.1, ,     -.1, ,   -12.7, ,      .7, ,   -18.9, ,     2.6, ,    15.4, ,     5.2, 
1937,   -19.6, ,   -15.0, ,    -2.9, ,     5.8, ,    10.7, ,    14.0, ,    16.0, ,    13.4, ,    10.8, ,     5.8, ,    -7.7, ,   -15.0, ,     1.4, ,   -15.8, ,     4.5, ,    14.5, ,     3.0, 
1938,   -10.3, ,   -17.1, ,    -2.0, ,     4.1, ,     9.7, ,    14.7, ,    17.1, ,    13.6, ,    14.7, ,     6.8, ,    -4.7, ,    -9.3, ,     3.1, ,   -14.1, ,     3.9, ,    15.1, ,     5.6, 
1939,    -9.9, ,   -16.6, ,    -7.1, ,     5.5, ,    11.5, ,    11.5, ,    17.1, ,    15.8, ,     9.7, ,     1.3, ,     2.0, ,    -3.5, ,     3.1, ,   -11.9, ,     3.3, ,    14.8, ,     4.3, 
1940,   -16.3, ,   -11.4, ,    -4.2, ,      .5, ,    12.0, ,    13.6, ,    16.0, ,    15.6, ,    12.8, ,     6.2, ,    -9.6, ,    -9.1, ,     2.2, ,   -10.4, ,     2.8, ,    15.1, ,     3.1, 
1941,   -15.1, ,   -11.1, ,    -4.5, ,     7.4, ,    10.0, ,    15.3, ,    18.9, ,    15.3, ,     7.7, ,     5.4, ,     -.7, ,   -10.7, ,     3.2, ,   -11.8, ,     4.3, ,    16.5, ,     4.1, 
1942,    -5.9, ,   -10.3, ,    -1.4, ,     3.3, ,     9.4, ,    13.2, ,    16.4, ,    15.2, ,    10.5, ,     5.7, ,   -10.2, ,   -16.2, ,     2.5, ,    -9.0, ,     3.8, ,    14.9, ,     2.0, 
1943,   -19.5, ,    -7.0, ,   -10.2, ,     5.4, ,     8.1, ,    11.8, ,    16.5, ,    14.7, ,    11.1, ,     5.9, ,      .7, ,    -3.7, ,     2.8, ,   -14.2, ,     1.1, ,    14.3, ,     5.9, 
1944,    -8.3, ,   -10.4, ,    -6.3, ,     7.0, ,    11.3, ,    13.8, ,    15.9, ,    14.5, ,    11.1, ,     8.1, ,    -4.6, ,    -9.0, ,     3.6, ,    -7.5, ,     4.0, ,    14.7, ,     4.9, 
1945,   -12.3, ,   -10.8, ,    -2.4, ,     -.4, ,     8.8, ,    12.6, ,    16.3, ,    15.6, ,     9.2, ,     4.3, ,   -12.3, ,   -14.3, ,     1.2, ,   -10.7, ,     2.0, ,    14.8, ,      .4, 
1946,   -10.8, ,   -13.5, ,    -2.2, ,     6.4, ,     9.0, ,    12.6, ,    16.7, ,    14.2, ,    10.0, ,     2.9, ,    -7.9, ,   -13.6, ,     2.0, ,   -12.9, ,     4.4, ,    14.5, ,     1.7, 
1947,   -12.1, ,   -16.9, ,    -6.9, ,     4.5, ,     9.5, ,    13.5, ,    17.3, ,    13.4, ,     9.4, ,     6.0, ,    -4.5, ,    -8.1, ,     2.1, ,   -14.2, ,     2.4, ,    14.7, ,     3.6, 
1948,    -7.5, ,   -16.2, ,    -9.7, ,    -4.0, ,    11.2, ,    15.5, ,    16.5, ,    14.6, ,    10.6, ,     5.9, ,    -4.0, ,   -15.3, ,     1.5, ,   -10.6, ,     -.8, ,    15.5, ,     4.2, 
1949,   -16.5, ,   -19.1, ,    -4.3, ,     8.1, ,    10.7, ,    13.6, ,    16.2, ,    16.3, ,    11.2, ,     3.3, ,     3.1, ,   -17.2, ,     2.1, ,   -17.0, ,     4.8, ,    15.4, ,     5.9, 
1950,   -28.7, ,   -13.1, ,    -8.8, ,     1.5, ,     9.3, ,    15.1, ,    16.9, ,    13.8, ,    11.5, ,     1.7, ,   -10.8, ,   -11.5, ,     -.3, ,   -19.7, ,      .7, ,    15.3, ,      .8, 
1951,   -17.9, ,   -13.4, ,   -12.2, ,     2.5, ,    10.9, ,    12.0, ,    16.0, ,    13.1, ,     8.4, ,      .2, ,    -5.8, ,   -15.5, ,     -.1, ,   -14.3, ,      .4, ,    13.7, ,      .9, 
1952,   -18.8, ,   -10.2, ,    -8.5, ,     7.0, ,    11.3, ,    13.6, ,    15.6, ,    14.8, ,    12.1, ,     6.7, ,    -1.1, ,    -6.5, ,     3.0, ,   -14.8, ,     3.3, ,    14.7, ,     5.9, 
1953,   -16.6, ,    -5.9, ,    -5.8, ,      .8, ,    10.3, ,    13.2, ,    15.3, ,    15.3, ,    10.3, ,     7.6, ,     -.6, ,    -4.7, ,     3.3, ,    -9.7, ,     1.8, ,    14.6, ,     5.8, 
1954,   -22.2, ,    -5.8, ,    -6.4, ,    -3.7, ,     8.1, ,    11.9, ,    15.9, ,    13.7, ,     9.7, ,     4.4, ,      .9, ,    -4.9, ,     1.8, ,   -10.9, ,     -.7, ,    13.8, ,     5.0, 
1955,    -9.1, ,   -10.2, ,    -9.6, ,     3.1, ,     8.8, ,    14.9, ,    16.5, ,    14.5, ,     8.9, ,     4.3, ,   -16.2, ,   -17.6, ,      .7, ,    -8.1, ,      .8, ,    15.3, ,    -1.0, 
1956,   -19.5, ,   -14.6, ,    -7.1, ,     1.3, ,    11.7, ,    14.4, ,    16.3, ,    15.7, ,     9.6, ,     2.7, ,      .7, ,   -11.7, ,     1.6, ,   -17.2, ,     2.0, ,    15.5, ,     4.3, 
1957,   -15.4, ,   -13.1, ,    -5.7, ,     4.2, ,    11.7, ,    13.7, ,    15.5, ,    13.8, ,    12.5, ,     1.3, ,    -1.8, ,    -8.3, ,     2.4, ,   -13.4, ,     3.4, ,    14.3, ,     4.0, 
1958,    -8.5, ,   -14.0, ,    -6.9, ,     4.2, ,    13.3, ,    14.0, ,    16.3, ,    16.9, ,     9.9, ,     6.2, ,    -4.6, ,    -9.9, ,     3.1, ,   -10.3, ,     3.5, ,    15.7, ,     3.8, 
1959,   -19.7, ,   -11.5, , -9999.9,M,     4.6, ,     8.3, ,    13.1, ,    17.0, ,    13.0, ,     9.0, ,     2.7, ,    -5.3, ,    -4.2, , -9999.9,M,   -13.7, , -9999.9,M,    14.4, ,     2.1, 
1960,   -14.9, ,   -11.2, ,    -7.4, ,     5.1, ,     9.1, ,    13.1, ,    18.1, ,    14.9, ,    10.8, ,     6.5, ,    -5.3, ,    -7.0, ,     2.7, ,   -10.1, ,     2.3, ,    15.4, ,     4.0, 
1961,    -8.3, ,    -8.7, ,    -2.4, ,     3.1, ,    11.3, ,    18.0, ,    17.1, ,    17.9, ,     8.5, ,     4.1, ,    -5.7, ,   -17.3, ,     3.1, ,    -8.0, ,     4.0, ,    17.7, ,     2.3, 
1962,   -11.8, ,   -15.2, ,    -9.1, ,     4.4, ,     9.7, ,    14.4, ,    14.6, ,    14.7, ,    11.0, ,     6.7, ,     -.3, ,    -6.4, ,     2.7, ,   -14.8, ,     1.7, ,    14.6, ,     5.8, 
1963,   -14.6, ,    -6.7, ,    -1.5, ,     4.4, ,     9.2, ,    14.2, , -9999.9,M,    16.3, ,    14.3, ,     7.9, ,    -6.9, ,   -10.4, , -9999.9,M,    -9.2, ,     4.0, , -9999.9,M,     5.1, 
1964,   -11.0, ,    -3.0, ,    -9.4, ,     4.5, ,    10.3, ,    14.5, ,    17.1, ,    14.3, ,     8.4, ,     7.2, ,    -5.4, ,   -20.2, ,     2.3, ,    -8.1, ,     1.8, ,    15.3, ,     3.4, 
1965,   -15.6, ,   -12.5, ,    -9.9, ,     2.1, ,     9.6, ,    13.4, ,    17.2, ,    16.9, ,     6.0, ,     7.6, ,    -7.7, ,   -11.7, ,     1.3, ,   -16.1, ,      .6, ,    15.8, ,     2.0, 
1966,   -23.3, ,   -11.0, ,    -6.1, ,     1.0, ,    11.4, ,    12.8, ,    15.9, ,    14.3, ,    12.7, ,     5.0, ,    -9.9, ,   -11.4, ,     1.0, ,   -15.3, ,     2.1, ,    14.3, ,     2.6, 
1967,   -16.0, ,    -9.6, ,   -10.5, ,     -.8, ,     9.6, ,    13.4, ,    16.5, ,    17.4, ,    14.8, ,     5.3, ,    -2.9, ,   -10.2, ,     2.3, ,   -12.3, ,     -.6, ,    15.8, ,     5.7, 
1968,   -15.9, ,    -7.6, ,     1.2, ,     3.7, ,     9.9, ,    13.3, ,    16.6, ,    13.4, ,    10.2, ,     4.6, ,    -2.1, ,   -17.1, ,     2.5, ,   -11.2, ,     4.9, ,    14.4, ,     4.2, 
1969,   -28.0, ,   -14.2, ,    -6.6, ,     6.4, ,    10.8, ,    14.7, ,    15.7, ,    15.7, ,    10.0, ,     2.2, ,    -1.9, ,    -7.6, ,     1.4, ,   -19.8, ,     3.5, ,    15.4, ,     3.4, 
1970,   -17.5, ,    -6.6, ,    -7.5, ,     3.2, ,    10.6, ,    17.3, ,    17.0, ,    15.8, ,    10.1, ,     3.5, ,    -9.4, ,   -18.2, ,     1.5, ,   -10.6, ,     2.1, ,    16.7, ,     1.4, 
1971,   -18.7, ,    -8.6, ,    -8.0, ,     3.7, ,    12.3, ,    13.7, ,    15.8, ,    17.8, ,     9.5, ,     4.4, ,    -3.6, ,   -16.5, ,     1.8, ,   -15.2, ,     2.7, ,    15.8, ,     3.4, 
1972,   -18.3, ,   -16.1, ,    -5.2, ,     3.3, ,    11.4, ,    15.2, ,    14.5, ,    17.1, ,     6.6, ,     4.1, ,    -3.8, ,   -15.5, ,     1.1, ,   -17.0, ,     3.2, ,    15.6, ,     2.3, 
1973,   -11.2, ,   -10.1, ,    -2.1, ,     3.4, ,    11.8, ,    14.6, ,    15.9, ,    15.0, ,    10.4, ,     3.9, ,   -14.2, ,   -12.2, ,     2.1, ,   -12.3, ,     4.4, ,    15.2, ,      .0, 
1974,   -18.4, ,    -9.4, ,   -11.2, ,     3.2, ,     8.3, ,    15.1, ,    15.9, ,    13.5, ,     9.5, ,     7.3, ,    -2.0, ,    -4.9, ,     2.2, ,   -13.3, ,      .1, ,    14.8, ,     4.9, 
1975,   -11.0, ,   -14.0, ,    -8.5, ,     -.3, ,     9.6, ,    13.7, ,    18.1, ,    12.9, ,    11.4, ,     4.4, ,    -3.8, ,   -11.0, ,     1.8, ,   -10.0, ,      .3, ,    14.9, ,     4.0, 
1976,   -11.3, ,    -7.9, ,    -4.9, ,     6.6, ,    12.4, ,    12.7, ,    16.2, ,    16.7, ,    12.5, ,     4.6, ,     -.5, ,    -8.5, ,     4.1, ,   -10.1, ,     4.7, ,    15.2, ,     5.5, 
1977,   -11.3, ,    -1.0, ,    -2.1, ,     8.3, ,    11.3, ,    16.0, ,    15.6, ,    13.2, ,    10.0, ,     6.1, ,    -5.1, ,   -15.6, ,     3.8, ,    -6.9, ,     5.8, ,    14.9, ,     3.7, 
1978,   -17.1, ,   -12.3, ,    -2.8, ,     5.3, ,    10.4, ,    16.0, ,    17.0, ,    14.5, , -9999.9,M,     6.8, ,    -7.1, ,   -11.8, , -9999.9,M,   -15.0, ,     4.3, ,    15.8, , -9999.9,M
1979,   -15.5, ,   -22.5, ,    -1.0, ,     1.4, ,     8.9, ,    14.5, ,    16.9, ,    15.8, ,    12.9, ,     7.6, ,    -1.6, ,    -9.4, ,     2.3, ,   -16.6, ,     3.1, ,    15.7, ,     6.3, 
1980,   -16.3, ,    -9.8, ,    -6.8, ,     8.6, ,    12.3, ,    15.1, ,    16.1, ,    13.2, ,     9.8, ,     6.6, ,      .2, ,   -14.7, ,     2.9, ,   -11.8, ,     4.7, ,    14.8, ,     5.5, 
1981,    -5.6, ,    -6.0, ,     1.0, ,     5.5, ,    11.9, ,    13.0, ,    16.6, ,    18.2, ,    12.3, ,     4.6, ,      .8, ,   -10.3,E,     5.2,E,    -8.8, ,     6.1, ,    15.9, ,     5.9, 
1982,   -22.8, ,   -15.1, ,    -7.6,E,     -.1, ,    10.4, ,    15.6,E,    16.3,E,    13.6,E,    11.4, ,     5.8,E,    -8.7,E,    -8.6,E,      .9,E,   -16.1,E,      .9,E,    15.2,E,     2.8,E
1983,    -9.5,E,    -7.4, ,    -4.0, ,     5.7, ,    10.7,E,    14.1,E,    16.7, ,    17.2,E,     9.0, ,     5.4, ,    -3.2, ,   -19.4,E,     2.9,E,    -8.5,E,     4.1,E,    16.0,E,     3.7, 
1984,    -7.3,E,    -2.2, ,    -2.3, ,     6.1, ,     9.4,E,    14.0,E,    16.5,E,    16.9, ,     7.8, ,     1.6, ,   -10.0, ,   -17.3,E,     2.8,E,    -9.6,E,     4.4,E,    15.8,E,     -.2, 
1985,    -8.7, ,   -12.3, ,    -2.5, ,     5.2, ,    12.7, ,    13.1, ,    16.8, ,    14.4, ,     7.8, ,     3.7, ,   -13.4, ,    -5.1, ,     2.6, ,   -12.8,E,     5.1, ,    14.8, ,     -.6, 
1986,    -5.6, ,   -12.0, ,     1.8, ,     4.4, ,    11.9, ,    15.2, ,    15.1, ,    16.1, ,     8.2, ,     7.3, ,    -8.1, ,    -5.7, ,     4.1, ,    -7.6, ,     6.0, ,    15.5, ,     2.5, 
1987,    -5.5, ,    -3.6, ,    -3.8, ,     7.3, ,    11.7, ,    16.0, ,    16.7, ,    13.3, ,    13.6, ,     6.5, ,      .3,E,    -4.9, ,     5.6,E,    -4.9, ,     5.1, ,    15.3, ,     6.8,E
1988,   -11.6, ,    -8.0, ,     1.8, ,     6.7, ,    13.1, ,    15.9, ,    16.0, ,    15.7, ,    10.7, ,     6.7, ,    -4.2, ,    -6.6, ,     4.7, ,    -8.2, ,     7.2, ,    15.9, ,     4.4, 
1989,    -9.5, ,   -14.8, ,    -9.8, ,     5.4, ,    10.1,E,    15.2, ,    16.9, ,    15.4, ,    11.2, ,     4.7, ,    -3.1, ,    -7.4, ,     2.9,E,   -10.3, ,     1.9,E,    15.8, ,     4.3, 
1990,    -7.5, ,   -10.4, ,      .0, ,     4.7, ,    10.6, ,    14.5, ,    16.2,E,    16.0,E,    12.9,E,     3.0,E,    -7.5,E,   -14.4, ,     3.2,E,    -8.4, ,     5.1, ,    15.6,E,     2.8,E
1991,   -12.1, ,    -1.7, ,    -6.7,E,     6.2, ,    10.4,E,    13.6,E,    16.2,E,    17.8, ,    11.3,E,      .5,E,    -5.7, ,    -8.5, ,     3.4,E,    -9.4, ,     3.3,E,    15.9,E,     2.0,E
1992,    -7.2,E,    -8.3, ,     1.7, ,     5.3, ,     9.4,E,    15.0,E,    14.6, ,    13.8,E,     8.3, ,     3.9,E,    -2.9, ,   -14.8, ,     3.2,E,    -8.0,E,     5.5,E,    14.5,E,     3.1,E
1993,   -14.7, ,    -9.6, ,    -2.8, ,     4.7,E,    12.1,E,    13.4, ,    14.4, ,    14.3,E,    10.4,E,     5.5, ,    -4.6, ,    -6.1, ,     3.1,E,   -13.0, ,     4.7,E,    14.0,E,     3.8,E
1994,   -16.1, ,   -18.6, ,     -.6, ,     6.0, ,    11.5, ,    13.9, ,    16.8, ,    15.7,E,    13.0, ,     4.7,E,    -5.4, ,   -11.3, ,     2.5,E,   -13.6, ,     5.6, ,    15.5,E,     4.1,E
1995,   -12.7, ,    -9.2, ,    -3.8, ,     3.7, ,    10.6, ,    15.0, ,    16.0,E,    12.8, ,    11.8, ,     4.5, ,    -8.3, ,   -15.2, ,     2.1,E,   -11.1, ,     3.5, ,    14.6,E,     2.7, 
1996,   -20.4,E,    -9.7,E,    -7.1, ,     5.1,E,     7.5, ,    13.2, ,    15.7,E,    15.8, ,     8.9, ,     3.4, ,   -11.7, ,   -17.5, ,      .3,E,   -15.1,E,     1.8,E,    14.9,E,      .2, 
1997,   -16.7, ,    -5.4, ,    -7.0,E,     1.7, ,    10.2, ,    14.7,E,    16.1, ,    15.9,E,    12.1,E,     3.3, ,    -1.6, ,    -2.7, ,     3.4,E,   -13.2, ,     1.6,E,    15.6,E,     4.6,E
1998,   -17.8,E,    -5.7,E,    -2.4, ,     7.3, ,    14.4, ,    14.5,E,    18.3, ,    18.6, ,    12.7, ,     6.0, ,    -5.6, ,   -11.4, ,     4.1,E,    -8.7,E,     6.4, ,    17.1,E,     4.4, 
1999,   -13.3, ,    -7.9, ,    -5.8, ,     5.0, ,     9.2, ,    13.3, ,    14.8, ,    16.0, ,    10.2, ,     5.5,E,    -3.2, ,    -3.7,E,     3.3,E,   -10.9, ,     2.8, ,    14.7, ,     4.2,E
2000,   -13.8, ,   -10.0, ,    -2.7, ,     4.7, ,     9.4, ,    13.6,E,    17.2, ,    15.1, ,    10.9,E,     5.3,E,    -4.3, ,   -12.7,E,     2.7,E,    -9.2,E,     3.8, ,    15.3,E,     4.0,E
2001,    -3.3,E, -9999.9,M,     -.6, ,     5.3,E,    11.8, ,    13.8, ,    16.8, ,    17.1, ,    12.3, ,     3.4,E,    -1.1, ,   -10.9,E, -9999.9,M, -9999.9,M,     5.5,E,    15.9, ,     4.9,E
2002,   -10.3, ,    -4.9, ,   -12.8, ,     -.8,E,     9.3, ,    15.9,E,    18.3,E,    14.9,E,    10.4, ,     2.1, ,     -.1, ,    -5.2, ,     3.1,E,    -8.7,E,    -1.4,E,    16.4,E,     4.1, 
2003,   -11.6,E,    -9.1, ,    -7.8, ,     4.1,E,     9.9,E,    14.6,E,    17.5,E,    17.2,E,    10.8, ,     6.7,E,    -8.7,E,    -9.5, ,     2.8,E,    -8.6,E,     2.1,E,    16.4,E,     2.9,E
2004,   -14.4,E,    -7.0, ,    -1.5, ,     6.3, ,     9.4, ,    14.4, ,    16.9, ,    14.9, ,     9.8, ,     2.6, ,     -.3, ,    -8.4, ,     3.6,E,   -10.3,E,     4.7, ,    15.4, ,     4.0, 
2005,   -13.0, ,    -6.1, ,    -1.6, ,     6.5, ,    11.2, ,    14.0, ,    16.2, ,    14.0, ,     9.6, ,     5.0, ,     -.1, ,    -5.9, ,     4.2, ,    -9.2, ,     5.4, ,    14.7, ,     4.8, 
2006,    -4.6, ,    -6.3, ,    -6.5, ,     7.4, ,    12.1, ,    16.0, ,    18.5, ,    15.5, ,    11.9, ,     3.2, ,   -10.8, ,    -6.3,E,     4.2,E,    -5.6, ,     4.3, ,    16.7, ,     1.4, 
2007,    -8.1, ,   -11.8, ,    -2.7, ,     2.5,E,    10.0, ,    14.7, ,    18.8, ,    13.5, ,    10.2,E,     6.1, ,    -3.4,E, -9999.9,M, -9999.9,M,    -8.7,E,     3.3,E,    15.7, ,     4.3,E
2008, -9999.9,M, -9999.9,M, -9999.9,M, -9999.9,M, -9999.9,M, -9999.9,M, -9999.9,M, -9999.9,M, -9999.9,M, -9999.9,M, -9999.9,M, -9999.9,M, -9999.9,M, -9999.9,M, -9999.9,M, -9999.9,M, -9999.9,M
2009, -9999.9,M, -9999.9,M, -9999.9,M, -9999.9,M, -9999.9,M, -9999.9,M, -9999.9,M, -9999.9,M, -9999.9,M, -9999.9,M, -9999.9,M, -9999.9,M, -9999.9,M, -9999.9,M, -9999.9,M, -9999.9,M, -9999.9,M
2010, -9999.9,M, -9999.9,M, -9999.9,M, -9999.9,M, -9999.9,M, -9999.9,M, -9999.9,M, -9999.9,M, -9999.9,M, -9999.9,M, -9999.9,M, -9999.9,M, -9999.9,M, -9999.9,M, -9999.9,M, -9999.9,M, -9999.9,M
2011, -9999.9,M, -9999.9,M, -9999.9,M, -9999.9,M, -9999.9,M, -9999.9,M, -9999.9,M, -9999.9,M, -9999.9,M, -9999.9,M, -9999.9,M, -9999.9,M, -9999.9,M, -9999.9,M, -9999.9,M, -9999.9,M, -9999.9,M
2012, -9999.9,M, -9999.9,M, -9999.9,M, -9999.9,M, -9999.9,M, -9999.9,M, -9999.9,M, -9999.9,M, -9999.9,M, -9999.9,M, -9999.9,M, -9999.9,M, -9999.9,M, -9999.9,M, -9999.9,M, -9999.9,M, -9999.9,M
