3024925,OLDS           ,AB, station joined    , Monthly mean of homogenized daily mean temperature                     , °C,          Updated to December 2012
3024925,OLDS           ,AB, station jointe    , Moyenne mensuelle des températures homogénéisées moyennes quotidiennes , °C, Mise à jour jusqu à décembre 2012
Year,     Jan, ,     Feb, ,     Mar, ,     Apr, ,     May, ,     Jun, ,     Jul, ,     Aug, ,     Sep, ,     Oct, ,     Nov, ,     Dec, ,  Annual, ,  Winter, ,  Spring, ,  Summer, ,  Autumn
Year,    Janv, ,     Fév, ,    Mars, ,     Avr, ,     Mai, ,    Juin, ,    Juil, ,    Août, ,    Sept, ,     Oct, ,     Nov, ,     Déc, ,  Annuel, ,   Hiver, ,Printemp, ,     Eté, , Automne
1914, -9999.9,M, -9999.9,M, -9999.9,M, -9999.9,M,     8.5, ,    12.4, ,    16.9, ,    12.7, ,     9.3, ,     6.2, ,    -2.0, ,   -12.4, , -9999.9,M, -9999.9,M, -9999.9,M,    14.0, ,     4.5, 
1915, -9999.9,M, -9999.9,M, -9999.9,M, -9999.9,M, -9999.9,M, -9999.9,M, -9999.9,M, -9999.9,M, -9999.9,M,     4.6, ,    -4.5, ,    -5.1, , -9999.9,M, -9999.9,M, -9999.9,M, -9999.9,M, -9999.9,M
1916,   -25.7, ,   -10.6, ,    -2.8, ,     5.2, ,     6.6, ,    10.0, ,    13.8, ,    12.0, ,     8.8, ,     4.0, ,    -1.2, ,   -11.1, ,      .8, ,   -13.8, ,     3.0, ,    11.9, ,     3.9, 
1917,   -10.9, ,   -13.2, , -9999.9,M, -9999.9,M,     7.8, ,    11.3, ,    15.7, , -9999.9,M, -9999.9,M, -9999.9,M, -9999.9,M, -9999.9,M, -9999.9,M,   -11.7, , -9999.9,M, -9999.9,M, -9999.9,M
1918,   -11.8, ,   -10.5, ,    -3.9, ,     3.6, ,     6.7, ,    13.1, ,    14.6, ,    14.2, ,    10.3, ,     6.3, ,     -.1, , -9999.9,M, -9999.9,M, -9999.9,M,     2.1, ,    14.0, ,     5.5, 
1919, -9999.9,M,   -13.1, ,    -9.6, , -9999.9,M,     8.2, ,    12.9, ,    15.2, ,    14.4, ,     9.2, ,    -1.8, ,    -9.1, , -9999.9,M, -9999.9,M, -9999.9,M, -9999.9,M,    14.2, ,     -.6, 
1920,   -15.7, ,    -6.6, ,    -8.1, ,    -4.2, ,     6.4, ,    11.9, ,    16.7, ,    14.7, ,    10.1, ,     3.6, ,    -3.4, ,    -9.7, ,     1.3, , -9999.9,M,    -2.0, ,    14.4, ,     3.4, 
1921,   -11.3, ,    -6.1, ,    -7.6, ,     2.6, ,     8.3, ,    14.0, ,    14.8, ,    13.2, ,     7.1, ,     7.1, ,    -8.7, ,    -9.0, ,     2.0, ,    -9.0, ,     1.1, ,    14.0, ,     1.8, 
1922,   -11.5, ,   -17.5, ,    -4.7, ,     2.2, ,     9.2, ,    13.8, ,    15.5, ,    15.3, ,    11.4, ,     6.4, ,    -1.4, ,   -14.0, ,     2.1, ,   -12.7, ,     2.2, ,    14.9, ,     5.5, 
1923,   -11.2, ,   -11.2, ,    -5.6, ,     3.2, ,     8.5, ,    13.1, ,    14.7, ,    13.1, ,     9.6, ,     5.1, ,     1.9, ,    -6.4, ,     2.9, ,   -12.1, ,     2.0, ,    13.6, ,     5.5, 
1924,    -9.6, ,    -4.5, ,    -4.0, ,      .8, ,     9.1, ,    10.5, ,    15.4, ,    12.8, ,    10.3, ,     5.7, ,    -4.7, ,   -14.1, ,     2.3, ,    -6.8, ,     2.0, ,    12.9, ,     3.8, 
1925,   -12.5, ,   -10.2, ,    -5.9, ,     4.8, ,    10.1, ,    13.2, ,    15.8, ,    13.7, ,     7.7, ,      .4, ,    -1.7, ,    -1.7, ,     2.8, ,   -12.3, ,     3.0, ,    14.2, ,     2.1, 
1926,    -3.7, ,    -4.1, ,      .4, ,     5.5, ,    10.0, ,    12.2, ,    16.7, ,    12.5, ,     4.5, ,     5.3, ,    -6.0, ,    -9.4, ,     3.7, ,    -3.2, ,     5.3, ,    13.8, ,     1.3, 
1927,   -12.2, ,   -11.2, ,    -3.7, ,     2.3, ,     6.0, ,    12.5, ,    15.0, ,    14.3, ,     8.8, ,     5.1, ,   -11.3, ,   -17.4, ,      .7, ,   -10.9, ,     1.5, ,    13.9, ,      .9, 
1928,    -6.1, ,    -4.7, ,    -2.2, ,      .6, ,    11.7, ,    11.7, ,    15.2, ,    13.0, ,    10.2, ,     2.4, ,     -.2, ,    -4.9, ,     3.9, ,    -9.4, ,     3.4, ,    13.3, ,     4.1, 
1929,   -16.5, ,   -11.1, ,    -1.0, ,     1.4, ,     8.4, ,    13.1, ,    16.4, ,    16.4, ,     9.0, ,     7.2, ,    -1.0, ,   -10.6, ,     2.6, ,   -10.8, ,     2.9, ,    15.3, ,     5.1, 
1930,   -16.8, ,    -3.9, ,    -2.1, ,     6.1, ,     7.7, ,    13.2, ,    16.4, ,    15.7, ,     9.6, ,     1.9, ,    -1.0, ,     -.3, ,     3.9, ,   -10.4, ,     3.9, ,    15.1, ,     3.5, 
1931,     -.9, ,     -.4, ,    -5.2, ,     5.3, ,    10.2, ,    13.2, ,    15.2, ,    14.8, ,     9.1, ,     6.3, ,    -4.8, ,    -6.8, ,     4.7, ,     -.5, ,     3.4, ,    14.4, ,     3.5, 
1932,   -11.7, ,   -10.3, ,    -9.1, ,     4.5, ,     9.6, ,    13.6, ,    14.6, ,    15.0, ,    10.8, ,     1.8, ,    -4.1, ,    -8.7, ,     2.2, ,    -9.6, ,     1.7, ,    14.4, ,     2.8, 
1933,   -10.2, ,   -11.0, ,    -4.4, ,     1.4, ,     8.7, ,    13.9, ,    15.4, ,    15.5, ,     8.7, ,     1.8, ,      .6, ,   -18.4, ,     1.8, ,   -10.0, ,     1.9, ,    14.9, ,     3.7, 
1934,    -5.1, ,    -3.4, ,    -3.1, ,     7.1, ,    11.7, ,    11.7, ,    15.3, ,    15.2, ,     6.6, , -9999.9,M,    -1.8, ,    -7.8, , -9999.9,M,    -9.0, ,     5.2, ,    14.1, , -9999.9,M
1935,   -15.9, ,    -1.9, ,    -8.1, ,     -.7, ,     7.3, ,    12.0, ,    15.8, ,    12.9, ,    10.3, ,     4.3, ,    -6.9, ,    -5.0, ,     2.0, ,    -8.5, ,     -.5, ,    13.6, ,     2.6, 
1936,   -14.2, ,   -25.6, ,    -5.9, ,     1.8, ,    13.0, ,    13.4, ,    18.3, ,    16.1, ,     9.5, ,     6.5, ,     1.3, ,   -10.2, ,     2.0, ,   -14.9, ,     3.0, ,    15.9, ,     5.8, 
1937,   -18.6, ,   -13.1, ,    -4.4, ,     4.2, ,    10.0, ,    14.2, ,    15.9, ,    13.3, ,    11.2, ,     6.2, ,    -5.9, ,   -11.4, ,     1.8, ,   -14.0, ,     3.3, ,    14.5, ,     3.8, 
1938,    -6.7, ,   -16.0, ,    -1.0, ,     3.4, ,     9.1, ,    14.5, ,    17.2, ,    13.6, ,    15.7, ,     7.5, ,    -3.4, ,    -6.5, ,     4.0, ,   -11.4, ,     3.8, ,    15.1, ,     6.6, 
1939,    -5.8, ,   -14.1, ,    -5.0, ,     5.4, ,    11.2, ,    10.2, ,    17.2, ,    16.1, ,    10.7, ,     2.4, ,     3.5, ,    -1.2, ,     4.2, ,    -8.8, ,     3.9, ,    14.5, ,     5.5, 
1940,   -13.0, ,   -10.7, ,    -3.6, ,      .7, ,    11.7, ,    13.6, ,    16.3, ,    16.4, ,    13.4, ,     6.8, ,    -8.2, ,    -4.7, ,     3.2, ,    -8.3, ,     2.9, ,    15.4, ,     4.0, 
1941,    -9.5, ,    -7.5, ,    -2.2, ,     7.1, ,     9.2, ,    14.3, ,    18.6, ,    15.8, ,     7.8, ,     5.5, ,      .4, ,    -6.6, ,     4.4, ,    -7.2, ,     4.7, ,    16.2, ,     4.6, 
1942,    -3.0, ,    -9.9, ,    -1.8, ,     3.8, ,     8.7, ,    11.9, ,    15.9, ,    14.9, ,    10.5, ,     5.6, ,    -7.5, ,   -10.9, ,     3.2, ,    -6.5, ,     3.6, ,    14.2, ,     2.9, 
1943,   -16.8, ,    -4.3, ,    -9.1, ,     6.0, ,     7.7, ,    10.6, ,    16.4, ,    14.4, ,    11.0, ,     6.6, ,     1.4, ,    -1.6, ,     3.5, ,   -10.7, ,     1.5, ,    13.8, ,     6.3, 
1944,    -5.5, ,    -8.8, ,    -5.9, ,     6.6, ,    11.1, ,    12.8, ,    15.4, ,    13.8, ,    11.7, ,     9.4, ,    -3.2, ,    -6.1, ,     4.3, ,    -5.3, ,     3.9, ,    14.0, ,     6.0, 
1945,    -8.4, ,    -8.8, ,    -1.6, ,     -.5, ,     7.9, ,    11.4, ,    16.1, ,    15.4, ,     9.1, ,     5.8, ,    -9.5, ,   -10.8, ,     2.2, ,    -7.8, ,     1.9, ,    14.3, ,     1.8, 
1946,    -6.8, ,    -7.8, ,     -.1, ,     7.0, ,     9.4, ,    12.2, ,    16.4, ,    15.1, ,    10.5, ,     3.5, ,    -7.1, ,    -9.9, ,     3.5, ,    -8.5, ,     5.4, ,    14.6, ,     2.3, 
1947,    -8.8, ,   -11.6, ,    -5.7, ,     5.2, ,     9.2, ,    11.9, ,    17.3, ,    13.3, ,     9.5, ,     6.0, ,    -4.7, ,    -5.3, ,     3.0, ,   -10.1, ,     2.9, ,    14.2, ,     3.6, 
1948,    -4.7, ,   -14.5, ,    -8.4, ,    -3.4, ,     9.5, ,    14.8, ,    15.4, ,    15.0, ,    11.2, ,     7.1, ,    -1.5, ,   -13.1, ,     2.3, ,    -8.2, ,     -.8, ,    15.1, ,     5.6, 
1949,   -13.8, ,   -16.6, ,    -2.6, ,     7.7, ,    11.0, ,    13.0, ,    15.6, ,    16.1, ,    12.0, ,     2.5, ,     4.7, ,   -14.9, ,     2.9, ,   -14.5, ,     5.4, ,    14.9, ,     6.4, 
1950,   -26.5, ,    -8.8, ,    -7.1, ,     1.8, ,     8.0, ,    14.7, ,    16.0, ,    13.7, ,    11.6, ,     2.1, ,    -8.5, ,    -7.3, ,      .8, ,   -16.7, ,      .9, ,    14.8, ,     1.7, 
1951,   -14.2, ,   -11.5, ,   -11.7, ,     2.7, ,     9.7, ,    10.3, ,    15.6, ,    12.6, ,     8.3, ,     -.3, ,    -3.1, ,   -13.0, ,      .5, ,   -11.0, ,      .2, ,    12.8, ,     1.6, 
1952,   -16.5, ,    -7.1, ,    -7.7, ,     7.0, ,    10.5, ,    12.2, ,    15.1, ,    14.4, ,    11.8, ,     7.8, ,     -.9, ,    -3.6, ,     3.6, ,   -12.2, ,     3.3, ,    13.9, ,     6.2, 
1953,   -13.0, ,    -4.4, ,    -3.1, ,      .3, ,     8.6, ,    12.0, ,    15.3, ,    15.0, ,    10.9, ,     8.3, ,     2.1, ,    -3.6, ,     4.0, ,    -7.0, ,     1.9, ,    14.1, ,     7.1, 
1954,   -19.9, ,    -2.0, ,    -7.5, ,    -5.0, ,     7.6, ,    11.3, ,    15.5, ,    13.7, ,     9.4, ,     5.0, ,     3.3, ,    -2.3, ,     2.4, ,    -8.5, ,    -1.6, ,    13.5, ,     5.9, 
1955,    -7.0, ,    -9.7, ,    -9.2, ,     2.6, ,     7.4, ,    13.5, ,    15.6, ,    15.5, ,     9.1, ,     5.0, ,   -12.8, ,   -13.7, ,     1.4, ,    -6.3, ,      .3, ,    14.9, ,      .4, 
1956,   -14.6, ,   -12.5, ,    -5.3, ,     1.7, ,    11.1, ,    13.5, ,    16.5, ,    15.1, ,    10.8, ,     3.3, ,     2.0, ,    -8.2, ,     2.8, ,   -13.6, ,     2.5, ,    15.0, ,     5.4, 
1957,   -14.8, ,    -9.6, ,    -2.0, ,     3.6, ,    11.2, ,    12.5, ,    16.0, ,    13.1, ,    12.1, ,     1.4, ,    -1.1, ,    -4.0, ,     3.2, ,   -10.9, ,     4.3, ,    13.9, ,     4.1, 
1958,    -3.4, ,   -11.6, ,    -8.3, ,     3.3, ,    12.6, ,    14.0, ,    15.5, ,    17.2, ,    10.2, ,     7.2, ,    -4.0, ,    -6.7, ,     3.8, ,    -6.3, ,     2.5, ,    15.6, ,     4.5, 
1959,   -15.5, ,   -10.6, ,      .3, ,     3.6, ,     7.0, ,    12.5, ,    17.0, ,    12.6, ,     8.5, ,     3.3, ,    -5.3, ,    -2.7, ,     2.6, ,   -10.9, ,     3.6, ,    14.0, ,     2.2, 
1960,   -11.8, ,    -9.1, ,    -7.0, ,     4.4, ,     8.6, ,    12.6, ,    17.7, ,    14.7, ,    11.2, ,     6.5, ,    -5.5, ,    -5.6, ,     3.1, ,    -7.9, ,     2.0, ,    15.0, ,     4.1, 
1961,    -5.5, ,    -5.9, ,    -1.9, ,     2.5, ,    10.3, ,    17.7, ,    16.5, ,    17.9, ,     8.2, ,     3.4, ,    -4.8, ,   -13.0, ,     3.8, ,    -5.7, ,     3.6, ,    17.4, ,     2.3, 
1962,    -9.4, ,   -10.7, ,    -6.9, ,     5.9, ,     8.6, ,    14.0, ,    14.9, ,    14.1, ,    11.3, ,     7.3, ,      .7, , -9999.9,M, -9999.9,M,   -11.0, ,     2.5, ,    14.3, ,     6.4, 
1963,   -12.3, , -9999.9,M,     -.4, ,     3.7, ,     8.6, ,    13.9, ,    16.1, ,    15.9, ,    14.9, ,     8.7, ,    -4.5, ,    -8.4, , -9999.9,M, -9999.9,M,     4.0, ,    15.3, ,     6.4, 
1964,    -7.9, ,    -1.4, , -9999.9,M, -9999.9,M, -9999.9,M,    13.6, ,    15.9, ,    13.3, ,     7.9, ,     7.0, ,    -4.3, ,   -17.9, , -9999.9,M,    -5.9, , -9999.9,M,    14.3, ,     3.5, 
1965,   -14.2, ,    -9.7, ,    -9.5, ,     2.4, ,     8.6, ,    12.3, ,    16.4, ,    16.2, ,     4.8, ,     8.2, ,    -5.8, ,    -9.3, ,     1.7, ,   -13.9, ,      .5, ,    15.0, ,     2.4, 
1966,   -20.0, ,    -9.0, ,    -3.1, ,      .2, ,    10.0, ,    11.6, ,    15.2, ,    13.3, ,    12.5, ,     5.1, ,    -8.4, ,    -8.6, ,     1.6, ,   -12.8, ,     2.4, ,    13.4, ,     3.1, 
1967,   -14.3, ,    -7.4, ,    -9.9, ,    -1.8, ,     7.7, ,    12.2, ,    15.6, ,    17.0, ,    14.7, ,     4.9, ,    -2.5, ,    -7.6, ,     2.4, ,   -10.1, ,    -1.3, ,    14.9, ,     5.7, 
1968,   -12.2, ,    -5.7, ,     1.1, ,     2.7, ,     8.4, ,    12.3, ,    15.6, ,    12.8, ,    10.1, ,     4.5, ,    -1.8, ,   -14.7, ,     2.8, ,    -8.5, ,     4.1, ,    13.6, ,     4.3, 
1969,   -25.8, ,   -12.8, ,    -5.5, ,     6.3, ,    10.3, ,    13.3, ,    14.5, ,    15.1, ,    10.0, ,     1.7, ,     -.1, ,    -4.4, ,     1.9, ,   -17.8, ,     3.7, ,    14.3, ,     3.9, 
1970,   -14.6, ,    -4.1, ,    -4.6, ,     2.3, ,     9.4, ,    16.2, ,    16.8, ,    16.3, ,     9.8, ,     4.4, ,    -7.9, ,   -12.8, ,     2.6, ,    -7.7, ,     2.4, ,    16.4, ,     2.1, 
1971,   -16.2, ,    -5.9, ,    -6.8, ,     3.2, ,    11.0, ,    13.0, ,    15.4, ,    18.4, ,     9.2, ,     3.8,E,    -3.1, ,   -14.8, ,     2.3,E,   -11.6, ,     2.5, ,    15.6, ,     3.3,E
1972,   -16.8, ,   -14.4, ,    -4.0, ,     2.5, ,     9.7, ,    13.9, ,    13.8, ,    16.6, ,     5.4, ,     2.6, ,    -3.2, ,   -12.7, ,     1.1, ,   -15.3, ,     2.7, ,    14.8, ,     1.6, 
1973,    -8.0, ,    -9.1, ,    -2.5, ,     1.8, ,    10.2, ,    12.8, ,    15.1, ,    14.5, ,    10.2, ,     4.6, ,   -12.7, ,    -8.5, ,     2.4, ,    -9.9, ,     3.2, ,    14.1, ,      .7, 
1974,   -16.6, ,    -6.8, ,    -8.5, ,     3.9, ,     6.8, ,    14.9, ,    16.0, ,    12.9, ,     9.0, ,     7.2, ,    -1.4, ,    -4.0, ,     2.8, ,   -10.6, ,      .7, ,    14.6, ,     4.9, 
1975,    -9.4, ,   -12.0, ,    -7.4, ,     -.9, ,     7.6, ,    12.5, ,    17.6, ,    12.7, ,    11.5, ,     3.8, ,    -3.0, ,    -9.5, ,     2.0, ,    -8.5, ,     -.2, ,    14.3, ,     4.1, 
1976,    -8.8, ,    -7.2, ,    -4.7, ,     6.0, ,    11.2, ,    11.1, ,    15.6, ,    15.6, ,    12.4, ,     3.5, ,     -.8, ,    -6.3, ,     4.0, ,    -8.5, ,     4.2, ,    14.1, ,     5.0, 
1977,   -10.1, ,     -.8, ,    -3.1, ,     7.0, ,     9.1, ,    14.4, ,    14.1, ,    11.9, ,     8.4, ,     4.6, ,    -4.7, ,   -13.5, ,     3.1, ,    -5.7, ,     4.3, ,    13.5, ,     2.8, 
1978,   -15.5, ,   -12.8, ,    -4.0, ,     3.4, ,     8.8, ,    14.2, ,    16.0, ,    14.0, ,    10.1, ,     6.7, ,    -6.1, ,   -10.4, ,     2.0, ,   -13.9, ,     2.7, ,    14.7, ,     3.6, 
1979,   -14.7, ,   -18.2, ,     -.7, ,      .3, ,     7.3, ,    13.5, ,    16.5, ,    15.5, ,    12.8, ,     6.2, ,    -1.2, ,    -6.1, ,     2.6, ,   -14.4, ,     2.3, ,    15.2, ,     5.9, 
1980,   -14.0, ,    -8.8, ,    -7.2, ,     7.0, ,    10.6, ,    13.1, ,    15.0, ,    11.9, ,     9.3, ,     6.3, ,     -.6,E,   -11.6, ,     2.6,E,    -9.6, ,     3.5, ,    13.3, ,     5.0,E
1981,    -2.0,E,    -4.6,E,      .8, ,     4.3,E,     9.6, ,    11.8, ,    14.8, ,    17.1,E,    11.2, ,     3.7,E,     1.0,E,    -9.1,E,     4.9,E,    -6.1,E,     4.9,E,    14.6,E,     5.3,E
1982,   -20.7,E,   -12.1,E,    -6.4,E,      .2,E,     8.2,E,    13.7,E,    15.2,E,    13.7,E,    10.3,E,     5.4,E,    -6.5,E,    -7.2,E,     1.2,E,   -14.0,E,      .7,E,    14.2,E,     3.1,E
1983,    -8.0,E,    -5.0, ,    -3.6, ,     4.0,E,     9.6, ,    12.9,E,    15.2, ,    17.7, ,     8.8,E,     5.1,E,    -1.9, ,   -17.5,E,     3.1,E,    -6.7,E,     3.3,E,    15.3,E,     4.0,E
1984,    -5.3,E,     -.3,E,    -2.7,E,     5.0,E,     8.1, ,    13.1, ,    16.5,E,    16.7, ,     6.8,E,     1.6, ,    -7.1,E,   -13.7,E,     3.2,E,    -7.7,E,     3.5,E,    15.4,E,      .4,E
1985,    -7.4, ,   -10.6, ,    -2.3, ,     4.6,E,    11.2,E,    12.1, ,    17.5,E,    13.3,E,     6.1, ,     3.2,E,   -12.6, ,    -4.6, ,     2.5,E,   -10.6,E,     4.5,E,    14.3,E,    -1.1,E
1986,    -2.4, ,   -10.1, ,     1.5, ,     3.1, ,     9.8, ,    14.2, ,    13.5,E,    14.9, ,     6.4, ,     7.4, ,    -5.9, ,    -2.8, ,     4.1,E,    -5.7, ,     4.8, ,    14.2,E,     2.6, 
1987,    -2.1, ,    -2.6, ,    -3.5, ,     6.7, ,    10.9, ,    15.7, ,    15.2, ,    11.8, ,    12.4, ,     5.7, ,      .3, ,    -3.4, ,     5.6, ,    -2.5, ,     4.7, ,    14.2, ,     6.1, 
1988,   -10.1, ,    -7.0, ,      .0, ,     5.5, ,    11.8, ,    15.1, ,    15.1, ,    14.4, ,     9.7, ,     6.7, ,    -2.1, ,    -5.6, ,     4.5, ,    -6.8, ,     5.8, ,    14.9, ,     4.8, 
1989,    -8.8, ,   -14.1, ,    -9.5, ,     3.9, ,     9.0, ,    14.1, ,    16.6, ,    14.7, ,    10.2, ,     5.0, ,    -2.3, ,    -5.8, ,     2.8, ,    -9.5, ,     1.1, ,    15.1, ,     4.3, 
1990,    -7.1,E,    -8.9, ,     -.4, ,     3.6, ,     8.3, ,    12.9,E,    15.8,E,    15.8,E,    12.5,E,     3.2, ,    -5.5, ,   -12.0,E,     3.2,E,    -7.3,E,     3.8, ,    14.8,E,     3.4,E
1991,   -10.0, ,      .2,E,    -4.4,E,     5.6, ,     9.2, ,    12.5, ,    15.4,E,    17.1,E,    10.5,E,     1.0,E,    -3.7, ,    -4.1, ,     4.1,E,    -7.3,E,     3.5,E,    15.0,E,     2.6,E
1992,    -2.6, ,    -4.2,E,     2.7, ,     5.9, ,     8.7, ,    13.9, ,    13.7, ,    13.6, ,     8.8,E,     3.8,E,    -2.6,E,   -13.0,E,     4.1,E,    -3.6,E,     5.8, ,    13.7, ,     3.3,E
1993,   -12.7, ,    -8.5, ,    -1.5, ,     4.3, ,    11.0,E,    12.2, ,    13.0, ,    13.2, ,     9.4, ,     5.2, ,    -4.1, ,    -3.5, ,     3.2,E,   -11.4,E,     4.6,E,    12.8, ,     3.5, 
1994,   -12.0,E,   -15.6, ,     1.1, ,     5.4, ,    10.2,E,    13.0, ,    16.4,E,    15.3, ,    12.4, ,     3.9,E,    -4.0,E,    -6.9,E,     3.3,E,   -10.4,E,     5.6,E,    14.9,E,     4.1,E
1995,    -8.4,E,    -6.6,E,    -3.4, ,     2.4, ,     9.0, ,    13.7, ,    14.6, ,    12.3, ,    10.9, ,     3.3, ,    -6.3, ,   -11.8, ,     2.5,E,    -7.3,E,     2.7, ,    13.5, ,     2.6, 
1996,   -17.3, ,    -7.1,E,    -7.4,E,     4.2,E,     6.1,E,    12.5,E,    15.5,E,    15.8, ,     8.1,E,     3.3,E,   -11.0,E,   -14.2,E,      .7,E,   -12.1,E,     1.0,E,    14.6,E,      .1,E
1997,   -13.6, ,    -4.4,E,    -6.1, ,      .7,E,     8.7, ,    13.7,E,    15.5, ,    15.4, ,    12.0,E,     3.6, ,     -.7, ,    -1.9,E,     3.6,E,   -10.7,E,     1.1,E,    14.9,E,     5.0,E
1998,   -14.5, ,    -3.4, ,    -4.0,E,     5.9, ,    12.3,E,    12.7,E,    17.6, ,    17.7, ,    12.4, ,     6.0, ,    -2.9, ,    -9.2, ,     4.2,E,    -6.6,E,     4.7,E,    16.0,E,     5.2, 
1999,   -10.0,E,    -4.5, ,    -3.1,E,     4.5,E,     8.5,E,    12.2, ,    13.2,E,    15.4,E,    10.0,E,     5.6,E,      .3, ,     -.4, ,     4.3,E,    -7.9,E,     3.3,E,    13.6,E,     5.3,E
2000,   -10.0,E,    -7.6, ,    -1.3,E,     3.1, ,     8.7, ,    12.3, ,    16.9, ,    14.8, ,    10.1,E,     5.0,E,    -3.1,E,   -11.0, ,     3.2,E,    -6.0,E,     3.5,E,    14.7, ,     4.0,E
2001,    -2.6, ,   -11.4,E,    -1.3, ,     4.1, ,    11.0, ,    12.3, ,    16.8,E,    18.0, ,    13.3, ,     3.9, ,      .4,E,    -8.6, ,     4.7,E,    -8.3,E,     4.6, ,    15.7,E,     5.9,E
2002,    -7.9, ,    -3.9, ,   -12.3,E,      .2,E,     7.1, ,    15.1, ,    17.7, ,    14.1, ,    10.0, ,     1.7,E,     1.8, ,    -2.8, ,     3.4,E,    -6.8, ,    -1.7,E,    15.6, ,     4.5,E
2003,    -7.3, ,    -7.2, ,    -5.2,E,     3.3, ,     8.3,E,    13.7,E,    17.2, ,    17.2,E,    10.8,E,     7.1,E,    -6.0,E,    -5.6,E,     3.9,E,    -5.8, ,     2.1,E,    16.0,E,     4.0,E
2004, -9999.9,M, -9999.9,M, -9999.9,M, -9999.9,M, -9999.9,M, -9999.9,M, -9999.9,M,    14.9, , -9999.9,M, -9999.9,M, -9999.9,M, -9999.9,M, -9999.9,M, -9999.9,M, -9999.9,M, -9999.9,M, -9999.9,M
2005,   -10.9, ,    -4.6, ,     -.7, ,     5.7, ,     9.7, ,    12.1, ,    15.5, ,    12.9, ,     9.2, ,     5.1, ,     -.5, ,    -5.3, ,     4.0, , -9999.9,M,     4.9, ,    13.5, ,     4.6, 
2006,    -2.1, ,    -5.8, ,    -5.7, ,     6.4, ,    10.8,E,    14.5,E,    17.7, ,    14.5, ,    11.6, ,     2.9,E,    -7.9, ,    -3.2, ,     4.5,E,    -4.4, ,     3.8,E,    15.6,E,     2.2,E
2007,    -5.1, ,   -10.0, ,      .0,E,     2.2, ,     9.5,E,    14.1, ,    18.9,E,    13.1,E,     9.6, ,     6.1, ,    -2.1, ,    -8.7,E,     4.0,E,    -6.1, ,     3.9,E,    15.4,E,     4.5, 
2008,    -9.1,E,    -6.2,E,     -.6,E,     1.2, ,     9.8,E,    12.8,E,    15.5,E,    15.4, ,    10.8,E,     5.9,E,      .4,E,   -13.3,E,     3.6,E,    -8.0,E,     3.5,E,    14.6,E,     5.7,E
2009,    -8.0, ,    -8.9,E,    -7.1,E,     2.2,E,     8.8,E,    12.4,E,    15.9,E,    14.7,E,    13.8,E,      .5,E,      .5, ,   -14.5,E,     2.5,E,   -10.1,E,     1.3,E,    14.3,E,     4.9,E
2010,    -6.6,E,    -6.7,E,     1.8,E,     4.8, ,     7.0, ,    12.4,E,    14.5,E,    14.1, ,     8.5, ,     6.8,E,    -5.7, ,   -10.7,E,     3.4,E,    -9.3,E,     4.5,E,    13.7,E,     3.2,E
2011,   -11.0, ,   -11.4, ,    -8.2, ,      .6, ,     9.1, ,    12.8, ,    15.5, ,    15.2, ,    13.6, ,     5.0, ,    -4.1, ,    -3.7, ,     2.8, ,   -11.0,E,      .5, ,    14.5, ,     4.8, 
2012,    -7.1, ,    -5.7, ,    -1.2, ,     4.2, ,     8.3,E,    13.1, ,    17.0, ,    16.0, ,    12.7,E,      .1, ,    -5.4,E,   -12.9, ,     3.3,E,    -5.5, ,     3.8,E,    15.4, ,     2.5,E
