3023722,LACOMBE        ,AB, station joined    , Monthly mean of homogenized daily mean temperature                     , °C,          Updated to December 2012
3023722,LACOMBE        ,AB, station jointe    , Moyenne mensuelle des températures homogénéisées moyennes quotidiennes , °C, Mise à jour jusqu à décembre 2012
Year,     Jan, ,     Feb, ,     Mar, ,     Apr, ,     May, ,     Jun, ,     Jul, ,     Aug, ,     Sep, ,     Oct, ,     Nov, ,     Dec, ,  Annual, ,  Winter, ,  Spring, ,  Summer, ,  Autumn
Year,    Janv, ,     Fév, ,    Mars, ,     Avr, ,     Mai, ,    Juin, ,    Juil, ,    Août, ,    Sept, ,     Oct, ,     Nov, ,     Déc, ,  Annuel, ,   Hiver, ,Printemp, ,     Eté, , Automne
1907, -9999.9,M, -9999.9,M, -9999.9,M, -9999.9,M, -9999.9,M, -9999.9,M, -9999.9,M, -9999.9,M, -9999.9,M, -9999.9,M, -9999.9,M,    -8.3, , -9999.9,M, -9999.9,M, -9999.9,M, -9999.9,M, -9999.9,M
1908,    -8.0, ,    -8.5, ,    -8.4, ,     4.9, ,    10.5, ,    12.0, ,    16.3, ,    13.3, ,     9.9, ,     2.6, ,    -1.8, ,    -9.3, ,     2.8, ,    -8.3, ,     2.3, ,    13.9, ,     3.6, 
1909,   -20.5, ,   -14.8, ,    -5.3, ,     -.7, ,     8.4, ,    13.6, ,    15.8, ,    13.6, ,    11.8, ,     3.1, ,    -8.6, ,   -12.2, ,      .4, ,   -14.9, ,      .8, ,    14.3, ,     2.1, 
1910,   -10.1, ,   -14.6, ,     1.8, ,     6.6, ,     9.7, ,    12.6, ,    14.9, ,    12.7, ,     8.8, ,     5.2, ,    -6.0, ,    -9.0, ,     2.7, ,   -12.3, ,     6.0, ,    13.4, ,     2.7, 
1911,   -21.8, ,   -12.3, ,    -1.4, ,     1.8, ,     8.5, ,    14.0, ,    13.7, ,    12.0, ,     8.8, ,     3.8, ,    -9.1, ,    -9.7, ,      .7, ,   -14.4, ,     3.0, ,    13.2, ,     1.2, 
1912,   -14.6, ,    -6.9, ,    -7.0, ,     5.5, ,    10.0, ,    15.2, ,    13.6, ,    14.2, ,     8.0, ,     4.1, ,     -.8, ,    -5.6, ,     3.0, ,   -10.4, ,     2.8, ,    14.3, ,     3.8, 
1913,   -17.5, ,   -11.1, ,    -7.5, ,     5.9, ,     8.4, ,    13.9, ,    14.2, ,    14.2, ,    10.6, ,     2.0, ,    -1.5, ,    -6.6, ,     2.1, ,   -11.4, ,     2.3, ,    14.1, ,     3.7, 
1914,   -12.6, ,   -12.8, ,    -3.0, ,     4.5, ,     8.9, ,    13.3, ,    16.8, ,    14.5, ,    12.1, ,     5.8, ,    -2.2, ,   -12.0, ,     2.8, ,   -10.7, ,     3.5, ,    14.9, ,     5.2, 
1915,    -9.6, ,    -8.8, ,    -1.8, ,     8.5, ,    10.1, ,    11.5, ,    14.2, ,    17.7, ,     8.9, ,     5.6, ,    -4.5, ,    -8.0, ,     3.7, ,   -10.1, ,     5.6, ,    14.5, ,     3.3, 
1916,   -25.3, ,    -8.5, ,    -4.1, ,     5.0, ,     7.6, ,    12.0, ,    15.4, ,    14.0, ,     9.9, ,     4.2, ,    -3.2, ,   -14.2, ,     1.1, ,   -13.9, ,     2.8, ,    13.8, ,     3.6, 
1917,   -14.5, ,   -16.0, ,    -6.1, ,     1.3, ,     8.3, ,    12.0, ,    16.7, ,    14.7, ,    10.5, ,     2.3, ,     3.7, ,   -19.3, ,     1.1, ,   -14.9, ,     1.2, ,    14.5, ,     5.5, 
1918,   -13.8, ,   -11.6, ,    -4.1, ,     5.3, ,     7.7, ,    14.2, ,    16.5, ,    15.2, ,    11.3, ,     6.1, , -9999.9,M,    -8.2, , -9999.9,M,   -14.9, ,     3.0, ,    15.3, , -9999.9,M
1919,    -5.9, ,   -13.5, ,   -10.8, ,     6.0, ,     8.7, ,    13.7, ,    15.7, ,    14.9, ,    10.3, ,    -1.0, ,    -9.6, ,   -10.6, ,     1.5, ,    -9.2, ,     1.3, ,    14.8, ,     -.1, 
1920,   -15.0, ,    -6.7, ,    -7.0, ,    -3.3, ,     7.2, ,    12.5, ,    17.9, ,    15.3, ,    10.5, ,     4.3, ,    -3.6, ,   -10.3, ,     1.8, ,   -10.8, ,    -1.0, ,    15.2, ,     3.7, 
1921,   -13.0, ,    -7.6, ,    -6.7, ,     3.1, ,     9.4, ,    15.1, ,    15.9, ,    14.4, ,     8.0, ,     7.3, ,    -7.2, ,   -10.6, ,     2.3, ,   -10.3, ,     1.9, ,    15.1, ,     2.7, 
1922,   -12.0, ,   -17.5, ,    -5.6, ,     3.4, ,     9.8, ,    14.0, ,    15.6, ,    16.6, ,    12.1, ,     5.9, ,    -1.7, ,   -13.6, ,     2.3, ,   -13.4, ,     2.5, ,    15.4, ,     5.4, 
1923,   -11.7, ,    -9.3, ,    -4.2, ,     3.5, ,     9.5, ,    14.8, ,    16.8, ,    15.0, ,    10.9, ,     5.6, ,      .6, ,    -7.3, ,     3.7, ,   -11.5, ,     2.9, ,    15.5, ,     5.7, 
1924,   -14.4, ,    -6.6, ,    -4.2, ,     1.7, ,     9.9, ,    11.8, ,    17.3, ,    14.3, ,    11.0, ,     5.7, ,    -6.3, ,   -16.9, ,     1.9, ,    -9.4, ,     2.5, ,    14.5, ,     3.5, 
1925,   -13.7, ,   -11.3, ,    -6.3, ,     5.4, ,    11.2, ,    14.5, ,    17.3, ,    14.7, ,     8.7, ,      .5, ,    -3.8, ,    -4.4, ,     2.7, ,   -14.0, ,     3.4, ,    15.5, ,     1.8, 
1926,    -6.0, ,    -6.6, ,    -1.0, ,     5.6, ,    10.6, ,    12.7, ,    16.8, ,    12.8, ,     5.7, ,     5.3, ,    -6.5, ,   -12.1, ,     3.1, ,    -5.7, ,     5.1, ,    14.1, ,     1.5, 
1927,   -14.4, ,   -13.3, ,    -5.5, ,     1.3, ,     7.2, ,    13.6, ,    15.8, ,    15.3, ,     9.3, ,     5.1, ,   -12.0, ,   -19.0, ,      .3, ,   -13.3, ,     1.0, ,    14.9, ,      .8, 
1928,    -9.9, ,    -6.6, ,    -3.4, ,      .9, ,    12.4, ,    12.7, ,    16.7, ,    13.4, ,    10.5, ,     1.9, ,    -1.2, ,    -6.6, ,     3.4, ,   -11.8, ,     3.3, ,    14.3, ,     3.7, 
1929,   -18.8, ,   -12.9, ,    -1.6, ,     1.1, ,     8.9, ,    13.3, ,    16.2, ,    16.2, ,     8.2, ,     6.9, ,    -2.5, ,   -13.1, ,     1.8, ,   -12.8, ,     2.8, ,    15.2, ,     4.2, 
1930,   -18.6, ,    -5.5, ,    -3.2, ,     6.2, ,     8.5, ,    13.6, ,    17.0, ,    16.3, ,     9.9, ,     1.9, ,    -2.2, ,    -4.2, ,     3.3, ,   -12.4, ,     3.8, ,    15.6, ,     3.2, 
1931,    -4.9, ,    -1.5, ,    -6.1, ,     5.4, ,    10.1, ,    13.6, ,    16.1, ,    15.0, ,     9.8, ,     5.8, ,    -5.7, ,    -8.5, ,     4.1, ,    -3.5, ,     3.1, ,    14.9, ,     3.3, 
1932,   -13.3, ,   -12.3, ,    -8.8, ,     5.6, ,    10.6, ,    14.8, ,    15.8, ,    16.0, ,    11.1, ,     2.1, ,    -6.2, ,   -11.8, ,     2.0, ,   -11.4, ,     2.5, ,    15.5, ,     2.3, 
1933,   -13.7, ,   -13.3, ,    -6.5, ,     2.6, ,     9.3, ,    14.2, ,    15.9, ,    15.9, ,     9.2, ,     1.7, ,      .0, ,   -20.3, ,     1.3, ,   -12.9, ,     1.8, ,    15.3, ,     3.6, 
1934,    -8.9, ,    -5.4, ,    -2.7, ,     7.5, ,    11.9, ,    13.0, ,    15.8, ,    15.1, ,     6.9, ,     5.2, ,    -3.0, ,   -12.1, ,     3.6, ,   -11.5, ,     5.6, ,    14.6, ,     3.0, 
1935,   -19.3, ,    -5.4, ,    -9.5, ,    -1.1, ,     8.6, ,    13.0, ,    16.9, ,    13.1, ,    10.2, ,     4.0, ,    -8.7, ,    -8.9, ,     1.1, ,   -12.3, ,     -.7, ,    14.3, ,     1.8, 
1936,   -16.5, ,   -27.2, ,    -6.1, ,     1.3, ,    12.9, ,    14.3, ,    18.5, ,    16.1, ,     9.8, ,     5.9, ,     -.3, ,   -13.0, ,     1.3, ,   -17.5, ,     2.7, ,    16.3, ,     5.1, 
1937,   -19.4, ,   -14.5, ,    -3.4, ,     5.6, ,    10.6, ,    14.9, ,    16.5, ,    14.0, ,    11.2, ,     6.4, ,    -7.0, ,   -13.9, ,     1.8, ,   -15.6, ,     4.3, ,    15.1, ,     3.5, 
1938,   -10.6, ,   -17.5, ,    -2.1, ,     3.6, ,     9.9, ,    15.5, ,    17.3, ,    14.0, ,    15.7, ,     6.9, ,    -3.0, ,    -8.5, ,     3.4, ,   -14.0, ,     3.8, ,    15.6, ,     6.5, 
1939,    -8.1, ,   -15.9, ,    -6.4, ,     5.4, ,    11.4, ,    12.4, ,    17.1, ,    16.3, ,    10.5, ,     1.8, ,     2.4, ,    -1.9, ,     3.8, ,   -10.8, ,     3.5, ,    15.3, ,     4.9, 
1940,   -13.8, ,   -10.8, ,    -3.5, ,     1.2, ,    13.0, ,    13.8, ,    17.0, ,    16.3, ,    13.4, ,     6.7, ,   -10.3, ,    -9.1, ,     2.8, ,    -8.8, ,     3.6, ,    15.7, ,     3.3, 
1941,   -13.3, ,    -9.8, ,    -4.1, ,     7.5, ,     9.8, ,    15.4, ,    18.7, ,    16.0, ,     7.9, ,     6.0, ,      .3, ,    -9.1, ,     3.8, ,   -10.7, ,     4.4, ,    16.7, ,     4.7, 
1942,    -7.0, ,   -10.6, ,    -1.8, ,     4.2, ,     9.6, ,    12.9, ,    17.0, ,    15.3, ,    10.6, ,     5.2, ,    -8.8, ,   -14.3, ,     2.7, ,    -8.9, ,     4.0, ,    15.1, ,     2.3, 
1943,   -19.6, ,    -7.7, ,   -10.4, ,     5.9, ,     7.9, ,    11.2, ,    17.3, ,    15.0, ,    11.1, ,     6.3, ,      .2, ,    -5.2, ,     2.7, ,   -13.9, ,     1.1, ,    14.5, ,     5.9, 
1944,    -8.7, ,   -11.0, ,    -6.2, ,     7.1, ,    11.5, ,    13.7, ,    15.6, ,    14.9, ,    11.3, ,     8.8, ,    -4.1, ,    -8.6, ,     3.7, ,    -8.3, ,     4.1, ,    14.7, ,     5.3, 
1945,   -11.4, ,   -11.5, ,    -2.6, ,      .0, ,     9.0, ,    12.1, ,    16.7, ,    15.7, ,     9.5, ,     5.3, ,   -11.4, ,   -12.8, ,     1.6, ,   -10.5, ,     2.1, ,    14.8, ,     1.1, 
1946,    -9.9, ,    -9.7, ,      .2, ,     6.9, ,     9.2, ,    13.2, ,    17.5, ,    14.9, ,    10.2, ,     3.8, ,    -8.4, ,   -12.7, ,     2.9, ,   -10.8, ,     5.4, ,    15.2, ,     1.9, 
1947,   -11.4, ,   -14.1, ,    -5.9, ,     5.1, ,     9.8, ,    13.5, ,    18.3, ,    14.0, ,    10.1, ,     6.2, ,    -4.5, ,    -6.9, ,     2.9, ,   -12.7, ,     3.0, ,    15.3, ,     3.9, 
1948,    -6.5, ,   -15.5, ,    -9.4, ,    -3.3, ,    11.0, ,    15.5, ,    16.4, ,    15.0, ,    10.7, ,     6.0, ,    -2.6, ,   -14.8, ,     1.9, ,    -9.6, ,     -.6, ,    15.6, ,     4.7, 
1949,   -16.3, ,   -18.4, ,    -2.8, ,     7.9, ,    11.2, ,    13.4, ,    16.3, ,    16.1, ,    11.3, ,     2.6, ,     3.2, ,   -16.4, ,     2.3, ,   -16.5, ,     5.4, ,    15.3, ,     5.7, 
1950,   -28.0, ,   -11.3, ,    -7.5, ,     1.7, ,     8.7, ,    14.4, ,    16.4, ,    14.0, ,    11.1, ,     2.1, ,    -9.9, ,   -10.7, ,      .1, ,   -18.6, ,     1.0, ,    14.9, ,     1.1, 
1951,   -17.6, ,   -13.7, ,   -12.1, ,     2.4, ,    10.5, ,    11.3, ,    16.2, ,    13.3, ,     8.2, ,     -.2, ,    -5.1, ,   -14.5, ,     -.1, ,   -14.0, ,      .3, ,    13.6, ,     1.0, 
1952,   -19.8, ,   -11.0, ,    -9.7, ,     4.8, ,    10.9, ,    12.9, ,    15.5, ,    14.6, ,    11.8, ,     6.5, ,    -1.7, ,    -7.5, ,     2.3, ,   -15.1, ,     2.0, ,    14.3, ,     5.5, 
1953,   -14.8, ,    -7.7, ,    -4.4, ,      .7, ,     9.3, ,    12.8, ,    15.6, ,    15.3, ,    10.8, ,     7.7, ,      .4, ,    -4.5, ,     3.4, ,   -10.0, ,     1.9, ,    14.6, ,     6.3, 
1954,   -21.5, ,    -4.5, ,    -6.9, ,    -4.3, ,     8.2, ,    12.2, ,    16.1, ,    13.7, ,     9.6, ,     4.2, ,     1.6, ,    -4.8, ,     2.0, ,   -10.2, ,    -1.0, ,    14.0, ,     5.1, 
1955,    -8.8, ,   -12.1, ,    -9.7, ,     2.5, ,     8.3, ,    14.5, ,    16.8, ,    14.9, ,     9.6, ,     4.7, ,   -16.1, ,   -17.4, ,      .6, ,    -8.6, ,      .4, ,    15.4, ,     -.6, 
1956,   -17.9, ,   -14.2, ,    -6.8, ,     1.3, ,    11.2, ,    14.3, ,    16.5, ,    15.6, ,     9.9, ,     3.2, ,      .4, ,   -11.8, ,     1.8, ,   -16.5, ,     1.9, ,    15.5, ,     4.5, 
1957,   -16.9, ,   -12.4, ,    -4.7, ,     4.1, ,    11.4, ,    13.1, ,    16.3, ,    13.5, ,    12.4, ,      .6, ,    -1.6, ,    -6.7, ,     2.4, ,   -13.7, ,     3.6, ,    14.3, ,     3.8, 
1958,    -7.1, ,   -13.0, ,    -7.1, ,     4.0, ,    12.8, ,    13.4, ,    16.5, ,    17.4, ,    10.6, ,     6.6, ,    -4.7, ,    -9.7, ,     3.3, ,    -8.9, ,     3.2, ,    15.8, ,     4.2, 
1959,   -18.9, ,   -12.3, ,     -.1, ,     4.1, ,     7.5, ,    13.5, ,    17.5, ,    12.9, ,     8.7, ,     2.7, ,    -5.6, ,    -4.5, ,     2.1, ,   -13.6, ,     3.8, ,    14.6, ,     1.9, 
1960,   -13.7, ,   -11.0, ,    -8.2, ,     4.8, ,     9.1, ,    12.9, ,    18.0, ,    14.5, ,    10.4, ,     6.3, ,    -5.8, ,    -7.5, ,     2.5, ,    -9.7, ,     1.9, ,    15.1, ,     3.6, 
1961,    -8.0, ,    -7.8, ,    -1.8, ,     2.6, ,    10.9, ,    18.0, ,    17.2, ,    17.8, ,     8.2, ,     2.7, ,    -5.5, ,   -16.0, ,     3.2, ,    -7.8, ,     3.9, ,    17.7, ,     1.8, 
1962,   -11.3, ,   -13.0, ,    -8.0, ,     6.1, ,     9.6, ,    14.2, ,    14.8, ,    14.8, ,    10.9, ,     7.1, ,     -.2, ,    -7.4, ,     3.1, ,   -13.4, ,     2.6, ,    14.6, ,     5.9, 
1963,   -14.6, ,    -5.2, ,    -1.0, ,     3.9, ,     9.1, ,    14.3, ,    16.6, ,    15.7, ,    13.8, ,     7.8, ,    -6.4, ,   -11.5, ,     3.5, ,    -9.1, ,     4.0, ,    15.5, ,     5.1, 
1964,   -11.1, ,    -3.0, ,    -7.7, ,     3.9, ,    10.2, ,    13.8, ,    17.0, ,    14.3, ,     8.1, ,     6.5, ,    -4.3, ,   -19.9, ,     2.3, ,    -8.5, ,     2.1, ,    15.0, ,     3.4, 
1965,   -15.9, ,   -11.6, ,   -10.0, ,     2.7, ,     9.3, ,    13.2, ,    17.1, ,    16.6, ,     5.4, ,     7.8, ,    -7.4, ,   -12.0, ,     1.3, ,   -15.8, ,      .7, ,    15.6, ,     1.9, 
1966,   -22.0, ,   -10.7, ,    -4.7, ,      .7, ,    11.3, ,    12.5, ,    16.0, ,    14.2, ,    12.6, ,     4.3, ,    -9.3, ,   -10.9, ,     1.2, ,   -14.9, ,     2.4, ,    14.2, ,     2.5, 
1967,   -15.3, ,    -8.7, ,    -9.8, ,     -.7, ,     8.7, ,    13.2, ,    16.6, ,    17.5, ,    14.9, ,     5.0, ,    -2.9, ,    -9.6, ,     2.4, ,   -11.6, ,     -.6, ,    15.8, ,     5.7, 
1968,   -14.1, ,    -8.5, ,      .9, ,     3.0, ,     9.3, ,    13.0, ,    16.2, ,    13.7, ,    10.2, ,     4.7, ,    -2.6, ,   -15.7, ,     2.5, ,   -10.7, ,     4.4, ,    14.3, ,     4.1, 
1969,   -27.5, ,   -12.9, ,    -6.8, ,     6.5, ,    10.4, ,    13.8, ,    15.2, ,    15.5, ,    10.4, ,     1.9, ,    -1.9, ,    -7.3, ,     1.4, ,   -18.7, ,     3.4, ,    14.8, ,     3.5, 
1970,   -16.7, ,    -7.2, ,    -6.3, ,     3.0, ,    10.2, ,    17.0, ,    17.4, ,    15.9, ,     9.4, ,     3.6, ,    -8.7, ,   -16.3, ,     1.8, ,   -10.4, ,     2.3, ,    16.8, ,     1.4, 
1971,   -17.2, ,    -8.0, ,    -7.4, ,     3.7, ,    12.1, ,    13.4, ,    15.5, ,    18.3, ,     9.2, ,     3.8, ,    -2.9, ,   -16.6, ,     2.0, ,   -13.8, ,     2.8, ,    15.7, ,     3.4, 
1972,   -17.7, ,   -14.7, ,    -4.9, ,     2.9, ,    10.5, ,    14.7, ,    13.6, ,    16.3, ,     5.8, ,     2.4, ,    -3.1, ,   -15.3, ,      .9, ,   -16.3, ,     2.8, ,    14.9, ,     1.7, 
1973,   -11.4, ,   -10.5, ,    -2.5, ,     2.7, ,    11.1, ,    13.6, ,    15.2, ,    14.4, ,    10.0, ,     4.0, ,   -14.3, ,   -11.4, ,     1.7, ,   -12.4, ,     3.8, ,    14.4, ,     -.1, 
1974,   -18.1, ,    -9.1, ,   -10.2, ,     3.6, ,     7.7, ,    14.6, ,    15.3, ,    12.7, ,     8.6, ,     6.3, ,    -2.4, ,    -5.5, ,     2.0, ,   -12.9, ,      .4, ,    14.2, ,     4.2, 
1975,   -12.4, ,   -15.4, ,    -8.6, ,    -1.5, ,     8.8, ,    12.8, ,    17.7, ,    12.8, ,    10.9, ,     3.9, ,    -3.8, ,   -12.0, ,     1.1, ,   -11.1, ,     -.4, ,    14.4, ,     3.7, 
1976,   -11.7, ,    -8.4, ,    -5.9, ,     5.9, ,    11.4, ,    11.6, ,    16.0, ,    16.3, ,    11.9, ,     4.1, ,    -1.5, ,    -9.0, ,     3.4, ,   -10.7, ,     3.8, ,    14.6, ,     4.8, 
1977,   -12.0, ,    -3.7, ,    -3.8, ,     7.3, ,     9.9, ,    14.8, ,    14.4, ,    12.3, ,     9.0, ,     4.8, ,    -5.7, ,   -16.4, ,     2.6, ,    -8.2, ,     4.5, ,    13.8, ,     2.7, 
1978,   -16.8, ,   -13.0, ,    -3.8, ,     4.4, ,     9.5, ,    14.2, ,    16.2, ,    13.4, ,    10.2, ,     6.2, ,    -6.6, ,   -11.7, ,     1.9, ,   -15.4, ,     3.4, ,    14.6, ,     3.3, 
1979,   -16.0, ,   -21.0, ,    -1.2, ,      .6, ,     7.7, ,    13.7, ,    16.2, ,    15.1, ,    12.1, ,     6.4, ,    -3.2, ,   -10.0, ,     1.7, ,   -16.2, ,     2.4, ,    15.0, ,     5.1, 
1980,   -17.3, ,   -10.7, ,    -7.6, ,     7.7, ,    11.2, ,    14.3, ,    15.4, ,    12.2, ,     9.4, ,     6.1, ,     -.9, ,   -14.3, ,     2.1, ,   -12.7, ,     3.8, ,    14.0, ,     4.9, 
1981,    -5.8, ,    -5.9,E,      .7,E,     4.7,E,    10.6, ,    12.0,E,    15.3,E,    17.7, ,    11.6, ,     3.9, ,     -.6, ,    -9.9,E,     4.5,E,    -8.7,E,     5.3,E,    15.0,E,     5.0, 
1982,   -22.1, ,   -14.3,E,    -7.6, ,     -.1,E,     9.3, ,    14.2, ,    15.6, ,    13.7, ,    10.7, ,     5.1, ,    -8.6, ,    -9.3, ,      .6,E,   -15.4,E,      .5,E,    14.5, ,     2.4, 
1983,    -9.9, ,    -6.8,E,    -3.0,E,     4.9, ,    10.2,E,    13.5, ,    15.6,E,    16.7, ,     8.8, ,     4.8,E,    -2.7, ,   -19.7, ,     2.7,E,    -8.7,E,     4.0,E,    15.3,E,     3.6,E
1984,    -7.4, ,    -3.6, ,    -3.4,E,     5.6, ,     8.7, ,    13.5, ,    15.7, ,    16.3, ,     7.1, ,     1.6, ,    -8.4, ,   -16.4, ,     2.4,E,   -10.2, ,     3.6,E,    15.2, ,      .1, 
1985,   -10.6, ,   -12.5, ,    -3.1, ,     4.7, ,    11.8, ,    12.6, ,    16.6, ,    13.3, ,     7.0, ,     3.4, ,   -12.8, ,    -5.2, ,     2.1, ,   -13.2, ,     4.5, ,    14.2, ,     -.8, 
1986,    -4.1, ,   -11.6, ,     1.4, ,     3.4, ,    10.8, ,    14.4, ,    14.2, ,    14.9, ,     7.5, ,     6.8, ,    -8.0, ,    -6.5, ,     3.6, ,    -7.0, ,     5.2, ,    14.5, ,     2.1, 
1987,    -5.2, ,    -4.5, ,    -4.0, ,     6.7, ,    10.7, ,    15.7, ,    15.5, ,    12.3, ,    12.6, ,     5.7, ,     -.2, ,    -4.9, ,     5.0, ,    -5.4, ,     4.5, ,    14.5, ,     6.0, 
1988,   -12.1, ,    -8.0, ,      .8, ,     5.9, ,    12.1, ,    15.5, ,    15.3, ,    14.8, ,     9.9, ,     6.8, ,    -3.8, ,    -8.5, ,     4.1, ,    -8.3, ,     6.3, ,    15.2, ,     4.3, 
1989,   -11.4, ,   -15.9, ,    -9.5, ,     4.0, ,     9.5, ,    14.6, ,    16.6, ,    15.0, ,    10.8, ,     4.4, ,    -3.4, ,    -7.1, ,     2.3, ,   -11.9, ,     1.3, ,    15.4, ,     3.9, 
1990,    -9.1, ,   -10.2,E,    -2.0, ,     3.8,E,     9.6, ,    13.8, ,    15.7,E,    16.1, ,    12.4, ,     3.4, ,    -6.4, ,   -14.3,E,     2.7,E,    -8.8,E,     3.8,E,    15.2,E,     3.1, 
1991,   -12.4,E,    -1.3,E,    -5.1,E,     6.1, ,     9.8, ,    13.1, ,    15.9, ,    17.1,E,    11.1,E,      .3, ,    -5.1, ,    -8.0, ,     3.5,E,    -9.3,E,     3.6,E,    15.4,E,     2.1,E
1992,    -5.9, ,    -6.9, ,     2.3, ,     6.1, ,     8.8, ,    14.9, ,    14.2, ,    13.7,E,     8.6, ,     4.2, ,    -3.0, ,   -14.7, ,     3.5,E,    -6.9, ,     5.7, ,    14.3,E,     3.3, 
1993,   -14.7, ,   -10.8, ,    -2.3, ,     4.9, ,    11.6, ,    12.8, ,    13.4, ,    13.6, ,     9.7, ,     4.7, ,    -5.7, ,    -5.7,E,     2.6,E,   -13.4, ,     4.7, ,    13.3, ,     2.9, 
1994,   -14.6, ,   -17.6,E,      .2, ,     6.0,E, -9999.9,M, -9999.9,M, -9999.9,M, -9999.9,M, -9999.9,M, -9999.9,M, -9999.9,M, -9999.9,M, -9999.9,M,   -12.6,E, -9999.9,M, -9999.9,M, -9999.9,M
1995, -9999.9,M, -9999.9,M, -9999.9,M, -9999.9,M, -9999.9,M, -9999.9,M, -9999.9,M, -9999.9,M, -9999.9,M, -9999.9,M, -9999.9,M, -9999.9,M, -9999.9,M, -9999.9,M, -9999.9,M, -9999.9,M, -9999.9,M
1996, -9999.9,M,   -10.1,E,    -8.0,E,     4.2,E,     7.1,a,    12.9,E,    15.8,E,    15.9,E,     8.7,a,     3.7,E,   -11.4,a,   -16.8,E, -9999.9,M, -9999.9,M,     1.1,a,    14.9,E,      .3,a
1997,   -16.4,E,    -5.7,E,    -6.4,E,     1.7,E,     9.4,a,    14.3,E,    15.9,E,    15.3,a,    11.7,E,     3.2,a,    -1.7,E,    -4.0,a,     3.1,a,   -13.0,E,     1.6,a,    15.2,a,     4.4,a
1998,   -17.4,E,    -4.2,a,    -2.8,E,     6.4,E,    13.2,E,    13.2, ,    18.1,a,    17.4,E,    11.8,E,     5.8,a,    -4.5,E,   -10.7,E,     3.9,a,    -8.5,a,     5.6,E,    16.2,a,     4.4,a
1999,   -12.6,E,    -6.8,E,    -4.5,E,     5.0,E,     8.8,a,    12.5,a,    14.1,E,    15.5,E,    10.1,a,     4.9,a,    -1.9,E,    -2.9,E,     3.5,a,   -10.0,E,     3.1,a,    14.0,a,     4.4,a
2000,   -12.9,E,    -9.7,E,    -2.4,a,     3.6,a,     8.7, ,    12.9,a,    16.4,a,    14.6,E,     9.8,a,     4.5,a,    -4.3,a,   -12.4,E,     2.4,a,    -8.5,E,     3.3,a,    14.6,a,     3.3,a
2001,    -3.9,a,   -11.7,a,    -1.0,a,     4.2,a,    10.7,a,    12.9,E,    15.9,a,    16.4,E,    11.8,a,     3.4,E,    -1.8,E,   -11.3,a,     3.8,a,    -9.3,a,     4.6,a,    15.1,a,     4.5,a
2002,   -10.1,E,    -5.9,a,   -13.4,a,     -.7,a,     7.9,a,    15.2,a,    17.5,a,    13.7,a,     9.4,a,     1.0,E,      .0,E,    -5.4,E,     2.4,a,    -9.1,a,    -2.1,a,    15.5,a,     3.5,a
2003,   -11.1,a,    -8.9,a,    -7.4,a,     3.7,a,     8.6,E,    14.0,a,    16.9,E,    16.9,E,    10.0,a,     6.2,E,    -8.1,a,    -8.4,a,     2.7,a,    -8.5,a,     1.6,a,    15.9,a,     2.7,a
2004,   -14.1,a,    -6.7,a,     -.7,a,     5.5,a,     8.0,a,    13.0,a,    15.9,a,    14.2,a,     9.2,a,     2.9,a,     -.1,a,    -8.7,a,     3.2,a,    -9.7,a,     4.3,a,    14.4,a,     4.0,a
2005,   -13.0,a,    -6.6,a,    -2.1,a,     5.8,a,    10.3,a,    12.8,a,    15.6,a,    13.1,a,     8.8,a,     5.1,a,    -1.1,a,    -6.8,a,     3.5,a,    -9.4,a,     4.7,a,    13.8,a,     4.3,a
2006,    -4.7,a,    -7.1,a,    -5.6,a,     6.8,a,    11.3,a,    15.4,a,    17.6,a,    14.8,a,    11.4,a,     2.8,a,    -8.9,a,    -6.1,a,     4.0,a,    -6.2,a,     4.2,a,    15.9,a,     1.8,a
2007,    -8.1,a,   -10.3,a,     -.8,a,     2.5,a,     9.8,a,    14.9,a,    19.3,a,    13.5,a,     9.6,a,     5.8,a,    -3.3,a,   -11.2,E,     3.5,a,    -8.2,a,     3.8,a,    15.9,a,     4.0,a
2008,   -11.1,a,    -8.6,a,    -1.4,a,     1.5,a,    10.4,a,    13.6,a,    15.6,a,    15.7,a,    10.3,a,     5.3,a,      .6,a,   -14.1,a,     3.2,a,   -10.3,a,     3.5,a,    15.0,a,     5.4,a
2009,   -10.7,a,    -9.6,a,    -7.0,a,     3.3,a,     8.5,E,    12.7,a,    15.9,a,    14.5,a,    13.7,a, -9999.9,M,      .0,a,   -16.1,a, -9999.9,M,   -11.5,a,     1.6,a,    14.4,a, -9999.9,M
2010,    -9.1,a,    -6.9,a,     1.5,a,     5.1,a,     7.9,a,    13.4,E,    15.3,a,    14.5,a,     8.4,a,     6.3,a,    -6.4,a,   -12.2,a,     3.2,a,   -10.7,a,     4.8,a,    14.4,a,     2.8,a
2011,   -11.2,E,   -11.9,a,    -8.1,a,     1.8,a,    10.3,a,    13.5,a,    15.4,a,    15.5,a,    13.1,a,     4.8,a,    -4.7,a,    -5.0,a,     2.8,a,   -11.8,a,     1.3,a,    14.8,a,     4.4,a
2012,    -7.9,a,    -6.8,a,    -1.3,a,     4.2,a,     9.5,a,    14.3,a,    17.7,a,    16.4,a,    12.6,a,     1.3,a,    -6.6,E,   -14.6,a,     3.2,a,    -6.6,a,     4.1,a,    16.1,a,     2.4,a
