3036682,VAUXHALL       ,AB, station joined    , Monthly mean of homogenized daily mean temperature                     , °C,          Updated to December 2012
3036682,VAUXHALL       ,AB, station jointe    , Moyenne mensuelle des températures homogénéisées moyennes quotidiennes , °C, Mise à jour jusqu à décembre 2012
Year,     Jan, ,     Feb, ,     Mar, ,     Apr, ,     May, ,     Jun, ,     Jul, ,     Aug, ,     Sep, ,     Oct, ,     Nov, ,     Dec, ,  Annual, ,  Winter, ,  Spring, ,  Summer, ,  Autumn
Year,    Janv, ,     Fév, ,    Mars, ,     Avr, ,     Mai, ,    Juin, ,    Juil, ,    Août, ,    Sept, ,     Oct, ,     Nov, ,     Déc, ,  Annuel, ,   Hiver, ,Printemp, ,     Eté, , Automne
1913, -9999.9,M, -9999.9,M, -9999.9,M, -9999.9,M, -9999.9,M, -9999.9,M, -9999.9,M, -9999.9,M, -9999.9,M, -9999.9,M,     1.4, ,    -3.3, , -9999.9,M, -9999.9,M, -9999.9,M, -9999.9,M, -9999.9,M
1914,    -9.8, ,   -14.4, ,      .3, ,     7.1, ,    10.5, ,    15.4, ,    20.8, ,    17.2, ,    12.7, ,     6.8, ,     1.3, ,   -14.8, ,     4.4, ,    -9.2, ,     6.0, ,    17.8, ,     6.9, 
1915,   -12.4, ,    -9.1, ,    -3.5, ,     9.9, ,    10.8, ,    12.8, ,    15.4, ,    19.7, ,    10.2, ,     8.9, ,    -2.4, ,    -4.2, ,     4.7, ,   -12.1, ,     5.7, ,    16.0, ,     5.6, 
1916,   -25.1, ,    -9.4, ,    -1.4, ,     6.1, ,     8.1, ,    13.4, ,    17.4, ,    15.6, ,    10.8, , -9999.9,M,    -1.0, ,   -13.6, , -9999.9,M,   -12.9, ,     4.3, ,    15.5, , -9999.9,M
1917,   -13.3, ,   -14.7, ,    -5.3, ,     2.7, ,    10.0, ,    13.2, ,    20.7, ,    16.3, ,    11.5, ,     4.0, ,     5.3, ,   -14.3, ,     3.0, ,   -13.9, ,     2.5, ,    16.7, ,     6.9, 
1918, -9999.9,M,   -10.4, ,    -1.2, ,     5.1, ,     9.1, ,    16.6, ,    18.6, ,    17.2, ,    11.4, ,     7.3, ,     -.5, ,    -6.4, , -9999.9,M, -9999.9,M,     4.3, ,    17.5, ,     6.1, 
1919,     -.8, ,   -11.8, ,    -8.8, ,     7.2, ,    11.5, ,    16.8, ,    19.0, ,    19.2, ,    12.0, ,     -.8, ,    -8.5, ,   -10.0, ,     3.8, ,    -6.3, ,     3.3, ,    18.3, ,      .9, 
1920,   -13.1, ,    -5.9, ,    -4.0, ,      .1, ,     9.6, ,    14.6, ,    19.7, ,    17.3, ,    12.0, ,     5.4, ,      .1, ,    -7.7, ,     4.0, ,    -9.7, ,     1.9, ,    17.2, ,     5.8, 
1921,    -8.2, ,    -6.5, ,    -5.4, ,     4.7, ,     9.9, ,    16.4, ,    18.5, ,    17.1, ,     9.8, ,     9.0, ,    -6.2, ,    -9.8, ,     4.1, ,    -7.5, ,     3.1, ,    17.3, ,     4.2, 
1922,   -12.6, ,   -18.9, ,    -4.3, ,     3.9, ,    10.5, ,    15.9, ,    17.4, ,    18.5, ,    14.5, ,     7.3, ,    -1.6, ,   -12.8, ,     3.2, ,   -13.8, ,     3.4, ,    17.3, ,     6.7, 
1923,    -8.7, ,    -9.9, ,    -2.9, ,     4.2, ,    10.8, ,    15.2, ,    18.6, ,    16.4, ,    12.2, ,     6.1, ,     1.3, ,    -5.7, ,     4.8, ,   -10.5, ,     4.0, ,    16.7, ,     6.5, 
1924,   -11.6, ,    -2.4, ,    -2.5, ,     4.5, ,    11.2, ,    13.5, ,    19.0, ,    15.9, ,    13.1, ,     7.2, ,    -4.3, ,   -15.1, ,     4.0, ,    -6.6, ,     4.4, ,    16.1, ,     5.3, 
1925,   -11.5, ,   -10.0, ,    -3.3, ,     7.1, ,    11.1, ,    16.0, ,    18.8, ,    17.7, ,    10.3, ,     1.0, ,     -.6, ,    -3.2, ,     4.5, ,   -12.2, ,     5.0, ,    17.5, ,     3.6, 
1926,    -5.6, ,    -2.7, ,     1.5, ,     7.2, ,    12.2, ,    15.2, ,    20.2, ,    15.7, ,     6.4, ,     7.3, ,    -4.6, ,    -9.2, ,     5.3, ,    -3.8, ,     7.0, ,    17.0, ,     3.0, 
1927,   -10.5, ,   -11.1, ,    -1.1, ,     4.0, ,     7.9, ,    14.5, ,    17.4, ,    16.0, ,    11.0, ,     7.8, ,   -10.1, ,   -17.1, ,     2.4, ,   -10.3, ,     3.6, ,    16.0, ,     2.9, 
1928,    -6.3, ,    -4.8, , -9999.9,M,     3.5, ,    13.6, ,    12.9, ,    18.6, ,    15.4, ,    11.4, ,     3.6, ,      .2, , -9999.9,M, -9999.9,M,    -9.4, , -9999.9,M,    15.6, ,     5.1, 
1929, -9999.9,M,   -14.5, ,     1.1, ,     2.5, ,     9.7, ,    14.9, ,    18.7, ,    19.3, ,     9.2, ,     7.8, ,    -1.5, ,   -10.0, , -9999.9,M, -9999.9,M,     4.4, ,    17.6, ,     5.2, 
1930,   -18.0, ,    -1.5, ,    -1.1, ,     8.1, ,    10.3, ,    14.9, ,    18.7, ,    18.1, ,    11.0, ,     3.0, ,    -1.6, ,     -.9, ,     5.1, ,    -9.8, ,     5.8, ,    17.2, ,     4.1, 
1931,    -1.1, ,      .0, ,    -1.6, ,     6.3, ,    11.5, ,    16.0, ,    18.2, ,    17.8, ,    11.7, ,     6.6, ,    -5.2, ,    -5.8, ,     6.2, ,     -.7, ,     5.4, ,    17.3, ,     4.4, 
1932,   -12.1, ,    -9.0, ,    -8.4, ,     6.7, ,    11.9, ,    16.4, ,    18.6, ,    17.3, ,    12.2, ,     3.7, ,    -2.1, , -9999.9,M, -9999.9,M,    -9.0, ,     3.4, ,    17.4, ,     4.6, 
1933, -9999.9,M, -9999.9,M, -9999.9,M,     3.2, ,    10.2, ,    16.7, ,    19.1, ,    17.5, ,    10.8, ,     3.0, ,      .5, ,   -14.8, , -9999.9,M, -9999.9,M, -9999.9,M,    17.8, ,     4.8, 
1934,    -1.9, ,    -2.1, ,    -1.5, ,     8.1, , -9999.9,M,    14.0, ,    18.6, ,    17.1, ,     8.0, , -9999.9,M,      .4, ,    -8.5, , -9999.9,M,    -6.3, , -9999.9,M,    16.6, , -9999.9,M
1935,   -15.5, ,    -2.5, ,    -6.1, ,     1.2, ,    10.4, ,    16.1, ,    19.4, ,    16.3, ,    11.9, ,     4.6, ,    -8.3, ,    -4.7, ,     3.6, ,    -8.8, ,     1.8, ,    17.3, ,     2.7, 
1936,   -14.1, ,   -26.4, ,    -2.4, ,     3.4, ,    14.9, ,    16.3, ,    21.7, ,    18.1, ,    11.4, ,     6.8, ,      .5, ,    -9.6, ,     3.4, ,   -15.1, ,     5.3, ,    18.7, ,     6.2, 
1937,   -20.9, ,   -15.1, ,    -3.4, ,     6.7, ,    12.0, ,    15.7, ,    19.1, ,    16.0, ,    13.1, ,     8.3, ,    -4.2, ,    -8.6, ,     3.2, ,   -15.2, ,     5.1, ,    16.9, ,     5.7, 
1938,    -5.1, ,   -17.0, ,    -1.7, ,     5.6, ,    10.6, ,    16.2, ,    19.4, ,    16.0, ,    16.3, ,     8.3, ,    -2.7, ,    -5.8, ,     5.0, ,   -10.2, ,     4.8, ,    17.2, ,     7.3, 
1939,    -2.3, ,   -14.9, ,    -3.9, ,     6.9, ,    13.3, ,    12.5, ,    19.8, ,    17.6, , -9999.9,M, -9999.9,M, -9999.9,M, -9999.9,M, -9999.9,M,    -7.7, ,     5.4, ,    16.6, , -9999.9,M
1940, -9999.9,M, -9999.9,M, -9999.9,M, -9999.9,M, -9999.9,M, -9999.9,M,    18.3, ,    17.4, ,    14.4, , -9999.9,M, -9999.9,M, -9999.9,M, -9999.9,M, -9999.9,M, -9999.9,M, -9999.9,M, -9999.9,M
1941, -9999.9,M, -9999.9,M, -9999.9,M,     6.8, ,    11.3, ,    15.8, ,    20.2, ,    17.7, ,     9.2, ,     6.6, , -9999.9,M,    -5.0, , -9999.9,M, -9999.9,M, -9999.9,M,    17.9, , -9999.9,M
1942, -9999.9,M, -9999.9,M, -9999.9,M,     6.3, ,    10.0, ,    13.0, ,    17.8, ,    16.4, ,    11.8, , -9999.9,M, -9999.9,M, -9999.9,M, -9999.9,M, -9999.9,M, -9999.9,M,    15.7, , -9999.9,M
1943, -9999.9,M, -9999.9,M, -9999.9,M,     7.3, ,     8.0, ,    11.4, ,    18.3, ,    16.4, ,    12.2, , -9999.9,M, -9999.9,M, -9999.9,M, -9999.9,M, -9999.9,M, -9999.9,M,    15.4, , -9999.9,M
1944,    -5.8, ,    -6.9, ,    -6.5, ,     8.3, ,    13.5, ,    14.4, ,    18.4, ,    17.1, ,    13.6, ,    10.4, ,    -4.5, ,    -6.8, ,     5.4, , -9999.9,M,     5.1, ,    16.6, ,     6.5, 
1945,    -8.4, ,    -8.9, ,     -.3, ,     1.1, ,     8.3, ,    13.3, ,    19.8, ,    18.0, ,    10.9, ,     7.6, ,    -7.1, ,   -11.8, ,     3.5, ,    -8.0, ,     3.0, ,    17.0, ,     3.8, 
1946,    -6.6, ,    -4.9, ,     3.9, ,     8.3, ,     9.8, ,    14.2, ,    19.7, ,    17.0, ,    12.8, ,     4.0, ,    -6.9, ,    -9.3, ,     5.2, ,    -7.8, ,     7.3, ,    17.0, ,     3.3, 
1947,    -7.6, ,    -9.5, ,    -6.3, ,     6.5, ,    11.1, ,    13.6, ,    20.4, ,    16.1, ,    11.1, ,     8.8, ,    -4.4, ,    -5.0, ,     4.6, ,    -8.8, ,     3.8, ,    16.7, ,     5.2, 
1948, -9999.9,M,   -14.9, ,    -6.9, ,     1.4, ,    11.2, ,    15.6, ,    17.5, ,    17.4, ,    13.2, ,     6.3, ,     -.7, ,   -13.1, , -9999.9,M, -9999.9,M,     1.9, ,    16.8, ,     6.3, 
1949,   -15.9, ,   -16.1, ,    -4.8, ,     9.2, ,    12.3, ,    15.8, ,    18.1, ,    19.1, ,    13.5, ,     4.4, ,     5.5, ,   -13.2, ,     4.0, ,   -15.0, ,     5.6, ,    17.7, ,     7.8, 
1950,   -28.3, ,    -6.1, ,    -4.6, ,     4.7, ,    10.2, ,    15.3, ,    18.5, ,    16.7, ,    13.4, ,     5.5, ,    -4.9, ,    -8.2, ,     2.7, ,   -15.9, ,     3.4, ,    16.8, ,     4.7, 
1951,   -13.1, ,   -11.0, , -9999.9,M,     4.6, , -9999.9,M, -9999.9,M, -9999.9,M,    15.7, ,    11.0, ,     3.0, ,     -.1, , -9999.9,M, -9999.9,M,   -10.8, , -9999.9,M, -9999.9,M,     4.6, 
1952, -9999.9,M,    -6.6, ,    -6.6, ,     9.3, ,    12.2, ,    14.6, ,    17.1, ,    17.5, ,    14.1, ,     8.4, ,      .1, ,    -3.6, , -9999.9,M, -9999.9,M,     5.0, ,    16.4, ,     7.5, 
1953,    -8.5, ,    -3.5, ,    -1.7, ,     2.1, ,    10.2, ,    14.7, ,    18.2, ,    18.5, , -9999.9,M, -9999.9,M,     3.5, ,    -3.2, , -9999.9,M,    -5.2, ,     3.5, ,    17.1, , -9999.9,M
1954,   -19.2, ,     1.2, ,    -6.4, ,     -.3, ,    11.1, ,    13.8, ,    19.1, ,    16.6, ,    11.5, ,     6.5, ,     5.6, ,    -1.6, ,     4.8, ,    -7.1, ,     1.5, ,    16.5, ,     7.9, 
1955,    -8.1, ,    -9.1, ,    -7.0, ,     5.0, ,     9.3, ,    15.6, ,    18.3, ,    17.4, ,    10.8, ,     7.6, ,   -11.9, ,   -13.9, ,     2.8, ,    -6.3, ,     2.4, ,    17.1, ,     2.2, 
1956,   -15.7, ,   -12.7, ,    -2.7, ,     4.1, ,    11.8, ,    16.0, ,    19.1, ,    17.5, ,    12.6, ,     6.6, ,     1.3, ,    -6.3, ,     4.3, ,   -14.1, ,     4.4, ,    17.5, ,     6.8, 
1957,   -16.4, ,    -8.7, ,     -.3, ,     5.4, ,    13.1, ,    15.3, ,    19.5, ,    16.3, ,    13.7, ,     2.0, ,     -.1, ,    -1.2, ,     4.9, ,   -10.5, ,     6.1, ,    17.0, ,     5.2, 
1958,    -2.1, ,   -10.2, ,    -7.2, ,     5.8, ,    14.6, ,    15.3, ,    17.5, ,    19.6, ,    12.8, ,     8.2, ,    -2.2, ,    -5.6, ,     5.5, ,    -4.5, ,     4.4, ,    17.5, ,     6.3, 
1959,   -14.3, ,   -13.2, ,     2.2, ,     5.4, ,     8.2, ,    15.8, ,    19.2, ,    16.0, ,    11.2, ,     4.9, ,    -3.8, ,     -.7, ,     4.2, ,   -11.0, ,     5.3, ,    17.0, ,     4.1, 
1960,   -12.7, ,    -8.2, ,    -4.8, ,     5.1, ,    10.5, ,    15.3, ,    21.5, ,    17.9, ,    13.0, ,     8.5, ,    -2.8, ,    -6.7, ,     4.7, ,    -7.2, ,     3.6, ,    18.2, ,     6.2, 
1961,    -3.0, ,    -3.3, ,     1.7, ,     3.8, ,    12.2, ,    20.0, ,    19.5, ,    20.4, ,     9.5, ,     6.1, ,    -2.6, ,   -11.3, ,     6.1, ,    -4.3, ,     5.9, ,    20.0, ,     4.3, 
1962,    -8.6, ,   -10.7, ,    -6.3, ,     8.6, ,    11.3, ,    16.6, ,    17.5, ,    17.9, ,    12.3, ,     8.6, ,     3.0, ,    -4.4, ,     5.5, ,   -10.2, ,     4.5, ,    17.3, ,     8.0, 
1963,   -14.2, ,    -2.4, ,     2.7, ,     6.5, ,    11.1, ,    15.8, ,    18.2, ,    18.4, ,    16.3, ,     9.9, ,    -1.3, ,    -8.5, ,     6.0, ,    -7.0, ,     6.8, ,    17.5, ,     8.3, 
1964,    -6.2, ,      .3, ,    -4.6, ,     4.8, ,    11.2, ,    15.7, ,    19.8, ,    16.8, ,     9.9, ,     9.3, ,    -2.7, ,   -19.2, ,     4.6, ,    -4.8, ,     3.8, ,    17.4, ,     5.5, 
1965,   -15.0, ,    -8.5, ,    -7.7, ,     5.0, ,    10.2, ,    14.3, ,    18.9, ,    18.3, ,     6.3, ,    10.4, ,    -5.7, ,    -7.3, ,     3.3, ,   -14.2, ,     2.5, ,    17.2, ,     3.7, 
1966,   -18.9, ,    -8.5, ,      .8, ,     3.2, ,    12.1, ,    14.2, ,    18.0, ,    16.3, ,    14.4, ,     6.4, ,    -5.6, ,    -6.9, ,     3.8, ,   -11.6, ,     5.4, ,    16.2, ,     5.1, 
1967,   -11.2, ,    -5.2, ,    -5.8, ,     -.7, ,     8.8, ,    14.0, ,    18.8, ,    19.1, ,    16.9, ,     7.4, ,    -1.5, ,    -7.5, ,     4.4, ,    -7.8, ,      .8, ,    17.3, ,     7.6, 
1968,   -10.2, ,    -4.2, ,     3.6, ,     4.1, ,     9.4, ,    14.4, ,    17.2, ,    15.5, ,    12.7, ,     7.3, ,      .1, ,   -13.5, ,     4.7, ,    -7.3, ,     5.7, ,    15.7, ,     6.7, 
1969,   -25.5, ,   -13.9, ,    -5.9, ,     8.3, ,    12.3, ,    14.7, ,    17.4, ,    18.5, ,    13.1, ,     1.9, ,     1.7, ,    -4.5, ,     3.2, ,   -17.6, ,     4.9, ,    16.9, ,     5.6, 
1970, -9999.9,M, -9999.9,M, -9999.9,M,     3.9, ,    11.5, ,    18.4, ,    19.6, ,    18.6, ,    11.1, , -9999.9,M, -9999.9,M, -9999.9,M, -9999.9,M, -9999.9,M, -9999.9,M,    18.9, , -9999.9,M
1971, -9999.9,M, -9999.9,M, -9999.9,M,     6.2, ,    12.1, ,    15.5, ,    17.6, ,    21.3, ,    10.5, , -9999.9,M, -9999.9,M, -9999.9,M, -9999.9,M, -9999.9,M, -9999.9,M,    18.1, , -9999.9,M
1972, -9999.9,M, -9999.9,M, -9999.9,M,     4.8, ,    11.6, ,    16.7, ,    16.2, ,    19.4, ,     8.4, , -9999.9,M, -9999.9,M, -9999.9,M, -9999.9,M, -9999.9,M, -9999.9,M,    17.4, , -9999.9,M
1973, -9999.9,M, -9999.9,M, -9999.9,M,     4.1, ,    12.2, ,    15.5, ,    18.7, ,    18.2, ,    11.8, , -9999.9,M, -9999.9,M, -9999.9,M, -9999.9,M, -9999.9,M, -9999.9,M,    17.5, , -9999.9,M
1974, -9999.9,M, -9999.9,M, -9999.9,M,     6.6, ,     9.2, ,    17.7, ,    19.1, ,    15.6, ,    11.0, , -9999.9,M, -9999.9,M, -9999.9,M, -9999.9,M, -9999.9,M, -9999.9,M,    17.5, , -9999.9,M
1975, -9999.9,M, -9999.9,M, -9999.9,M,    -1.0, ,    10.3, ,    14.4, ,    20.5, ,    15.1, ,    12.2, , -9999.9,M, -9999.9,M, -9999.9,M, -9999.9,M, -9999.9,M, -9999.9,M,    16.7, , -9999.9,M
1976, -9999.9,M, -9999.9,M, -9999.9,M,     7.3, ,    13.3, ,    13.6, ,    18.2, ,    18.3, ,    14.2, ,     4.5, , -9999.9,M, -9999.9,M, -9999.9,M, -9999.9,M, -9999.9,M,    16.7, , -9999.9,M
1977, -9999.9,M, -9999.9,M, -9999.9,M,     8.5, ,    11.9, ,    17.4, ,    17.8, ,    14.9, ,    10.9, ,     6.3, , -9999.9,M, -9999.9,M, -9999.9,M, -9999.9,M, -9999.9,M,    16.7, , -9999.9,M
1978, -9999.9,M, -9999.9,M, -9999.9,M,     5.0, ,    11.0, ,    16.4, ,    18.3, ,    16.2, ,    12.8, ,     7.3, , -9999.9,M, -9999.9,M, -9999.9,M, -9999.9,M, -9999.9,M,    17.0, , -9999.9,M
1979, -9999.9,M, -9999.9,M, -9999.9,M,     2.2, ,     9.9, ,    15.4, ,    18.5, ,    17.9, ,    14.5, ,     7.5, , -9999.9,M, -9999.9,M, -9999.9,M, -9999.9,M, -9999.9,M,    17.3, , -9999.9,M
1980, -9999.9,M, -9999.9,M, -9999.9,M,     9.5, ,    12.7, ,    15.3, ,    17.7, ,    14.3, ,    12.3, ,     7.0, , -9999.9,M, -9999.9,M, -9999.9,M, -9999.9,M, -9999.9,M,    15.8, , -9999.9,M
1981, -9999.9,M, -9999.9,M, -9999.9,M,     7.1, ,    11.8, ,    13.9, ,    17.4, ,    19.6,E,    13.4, ,     5.1, , -9999.9,M, -9999.9,M, -9999.9,M, -9999.9,M, -9999.9,M,    17.0,E, -9999.9,M
1982, -9999.9,M, -9999.9,M, -9999.9,M,     2.3, ,     9.8,E,    15.9, ,    17.6, ,    16.3, ,    11.7, ,     5.9,E, -9999.9,M, -9999.9,M, -9999.9,M, -9999.9,M, -9999.9,M,    16.6, , -9999.9,M
1983, -9999.9,M, -9999.9,M, -9999.9,M,     5.2,E,    11.1, ,    15.8,E,    17.7, ,    20.0, ,    10.7, ,     6.9, ,    -1.3, ,   -21.5, , -9999.9,M, -9999.9,M, -9999.9,M,    17.8,E,     5.4, 
1984,    -5.2, ,     1.6, ,    -1.3, ,     6.5, ,    11.0, ,    15.6, ,    19.0, ,    19.4, ,     9.7, ,     3.1,E,    -4.3, ,   -14.0, ,     5.1,E,    -8.4, ,     5.4, ,    18.0, ,     2.8,E
1985,   -10.1, ,   -10.3, ,      .1, ,     7.0, ,    13.5, ,    14.8, ,    19.6, ,    16.2, ,     7.8, ,     5.4, ,   -13.1, ,    -5.5, ,     3.8, ,   -11.5, ,     6.9, ,    16.9, ,      .0, 
1986,     -.3, ,   -11.0, ,     4.1, ,     5.7, ,    12.6, ,    17.5, ,    16.5, ,    18.4, ,     9.1, ,     8.2, ,    -4.6, ,    -2.0, ,     6.2, ,    -5.6, ,     7.5, ,    17.5, ,     4.2, 
1987,    -2.0, ,     -.9, ,      .0, ,     9.3, ,    13.5, ,    17.8, ,    17.8, ,    14.6, ,    13.4, ,     6.5, ,     2.1, ,    -3.4, ,     7.4, ,    -1.6, ,     7.6, ,    16.7, ,     7.3, 
1988,   -10.0, ,    -5.6, ,     2.1, ,     7.4, ,    14.1, ,    18.8, ,    18.4, ,    17.3, ,    12.0, ,     7.9, ,     -.6,E,    -6.1,E,     6.3,E,    -6.3, ,     7.9, ,    18.2, ,     6.4,E
1989,    -8.1, , -9999.9,M, -9999.9,M, -9999.9,M,    12.2, ,    17.5, ,    21.2, ,    17.9,E, -9999.9,M, -9999.9,M,     2.4, ,    -3.7,E, -9999.9,M, -9999.9,M, -9999.9,M,    18.9,E, -9999.9,M
1990, -9999.9,M, -9999.9,M, -9999.9,M, -9999.9,M, -9999.9,M, -9999.9,M, -9999.9,M, -9999.9,M, -9999.9,M, -9999.9,M, -9999.9,M, -9999.9,M, -9999.9,M, -9999.9,M, -9999.9,M, -9999.9,M, -9999.9,M
1991, -9999.9,M, -9999.9,M, -9999.9,M, -9999.9,M,    11.5,E, -9999.9,M, -9999.9,M, -9999.9,M, -9999.9,M, -9999.9,M, -9999.9,M, -9999.9,M, -9999.9,M, -9999.9,M, -9999.9,M, -9999.9,M, -9999.9,M
1992, -9999.9,M, -9999.9,M, -9999.9,M, -9999.9,M, -9999.9,M, -9999.9,M, -9999.9,M, -9999.9,M, -9999.9,M, -9999.9,M, -9999.9,M, -9999.9,M, -9999.9,M, -9999.9,M, -9999.9,M, -9999.9,M, -9999.9,M
1993, -9999.9,M, -9999.9,M, -9999.9,M, -9999.9,M, -9999.9,M, -9999.9,M,    15.8, , -9999.9,M,    10.9,E,     6.4, ,    -3.1, ,    -2.4,E, -9999.9,M, -9999.9,M, -9999.9,M, -9999.9,M,     4.7,E
1994,   -11.5, ,   -14.7, ,     3.6,E, -9999.9,M, -9999.9,M,    15.6, , -9999.9,M,    18.4,E,    15.1, ,     6.5, ,    -2.0, ,    -4.3, , -9999.9,M,    -9.5,E, -9999.9,M, -9999.9,M,     6.5, 
1995,    -9.7, ,    -4.0,E,    -1.3,E,     4.8,E,    11.1, ,    15.5, ,    17.8, ,    16.4, ,    12.6, ,     5.4, ,    -3.1, ,   -14.0, ,     4.3,E,    -6.0,E,     4.9,E,    16.6, ,     5.0, 
1996,   -16.4, ,    -5.7, ,    -4.4, ,     7.5,E,     9.1, ,    16.2,E,    18.7, ,    19.1, ,    11.3, ,     5.2,E,    -9.4, ,   -15.0, ,     3.0,E,   -12.0, ,     4.1,E,    18.0,E,     2.4,E
1997,   -14.8,E,    -1.2,E,    -1.8,E,     3.7,E,    11.6,E,    16.3, ,    18.2,E,    18.5, ,    15.2,E,     6.4, ,     -.7,E,    -2.4, ,     5.8,E,   -10.3,E,     4.5,E,    17.7,E,     7.0,E
1998,   -13.5, ,     -.7, ,    -3.3, ,     8.4,E,    13.7,E,    14.8, ,    20.7, ,    20.1,E,    15.2, ,     7.6,E,     -.2,E,    -7.4, ,     6.3,E,    -5.5, ,     6.3,E,    18.5,E,     7.5,E
1999,    -9.8, ,     1.3,E,     1.8,E,     6.0,E,    10.3, ,    14.3, ,    16.1, ,    18.3, ,    12.2,E,     7.6,E,     3.4,E,      .1,E,     6.8,E,    -5.3,E,     6.0,E,    16.2, ,     7.7,E
2000,    -9.9,E,    -5.9, ,     1.7, ,     6.5,E,    11.8, ,    15.1, ,    19.6, ,    18.1,E,    12.4,E,     6.7, ,    -3.3, ,   -11.1,E,     5.1,E,    -5.2,E,     6.7,E,    17.6,E,     5.3,E
2001,    -2.6, ,   -12.4, ,     2.0, ,     5.9,E,    13.6, ,    15.3,E,    19.4, ,    20.1,E,    14.9, ,     6.1,E,     2.4, ,    -7.9,E,     6.4,E,    -8.7,E,     7.2,E,    18.3,E,     7.8,E
2002,    -5.9, ,    -2.3, ,   -12.6, ,     2.7,E,     9.3,E,    15.7, ,    19.5,E,    15.6, ,    12.3, ,     2.4, ,     2.5, ,    -2.8, ,     4.7,E,    -5.4,E,     -.2,E,    16.9,E,     5.7, 
2003,    -6.9, ,    -8.1, ,    -3.3, ,     6.7,E,    10.2,E,    15.7, ,    19.2, ,    19.8, ,    12.4,E,     8.5, ,    -7.6, ,    -3.6, ,     5.3,E,    -5.9, ,     4.5,E,    18.2, ,     4.4,E
2004,   -11.1, ,    -5.2, ,     3.2, ,     7.4, ,    10.1, ,    14.3, ,    18.7, ,    17.2, ,    11.7, ,     5.4, ,     1.5, ,    -5.0, ,     5.7, ,    -6.6, ,     6.9, ,    16.7, ,     6.2, 
2005,   -10.2, ,    -1.6, ,     1.3, ,     6.9, ,    11.5, ,    14.5, ,    18.7, ,    16.0, ,    12.0, ,     7.7, ,     1.8, ,    -4.9, ,     6.1, ,    -5.6, ,     6.6, ,    16.4, ,     7.2, 
2006,     -.6, ,    -4.8, ,    -2.3, ,     8.3, ,    13.3, ,    17.2, ,    20.8, ,    18.0,E,    13.2, ,     4.2, ,    -3.8, ,    -1.9, ,     6.8,E,    -3.4, ,     6.4, ,    18.7,E,     4.5, 
2007,    -4.7, ,    -7.9, ,     4.1, ,     5.1, ,    12.2, ,    16.2, ,    22.1, ,    17.3, ,    11.6, ,     8.0, ,    -1.1, ,    -9.2,E,     6.1,E,    -4.8, ,     7.1, ,    18.5, ,     6.2, 
2008,    -8.2,E,    -6.6, ,      .4, ,     3.1, ,    11.9, ,    15.0, ,    18.0, ,    17.9, ,    12.3, ,     7.1, ,     2.9, ,   -12.2,E,     5.1,E,    -8.0,E,     5.1, ,    17.0, ,     7.4, 
2009,   -10.1,E,    -8.7, ,    -3.4, ,     5.3, ,    11.2, ,    14.4, ,    17.9, ,    17.3, ,    15.9, ,     3.3, ,     2.6, ,   -14.8, ,     4.2,E,   -10.3,E,     4.4, ,    16.5, ,     7.3, 
2010,    -8.0,E,    -6.8, ,     4.5, ,     5.9, ,     8.9, ,    14.8,E,    17.9, ,    16.8, ,    11.5, ,     8.1, ,    -4.5, ,   -10.1, ,     4.9,E,    -9.9,E,     6.4, ,    16.5,E,     5.0, 
2011,   -10.3,E,   -10.2, ,    -4.8, ,     4.2, ,    10.4, ,    14.8, ,    18.0, ,    18.2, ,    15.9, ,     7.4, ,     -.6, ,    -2.6, ,     5.0,E,   -10.2,E,     3.3, ,    17.0, ,     7.6, 
2012,    -4.2,E,    -4.4, ,     3.0, ,     7.1, ,    11.0, ,    15.5, ,    20.1, ,    18.4, ,    14.3, ,     4.1, ,    -3.3,E,    -9.2, ,     6.0,E,    -3.7,E,     7.0, ,    18.0, ,     5.0,E
