3062246,EDSON          ,AB, station joined    , Monthly mean of homogenized daily mean temperature                     , °C,          Updated to December 2012
3062246,EDSON          ,AB, station jointe    , Moyenne mensuelle des températures homogénéisées moyennes quotidiennes , °C, Mise à jour jusqu à décembre 2012
Year,     Jan, ,     Feb, ,     Mar, ,     Apr, ,     May, ,     Jun, ,     Jul, ,     Aug, ,     Sep, ,     Oct, ,     Nov, ,     Dec, ,  Annual, ,  Winter, ,  Spring, ,  Summer, ,  Autumn
Year,    Janv, ,     Fév, ,    Mars, ,     Avr, ,     Mai, ,    Juin, ,    Juil, ,    Août, ,    Sept, ,     Oct, ,     Nov, ,     Déc, ,  Annuel, ,   Hiver, ,Printemp, ,     Eté, , Automne
1914, -9999.9,M,   -11.1, ,    -3.2, , -9999.9,M, -9999.9,M, -9999.9,M, -9999.9,M, -9999.9,M, -9999.9,M, -9999.9,M, -9999.9,M, -9999.9,M, -9999.9,M, -9999.9,M, -9999.9,M, -9999.9,M, -9999.9,M
1915, -9999.9,M, -9999.9,M, -9999.9,M, -9999.9,M, -9999.9,M, -9999.9,M, -9999.9,M, -9999.9,M, -9999.9,M, -9999.9,M, -9999.9,M, -9999.9,M, -9999.9,M, -9999.9,M, -9999.9,M, -9999.9,M, -9999.9,M
1916, -9999.9,M, -9999.9,M, -9999.9,M, -9999.9,M, -9999.9,M,    12.2, ,    13.0, ,    13.2, ,    10.3, ,     5.1, ,    -2.9, ,   -13.9, , -9999.9,M, -9999.9,M, -9999.9,M,    12.8, ,     4.2, 
1917,   -15.4, ,   -12.7, ,    -4.5, ,     1.7, ,     8.2, ,    12.6, ,    15.8, ,    14.3, ,     9.7, ,     3.1, ,     3.0, ,   -20.3, ,     1.3, ,   -14.0, ,     1.8, ,    14.2, ,     5.3, 
1918,   -13.6, ,   -11.3, ,    -3.9, ,     4.6, ,     7.2, ,    12.0, ,    14.6, ,    14.3, ,    11.9, ,     4.7, ,    -1.8, ,    -9.1, ,     2.5, ,   -15.1, ,     2.6, ,    13.6, ,     4.9, 
1919,    -6.5, ,   -15.0, ,    -9.3, ,     4.9, ,     7.9, ,    11.9, ,    14.9, ,    14.7, ,    10.3, ,     -.8, ,    -9.3, ,   -10.0, ,     1.1, ,   -10.2, ,     1.2, ,    13.8, ,      .1, 
1920,   -14.2, ,    -3.7, ,    -5.2, ,    -2.4, ,     6.1, ,    10.7, ,    16.5, ,    13.8, ,     8.9, ,     3.6, ,    -3.3, ,   -11.1, ,     1.6, ,    -9.3, ,     -.5, ,    13.7, ,     3.1, 
1921,   -13.5, ,    -6.0, ,    -6.5, ,     4.2, ,     8.9, ,    13.2, ,    14.3, ,    12.5, ,     7.4, ,     6.4, ,    -7.8, ,    -9.0, ,     2.0, ,   -10.2, ,     2.2, ,    13.3, ,     2.0, 
1922,   -10.2, ,   -16.8, ,    -6.2, ,     3.2, ,     8.7, ,    13.1, ,    14.2, ,    15.2, ,    10.8, ,     4.8, ,    -3.3, ,   -14.9, ,     1.6, ,   -12.0, ,     1.9, ,    14.2, ,     4.1, 
1923,   -13.7, ,    -9.7, ,    -5.1, ,     3.6, ,     8.0, ,    14.6, ,    15.4, ,    14.1, ,     9.7, ,     5.5, ,     1.5, ,    -7.7, ,     3.0, ,   -12.8, ,     2.2, ,    14.7, ,     5.6, 
1924,   -11.7, ,    -5.2, ,    -3.8, ,     2.5, ,     9.4, ,    12.0, ,    15.6, ,    13.4, ,    10.0, ,     5.2, ,    -5.2, ,   -15.7, ,     2.2, ,    -8.2, ,     2.7, ,    13.7, ,     3.3, 
1925,   -14.0, ,   -10.8, ,    -4.3, ,     5.1, ,    10.5, ,    13.3, ,    15.6, ,    12.7, ,     7.4, ,      .8, ,    -3.3, ,    -3.0, ,     2.5, ,   -13.5, ,     3.8, ,    13.9, ,     1.6, 
1926,    -3.7, ,    -4.5, ,     1.7, ,     5.8, ,     9.5, ,    11.4, ,    16.5, ,    12.3, ,     4.6, ,     4.8, ,    -6.1, ,   -10.3, ,     3.5, ,    -3.7, ,     5.7, ,    13.4, ,     1.1, 
1927,   -13.6, ,   -11.0, ,    -3.2, ,      .8, ,     7.0, ,    12.9, ,    16.0, ,    15.8, ,     9.4, ,     3.0, ,   -13.1, ,   -18.6, ,      .5, ,   -11.6, ,     1.5, ,    14.9, ,     -.2, 
1928, -9999.9,M, -9999.9,M, -9999.9,M, -9999.9,M, -9999.9,M, -9999.9,M, -9999.9,M, -9999.9,M, -9999.9,M, -9999.9,M, -9999.9,M, -9999.9,M, -9999.9,M, -9999.9,M, -9999.9,M, -9999.9,M, -9999.9,M
1929,   -16.4, ,   -11.1, ,    -1.4, ,     1.4, ,     7.9, ,    12.5, ,    15.2, ,    14.2, ,     8.7, ,     5.1, ,     -.8, ,   -12.4, ,     1.9, , -9999.9,M,     2.6, ,    14.0, ,     4.3, 
1930,   -16.6, ,    -6.5, ,    -4.5, ,     5.9, ,     7.1, ,    11.8, ,    16.4, ,    16.5, ,     9.4, ,      .1, ,    -2.6, ,    -2.7, ,     2.9, ,   -11.8, ,     2.8, ,    14.9, ,     2.3, 
1931,    -4.6, ,    -2.3, ,    -5.8, ,     5.0, ,     9.5, ,    12.9, ,    15.4, ,    14.8, ,     9.5, ,     3.9, ,    -6.5, ,    -8.0, ,     3.7, ,    -3.2, ,     2.9, ,    14.4, ,     2.3, 
1932,   -13.0, ,   -12.5, ,    -8.4, ,     4.1, ,     9.8, ,    13.5, ,    14.5, ,    15.8, ,    10.5, ,     1.4, ,    -7.1, ,   -11.5, ,     1.4, ,   -11.2, ,     1.8, ,    14.6, ,     1.6, 
1933,   -14.7, ,   -12.6, ,    -6.2, ,     1.5, ,     8.3, ,    12.1, ,    14.2, ,    15.1, ,     7.5, ,     1.1, ,      .3, ,   -23.6, ,      .3, ,   -12.9, ,     1.2, ,    13.8, ,     3.0, 
1934,    -7.0, ,    -4.6, ,    -3.1, ,     7.7, ,    10.6, ,    11.7, ,    13.9, ,    14.2, ,     6.3, ,     4.6, ,    -3.6, ,   -11.5, ,     3.3, ,   -11.7, ,     5.1, ,    13.3, ,     2.4, 
1935,   -19.3, ,    -2.5, ,    -7.9, ,     -.8, ,     8.1, ,    11.3, ,    15.5, ,    12.5, ,    10.4, ,     3.0, ,    -8.0, ,    -8.0, ,     1.2, ,   -11.1, ,     -.2, ,    13.1, ,     1.8, 
1936,   -15.4, ,   -25.2, ,    -4.2, ,     1.2, ,    11.4, ,    13.0, ,    16.1, ,    14.5, ,     8.9, ,     6.2, ,      .7, ,   -12.3, ,     1.2, ,   -16.2, ,     2.8, ,    14.5, ,     5.3, 
1937,   -18.8, ,   -12.1, ,    -2.4, ,     5.2, ,     9.7, ,    13.8, ,    15.4, ,    13.1, ,    10.7, ,     5.1, ,    -7.9, ,   -13.5, ,     1.5, ,   -14.4, ,     4.2, ,    14.1, ,     2.6, 
1938,    -7.5, ,   -13.9, ,     -.7, ,     3.8, ,     8.8, ,    13.7, ,    16.4, ,    13.0, ,    14.5, ,     6.2, ,    -3.6, ,    -7.9, ,     3.6, ,   -11.6, ,     4.0, ,    14.4, ,     5.7, 
1939,    -7.1, ,   -11.5, ,    -3.9, ,     4.7, ,    10.2, ,    11.4, ,    15.9, ,    14.9, ,     9.4, ,     1.1, ,     1.5, ,    -3.9, ,     3.6, ,    -8.8, ,     3.7, ,    14.1, ,     4.0, 
1940,   -14.4, ,    -9.9, ,    -2.9, ,     1.8, ,    10.5, ,    12.5, ,    15.0, ,    14.3, ,    11.7, ,     4.6, ,    -9.4, ,    -8.6, ,     2.1, ,    -9.4, ,     3.1, ,    13.9, ,     2.3, 
1941,   -13.5, ,    -9.2, ,    -1.4, ,     6.8, ,     8.3, ,    13.7, ,    17.3, ,    13.6, ,     6.0, ,     4.2, ,    -3.0, ,   -11.9, ,     2.6, ,   -10.4, ,     4.6, ,    14.9, ,     2.4, 
1942,    -5.0, ,    -8.1, ,    -2.3, ,     2.5, ,     8.3, ,    11.6, ,    15.1, ,    14.3, ,    10.1, ,     4.7, ,    -9.3, ,   -14.8, ,     2.3, ,    -8.3, ,     2.8, ,    13.7, ,     1.8, 
1943,   -18.8, ,    -5.3, ,    -7.7, ,     5.3, ,     6.4, ,    10.5, ,    14.9, ,    12.7, ,     9.5, ,     4.8, ,     -.8, ,    -4.7, ,     2.2, ,   -13.0, ,     1.3, ,    12.7, ,     4.5, 
1944,    -7.6, ,    -8.5, ,    -4.6, ,     5.7, ,     9.8, ,    12.8, ,    14.7, ,    13.4, ,    10.1, ,     7.8, ,    -5.3, ,    -9.2, ,     3.3, ,    -6.9, ,     3.6, ,    13.6, ,     4.2, 
1945,    -9.8, ,    -9.2, ,    -2.1, ,     -.8, ,     8.1, ,    11.5, ,    14.6, ,    14.1, ,     8.3, ,     4.2, ,   -11.8, ,   -12.1, ,     1.3, ,    -9.4, ,     1.7, ,    13.4, ,      .2, 
1946,    -8.8, ,    -8.6, ,     -.4, ,     4.4, ,     8.7, ,    11.1, ,    14.8, ,    13.0, ,     8.7, ,     1.8, ,    -8.3, ,   -12.7, ,     2.0, ,    -9.8, ,     4.2, ,    13.0, ,      .7, 
1947,   -10.0, ,   -12.9, ,    -4.9, ,     3.6, ,     8.2, ,    11.2, ,    15.3, ,    11.9, ,     8.5, ,     3.9, ,    -4.3, ,    -7.1, ,     2.0, ,   -11.9, ,     2.3, ,    12.8, ,     2.7, 
1948,    -6.9, ,   -13.6, ,    -7.4, ,    -2.9, ,     9.6, ,    13.7, ,    13.8, ,    12.4, ,     9.3, ,     4.0, ,    -4.9, ,   -16.2, ,      .9, ,    -9.2, ,     -.2, ,    13.3, ,     2.8, 
1949,   -13.6, ,   -16.4, ,    -3.0, ,     6.1, ,     9.5, ,    11.3, ,    13.8, ,    13.4, ,    10.2, ,     1.4, ,     1.7, ,   -17.3, ,     1.4, ,   -15.4, ,     4.2, ,    12.8, ,     4.4, 
1950,   -26.9, ,   -11.7, ,    -7.0, ,      .5, ,     7.4, ,    13.8, ,    14.8, ,    11.4, ,    10.1, ,      .4, ,   -12.5, ,    -9.7, ,     -.8, ,   -18.6, ,      .3, ,    13.3, ,     -.7, 
1951,   -16.5, ,   -12.1, ,   -10.4, ,     2.4, ,     9.0, ,    10.5, ,    14.4, ,    12.1, ,     7.9, ,      .2, ,    -5.0, ,   -14.1, ,     -.1, ,   -12.8, ,      .3, ,    12.3, ,     1.0, 
1952,   -18.4, ,    -6.5, ,    -5.1, ,     5.5, ,     9.9, ,    11.7, ,    14.2, ,    13.6, ,    10.3, ,     6.6, ,    -1.2, ,    -7.9, ,     2.7, ,   -13.0, ,     3.4, ,    13.2, ,     5.2, 
1953,   -16.9, ,    -3.6, ,    -3.6, ,      .2, ,     8.9, ,    11.8, ,    13.7, ,    13.8, ,     9.4, ,     6.2, ,    -2.1, ,    -5.0, ,     2.7, ,    -9.5, ,     1.8, ,    13.1, ,     4.5, 
1954,   -21.2, ,    -5.4, ,    -6.5, ,    -4.4, ,     7.4, ,    10.4, ,    14.0, ,    12.5, ,     9.0, ,     3.8, ,     1.3, ,    -5.5, ,     1.3, ,   -10.5, ,    -1.2, ,    12.3, ,     4.7, 
1955,    -8.1, ,   -10.2, ,    -8.4, ,     2.6, ,     6.8, ,    13.0, , -9999.9,M,    13.3, ,     8.0, ,     3.4, ,   -17.3, ,   -17.8, , -9999.9,M,    -7.9, ,      .3, , -9999.9,M,    -2.0, 
1956,   -17.7, ,   -12.0, ,    -5.1, ,     2.1, ,     9.9, ,    12.3, ,    15.2, ,    14.3, ,     8.4, ,     1.2, ,      .5, ,   -11.5, ,     1.5, ,   -15.8, ,     2.3, ,    13.9, ,     3.4, 
1957,   -14.7, ,   -12.1, ,    -4.3, ,     2.9, ,     9.5, ,    12.3, ,    13.7, ,    11.1, ,    10.5, ,      .1, ,    -1.7, ,    -9.0, ,     1.5, ,   -12.8, ,     2.7, ,    12.4, ,     3.0, 
1958,    -6.5, ,   -12.5, ,    -6.8, ,     3.1, ,    10.8, ,    12.7, ,    15.0, ,    15.2, ,     8.5, ,     5.2, ,    -5.0, ,    -8.9, ,     2.6, ,    -9.3, ,     2.4, ,    14.3, ,     2.9, 
1959,   -19.8, ,   -10.0, ,     -.4, ,     3.2, ,     7.3, ,    11.8, ,    15.2, ,    11.6, ,     8.0, ,     2.0, ,    -5.5, ,    -5.4, ,     1.5, ,   -12.9, ,     3.4, ,    12.9, ,     1.5, 
1960,   -11.6, ,    -8.4, ,    -5.8, ,     4.5, ,     7.7, ,    11.2, ,    17.3, ,    13.9, ,    10.0, ,     5.9, ,    -5.3, ,    -5.7, ,     2.8, ,    -8.5, ,     2.1, ,    14.1, ,     3.5, 
1961,    -6.7, ,    -7.2, ,    -1.5, ,     2.8, ,    10.0, ,    15.9, ,    16.2, ,    16.3, ,     7.5, ,     2.7, ,    -6.3, ,   -15.1, ,     2.9, ,    -6.5, ,     3.8, ,    16.1, ,     1.3, 
1962,   -10.4, ,   -12.7, ,    -6.6, ,     4.6, ,     7.8, ,    12.8, ,    14.2, ,    13.7, ,     9.7, ,     5.5, ,    -2.6, ,    -7.6, ,     2.4, ,   -12.7, ,     1.9, ,    13.6, ,     4.2, 
1963,   -13.5, ,    -5.5, ,    -2.1, ,     3.5, ,     7.8, ,    12.8, ,    15.8, ,    14.9, ,    12.7, ,     6.0, ,    -7.2, ,    -9.8, ,     3.0, ,    -8.9, ,     3.1, ,    14.5, ,     3.8, 
1964,   -10.0, ,    -1.1, ,    -8.0, ,     2.7, ,     8.3, ,    12.9, ,    15.4, ,    12.7, ,     6.8, ,     6.2, ,    -6.4, ,   -20.1, ,     1.6, ,    -7.0, ,     1.0, ,    13.7, ,     2.2, 
1965,   -14.4, ,   -10.4, ,    -7.5, ,     2.5, ,     8.0, ,    12.1, ,    15.7, ,    15.8, ,     5.6, ,     6.1, ,    -7.9, ,   -12.5, ,     1.1, ,   -15.0, ,     1.0, ,    14.5, ,     1.3, 
1966,   -21.5, ,    -8.0, ,    -3.7, ,     -.1, ,     9.9, ,    11.3, ,    14.3, ,    13.5, ,    11.4, ,     3.3, ,    -9.4, ,   -10.2, ,      .9, ,   -14.0, ,     2.0, ,    13.0, ,     1.8, 
1967,   -14.4, ,    -6.2, ,    -8.7, ,      .9, ,     8.0, ,    12.6, ,    15.0, ,    16.3, ,    12.8, ,     3.3, ,    -2.7, ,    -9.6, ,     2.3, ,   -10.3, ,      .1, ,    14.6, ,     4.5, 
1968,   -14.8, ,    -7.3, ,     -.1, ,     2.5, ,     8.3, ,    11.6, ,    14.7, ,    12.2, ,     9.4, ,     3.3, ,    -3.7, ,   -17.7, ,     1.5, ,   -10.6, ,     3.6, ,    12.8, ,     3.0, 
1969,   -27.1, ,   -11.2, ,    -3.6, ,     5.7, ,     9.5, ,    13.3, ,    14.0, ,    13.7, ,     8.5, ,     2.5, ,    -2.0, ,    -6.9, ,     1.4, ,   -18.7, ,     3.9, ,    13.7, ,     3.0, 
1970,   -15.8, ,    -4.1, ,    -2.7, ,     2.9, ,     8.2, ,    14.2, ,    15.2, ,    14.3, ,     7.8, ,     2.9, ,   -10.1, ,   -17.8, ,     1.3, ,    -8.9, ,     2.8, ,    14.6, ,      .2, 
1971,   -18.0, ,    -6.4, ,    -6.6, ,     3.2, ,    10.4, ,    12.1, ,    14.4, ,    16.2, ,     7.7, ,     2.2, ,    -5.0, ,   -17.1, ,     1.1, ,   -14.1, ,     2.3, ,    14.2, ,     1.6, 
1972,   -17.9, ,   -15.4, ,    -4.2, ,      .8, ,     9.6, ,    12.5, ,    12.9, ,    15.2, ,     4.7, ,     1.8, ,    -4.1, ,   -15.7, ,      .0, ,   -16.8, ,     2.1, ,    13.5, ,      .8, 
1973,   -10.8, ,   -10.1, ,    -1.9, ,     2.5, ,     9.2, ,    11.9, ,    14.2, ,    12.7, ,     9.1, ,     2.7, ,   -14.6, ,   -11.1, ,     1.2, ,   -12.2, ,     3.3, ,    12.9, ,     -.9, 
1974,   -18.0, ,    -8.3, ,    -9.3, ,     4.3, ,     6.6, ,    12.8, ,    13.4, ,    12.0, ,     8.3, ,     5.5, ,    -4.4, ,    -7.4, ,     1.3, ,   -12.5, ,      .5, ,    12.7, ,     3.1, 
1975,   -11.3, ,   -14.0, ,    -7.5, ,      .2, ,     7.8, ,    11.4, ,    16.7, ,    11.0, ,    10.1, ,     2.4, ,    -6.6, ,   -11.9, ,      .7, ,   -10.9, ,      .2, ,    13.0, ,     2.0, 
1976,   -10.2, ,    -8.1, ,    -5.1, ,     4.4, ,     9.5, ,    10.3, ,    14.1, ,    14.3, ,    11.1, ,     3.6, ,    -1.7, ,    -7.1, ,     2.9, ,   -10.1, ,     2.9, ,    12.9, ,     4.3, 
1977,    -9.2, ,     -.4, ,    -3.2, ,     5.5, ,     8.4, ,    12.7, ,    13.2, ,    12.3, ,     7.9, ,     3.2, ,    -7.4, ,   -16.7, ,     2.2, ,    -5.6, ,     3.6, ,    12.7, ,     1.2, 
1978,   -16.0, ,   -10.8, ,    -2.6, ,     3.7, ,     7.7, ,    13.5, ,    15.2, ,    13.0, ,     8.7, ,     6.0, ,    -6.0, ,   -10.6, ,     1.8, ,   -14.5, ,     2.9, ,    13.9, ,     2.9, 
1979,   -14.5, ,   -21.3, ,     -.9, ,      .0, ,     6.6, ,    12.6, ,    15.6, ,    14.6, ,    10.9, ,     4.9, ,    -2.8, ,   -11.0, ,     1.2, ,   -15.5, ,     1.9, ,    14.3, ,     4.3, 
1980,   -17.3, ,    -8.2, ,    -5.6, ,     7.2, ,     9.5, ,    13.3, ,    14.7, ,    11.6, ,     8.5, ,     5.2, ,    -1.8, ,   -16.0, ,     1.8, ,   -12.2, ,     3.7, ,    13.2, ,     4.0, 
1981,    -5.0, ,    -5.5, ,      .1, ,     3.2, ,     9.7, ,    11.1, ,    15.2, ,    17.0, ,    10.5, ,     3.0, ,    -1.4, ,   -12.1, ,     3.8, ,    -8.8, ,     4.3, ,    14.4, ,     4.0, 
1982,   -23.5, ,   -15.0, ,    -7.3, ,     -.7, ,     7.8, ,    13.6, ,    15.2, ,    12.2, ,    10.0, ,     3.9, ,    -7.8, ,    -8.8, ,      .0, ,   -16.9, ,     -.1, ,    13.7, ,     2.0, 
1983,   -10.2, ,    -6.5, ,    -3.7, ,     4.1, ,     9.3, ,    12.1, ,    15.0, ,    15.6, ,     7.1, ,     3.1, ,    -4.8, ,   -18.8, ,     1.9, ,    -8.5, ,     3.2, ,    14.2, ,     1.8, 
1984,    -6.1, ,    -1.9, ,    -1.9, ,     4.1, ,     7.3, ,    12.2, ,    15.2, ,    14.9, ,     6.1, ,     -.3, ,   -10.0, ,   -17.2, ,     1.9, ,    -8.9, ,     3.2, ,    14.1, ,    -1.4, 
1985,    -7.8, ,   -10.9, ,    -1.8, ,     3.2, ,     9.9, ,    11.1, ,    15.8, ,    12.9, ,     5.9, ,     2.5, ,   -15.6, ,    -4.8, ,     1.7, ,   -12.0, ,     3.8, ,    13.3, ,    -2.4, 
1986,    -5.3, ,   -10.4, ,      .3, ,     2.3, ,     9.2, ,    12.7, ,    13.6, ,    14.5, ,     6.7, ,     6.3, ,    -9.3, ,    -8.2, ,     2.7, ,    -6.8, ,     3.9, ,    13.6, ,     1.2, 
1987,    -6.1, ,    -5.4, ,    -5.3, ,     6.1, ,     9.5, ,    14.2, ,    14.8, ,    11.5, ,    12.0, ,     4.8, ,    -1.0, ,    -6.9, ,     4.0, ,    -6.6, ,     3.4, ,    13.5, ,     5.3, 
1988,   -12.1, ,    -8.4, ,      .6, ,     5.4, ,    10.4, ,    13.8, ,    14.6, ,    13.6, ,     9.1, ,     5.7, ,    -5.1, ,    -8.7, ,     3.2, ,    -9.1, ,     5.5, ,    14.0, ,     3.2, 
1989,   -10.6, ,   -14.3, ,    -8.8, ,     3.5, ,     8.1, ,    13.4, ,    15.5, ,    13.8, ,     9.8, ,     3.1, ,    -3.8, ,    -5.6, ,     2.0, ,   -11.2, ,      .9, ,    14.2, ,     3.0, 
1990,    -8.4, ,    -9.8, ,     -.2, ,     3.4, ,     8.7, ,    12.7, ,    15.2, ,    15.1, ,    11.2, ,     2.1, ,    -9.6, ,   -14.9, ,     2.1, ,    -7.9, ,     4.0, ,    14.3, ,     1.2, 
1991,   -12.2, ,    -1.2, ,    -5.2, ,     4.9, ,     9.3, ,    12.1, ,    14.6, ,    15.9, ,    10.1, ,     -.4, ,    -6.3, ,    -7.9, ,     2.8, ,    -9.4, ,     3.0, ,    14.2, ,     1.1, 
1992,    -5.6, ,    -6.5, ,     2.3, ,     4.6, ,     8.0, ,    14.5, ,    13.8, ,    13.1, ,     7.1, ,     2.3, , -9999.9,M,   -14.5,E, -9999.9,M,    -6.7, ,     5.0, ,    13.8, , -9999.9,M
1993, -9999.9,M,    -8.0, ,    -1.9, ,     4.7, ,    11.0, ,    12.2,E,    12.8, ,    13.0, ,     9.3, ,     4.6, ,    -3.3, ,    -5.6, , -9999.9,M, -9999.9,M,     4.6, ,    12.7,E,     3.5, 
1994,   -14.1, ,   -16.6, ,      .7, ,     4.5,E,     9.2, ,    12.4, , -9999.9,M, -9999.9,M, -9999.9,M, -9999.9,M, -9999.9,M, -9999.9,M, -9999.9,M,   -12.1, ,     4.8,E, -9999.9,M, -9999.9,M
1995, -9999.9,M, -9999.9,M, -9999.9,M, -9999.9,M, -9999.9,M, -9999.9,M, -9999.9,M, -9999.9,M, -9999.9,M, -9999.9,M, -9999.9,M, -9999.9,M, -9999.9,M, -9999.9,M, -9999.9,M, -9999.9,M, -9999.9,M
1996, -9999.9,M,    -6.7, ,    -6.3, ,     4.5, ,     5.4, ,    11.6, ,    14.9, ,    14.6, ,     7.8, ,     2.1,E,   -11.3, ,   -16.9, , -9999.9,M, -9999.9,M,     1.2, ,    13.7, ,     -.5,E
1997,   -14.6, ,    -4.4, ,    -5.4,E,     1.2,E,     8.9,E,    12.8, , -9999.9,M,    15.0, ,    10.9,E,     2.5,E,    -2.6, ,    -4.3, , -9999.9,M,   -12.0, ,     1.6,E, -9999.9,M,     3.6,E
1998,   -16.7, ,    -4.6, ,    -2.9, ,     5.4,E,    12.5, ,    12.8, ,    17.5,E,    16.6,E,    10.3,E,     4.1, ,    -6.4,E,   -12.9,E,     3.0,E,    -8.5, ,     5.0,E,    15.6,E,     2.7,E
1999,   -12.8, ,    -7.7, ,    -3.9,E,     4.1,E,     7.5, ,    11.8, ,    13.3,E,    15.3,E,     9.2,E,     3.9, ,    -4.1, ,    -4.2, ,     2.7,E,   -11.1,E,     2.6,E,    13.5,E,     3.0,E
2000,   -12.6, ,    -7.6,E,    -1.5, ,     2.6, ,     7.2,E,    11.9, ,    15.8,E,    12.9,E,     8.9, ,     3.5, ,    -4.2, ,   -12.4, ,     2.0,E,    -8.1,E,     2.8,E,    13.5,E,     2.7, 
2001,    -3.6, ,   -11.0, ,    -1.9, ,     3.3, ,     9.9, ,    12.1,E,    14.8,E,    15.9,E,    10.6, ,     2.2,E,    -3.4, ,   -11.2, ,     3.1,E,    -9.0, ,     3.8, ,    14.3,E,     3.1,E
2002,    -9.4, ,    -4.1, ,   -10.9, ,      .4, ,     6.8, ,    14.2, ,    16.4, ,    13.8,E,     9.0,E,     2.2,E,     -.5, ,    -7.2, ,     2.6,E,    -8.2, ,    -1.2, ,    14.8,E,     3.6,E
2003,   -10.5, ,    -6.6, ,    -5.9, ,     3.5,E,     8.1,E,    13.3, ,    16.4,E,    15.6, ,     9.4,E,     5.2, ,    -7.3, ,    -9.0, ,     2.7,E,    -8.1, ,     1.9,E,    15.1,E,     2.4,E
2004,   -13.2, ,    -4.5,E,     -.2, ,     5.0, ,     7.2, ,    13.4, ,    16.0,E,    14.1, ,     7.9, ,     2.1, ,     -.8, ,    -8.2, ,     3.2,E,    -8.9,E,     4.0, ,    14.5,E,     3.1, 
2005,   -12.2, ,    -4.3, ,     -.5, ,     5.1, ,     9.7, ,    12.6, ,    14.6, ,    13.1, ,     8.2, ,     3.8, ,    -1.2, ,    -7.2, ,     3.5, ,    -8.2, ,     4.8, ,    13.4, ,     3.6, 
2006,    -5.3, ,    -6.3, ,    -5.0, ,     6.3, ,    10.3, ,    14.4, , -9999.9,M,    13.7, ,    10.7, ,     2.5, ,   -11.4, ,    -7.0, , -9999.9,M,    -6.3, ,     3.9, , -9999.9,M,      .6, 
2007,    -7.4, ,   -10.1, ,    -2.4, ,     2.2, ,     8.7, ,    13.6, ,    18.2, ,    12.6, ,     8.8, ,     4.2, ,    -4.6, ,   -11.5,E,     2.7,E,    -8.2, ,     2.8, ,    14.8, ,     2.8, 
2008,   -12.8, ,    -6.5, ,    -1.8, ,     1.1, ,    10.0, ,    12.4, ,    15.3, ,    15.0, ,     9.6, ,     4.2, ,    -1.1, ,   -14.9, ,     2.5, ,   -10.3,E,     3.1, ,    14.2, ,     4.2, 
2009,    -9.7, ,    -8.8, ,    -6.6, ,     2.2, ,     7.6, ,    12.0, ,    15.2, ,    14.1, ,    12.1, ,      .4, ,    -2.0, ,   -16.0, ,     1.7, ,   -11.1, ,     1.1, ,    13.8, ,     3.5, 
2010,   -10.3, ,    -5.2, ,     1.5, ,     4.7, ,     7.2, ,    12.7,E,    15.2, ,    13.6, ,     7.9, ,     6.0, ,    -6.2,E,   -14.1,E,     2.8,E,   -10.5, ,     4.5, ,    13.8,E,     2.6,E
2011,   -11.8,E,   -11.4,E,    -7.9,E,     1.9, ,     9.5, ,    12.0, ,    14.5, ,    14.3, ,    10.9, ,     3.8, ,    -6.5, ,    -5.2, ,     2.0,E,   -12.4,E,     1.2,E,    13.6, ,     2.7, 
2012,    -9.9, ,    -7.4, ,    -2.6, , -9999.9,M, -9999.9,M,    13.1, ,    17.1, ,    15.8, ,    12.0, ,     -.2, ,    -8.4, ,   -15.5, , -9999.9,M,    -7.5, , -9999.9,M,    15.3, ,     1.1, 
