3033890,LETHBRIDGE     ,AB, station joined    , Monthly mean of homogenized daily mean temperature                     , °C,          Updated to December 2012
3033890,LETHBRIDGE     ,AB, station jointe    , Moyenne mensuelle des températures homogénéisées moyennes quotidiennes , °C, Mise à jour jusqu à décembre 2012
Year,     Jan, ,     Feb, ,     Mar, ,     Apr, ,     May, ,     Jun, ,     Jul, ,     Aug, ,     Sep, ,     Oct, ,     Nov, ,     Dec, ,  Annual, ,  Winter, ,  Spring, ,  Summer, ,  Autumn
Year,    Janv, ,     Fév, ,    Mars, ,     Avr, ,     Mai, ,    Juin, ,    Juil, ,    Août, ,    Sept, ,     Oct, ,     Nov, ,     Déc, ,  Annuel, ,   Hiver, ,Printemp, ,     Eté, , Automne
1902,    -4.2,a,    -7.4,a,    -1.3,a,     5.5,a,    11.0,a,    11.6,a,    15.3,a,    16.1,a,    11.3,a,     8.5,a,    -3.1,a,    -7.7,a,     4.6,a, -9999.9,M,     5.1,a,    14.3,a,     5.6,a
1903,    -5.1,a,    -5.8,a,    -7.8,a,     5.0,a,     8.6,a,    15.8,a,    16.0,a,    15.0,a,    10.1,a,     9.4,a,    -3.1,a,     -.3,a,     4.8,a,    -6.2,a,     1.9,a,    15.6,a,     5.5,a
1904,    -5.9,a,   -16.0,a,    -8.9,a,     7.5,a,    11.0,a,    14.4,a,    18.6,a,    17.1,a,    12.9,a,     8.8,a,     5.7,a,    -4.0,a,     5.1,a,    -7.4,a,     3.2,a,    16.7,a,     9.1,a
1905,    -9.9,a,    -9.2,a,     3.8,a,     6.2,a,     9.7,a,    13.7,a,    18.4,a,    18.8,a,    13.2,a,     4.3,a,     2.2,a,    -1.4,a,     5.8,a,    -7.7,a,     6.6,a,    17.0,a,     6.6,a
1906,    -6.2,a,    -3.4,a,    -3.5,a,     9.7,a,     9.0,a,    14.2,a,    19.6,a,    17.1,a,    13.1,a,     9.2,a,    -1.2,a,    -9.2,a,     5.7,a,    -3.7,a,     5.1,a,    17.0,a,     7.0,a
1907,   -19.4,a,    -4.1,a,    -2.8,a,     3.1,a,     8.6,a,    13.8,a,    17.0,a,    15.1,a,    10.7,a,    10.7,a,     3.3,a,    -1.9,a,     4.5,a,   -10.9,a,     3.0,a,    15.3,a,     8.2,a
1908,    -2.1,a,    -5.0,a,    -5.6,a,     7.0,a,    10.3,a,    12.9,a,    17.6,a,    15.2,a,    12.6,a,     5.7,a,     1.9,a,    -4.4,a,     5.5,a,    -3.0,a,     3.9,a,    15.2,a,     6.7,a
1909,   -14.1, ,    -7.4, ,      .2, ,      .6, ,     8.5, ,    14.3, ,    17.3, ,    16.9, ,    14.4, ,     6.7, ,    -4.1, ,   -10.1, ,     3.6, ,    -8.6,a,     3.1, ,    16.2, ,     5.7, 
1910,    -4.4, ,   -12.7, ,     5.9, ,    10.1, ,    12.0, ,    15.3, ,    19.1, ,    14.9, ,    11.1, ,     9.0, ,    -1.2, ,    -3.7, ,     6.3, ,    -9.1, ,     9.3, ,    16.4, ,     6.3, 
1911,    -9.5, ,    -9.0, ,     3.5, ,     3.2, ,     9.4, ,    16.6, ,    15.6, ,    14.5, ,    10.2, ,     6.1, ,    -6.0, ,    -5.0, ,     4.1, ,    -7.4, ,     5.4, ,    15.6, ,     3.4, 
1912,    -9.9, ,    -2.2, ,    -7.2, ,     6.9, ,    11.2, ,    16.9, ,    14.8, ,    15.9, ,     8.5, ,     5.8, ,     1.4, ,    -2.7, ,     5.0, ,    -5.7, ,     3.6, ,    15.9, ,     5.2, 
1913,   -13.7, ,   -10.0, ,    -7.3, ,     6.6, ,     9.2, ,    16.1, ,    16.3, ,    17.4, ,    12.7, ,     4.0, ,     1.7, ,    -2.2, ,     4.2, ,    -8.8, ,     2.8, ,    16.6, ,     6.1, 
1914,    -8.3, ,   -11.7, ,    -1.5, ,     5.8, ,    10.7, ,    14.4, ,    19.7, ,    16.7, ,    11.6, ,     6.1, ,     2.2, ,   -12.6, ,     4.4, ,    -7.4, ,     5.0, ,    16.9, ,     6.6, 
1915,    -8.2, ,    -6.7, ,    -1.8, ,     9.7, ,    10.1, ,    12.1, ,    14.9, ,    19.3, ,     9.7, ,     8.6, ,    -1.5, ,    -4.0, ,     5.2, ,    -9.2, ,     6.0, ,    15.4, ,     5.6, 
1916,   -22.8, ,    -7.6, ,     -.1, ,     6.9, ,     8.3, ,    13.4, ,    17.4, ,    15.8, ,    11.6, ,     4.5, ,      .2, ,   -11.1, ,     3.0, ,   -11.5, ,     5.0, ,    15.5, ,     5.4, 
1917,   -10.4, ,   -12.1, ,    -3.1, ,     3.4, ,     9.6, ,    13.3, ,    19.3, ,    16.4, ,    12.5, ,     5.3, ,     7.0, ,   -14.2, ,     3.9, ,   -11.2, ,     3.3, ,    16.3, ,     8.3, 
1918,   -10.0, ,    -8.0, ,      .3, ,     5.6, ,     9.4, ,    16.6, ,    17.9, ,    17.1, ,    12.6, ,     8.2, ,      .5, ,    -1.6, ,     5.7, ,   -10.7, ,     5.1, ,    17.2, ,     7.1, 
1919,     1.3, ,   -10.4, ,    -8.6, ,     7.3, ,    10.4, ,    15.4, ,    18.2, ,    18.3, ,    11.9, ,      .0, ,    -5.9, ,    -7.6, ,     4.2, ,    -3.6, ,     3.0, ,    17.3, ,     2.0, 
1920,   -11.5, ,    -4.2, ,    -3.0, ,     -.7, ,     8.4, ,    13.2, ,    19.5, ,    17.9, ,    11.7, ,     6.0, ,     -.4, ,    -5.6, ,     4.3, ,    -7.8, ,     1.6, ,    16.9, ,     5.8, 
1921,    -5.2, ,    -4.3, ,    -4.4, ,     5.0, ,     9.6, ,    16.5, ,    18.0, ,    16.7, ,     9.8, ,     9.5, ,    -5.2, ,    -6.0, ,     5.0, ,    -5.0, ,     3.4, ,    17.1, ,     4.7, 
1922,    -8.3, ,   -15.1, ,    -2.6, ,     2.6, ,    10.3, ,    16.4, ,    16.9, ,    17.9, ,    14.2, ,     8.0, ,      .8, ,   -10.2, ,     4.2, ,    -9.8, ,     3.4, ,    17.1, ,     7.7, 
1923,    -5.8, ,    -8.3, ,    -1.0, ,     4.9, ,    10.4, ,    15.1, ,    18.6, ,    16.4, ,    12.5, ,     6.7, ,     4.8, ,    -3.3, ,     5.9, ,    -8.1, ,     4.8, ,    16.7, ,     8.0, 
1924,   -10.2, ,     -.8, ,    -1.4, ,     4.2, ,    11.2, ,    12.9, ,    18.1, ,    15.7, ,    12.8, ,     8.4, ,    -2.8, ,   -12.4, ,     4.6, ,    -4.8, ,     4.7, ,    15.6, ,     6.1, 
1925,    -8.2, ,    -6.8, ,    -2.8, ,     6.7, ,    11.5, ,    15.6, ,    18.2, ,    16.5, ,    10.1, ,      .1, ,     1.0, ,     -.4, ,     5.1, ,    -9.1, ,     5.1, ,    16.8, ,     3.7, 
1926,    -2.0, ,    -1.3, ,     1.8, ,     6.8, ,    11.8, ,    14.4, ,    18.8, ,    15.0, ,     6.2, ,     7.5, ,    -2.9, ,    -6.9, ,     5.8, ,    -1.2, ,     6.8, ,    16.1, ,     3.6, 
1927,    -7.6, ,    -7.3, ,     -.2, ,     3.2, ,     7.4, ,    14.7, ,    16.5, ,    15.8, ,    10.8, ,     8.1, ,    -7.7, ,   -14.0, ,     3.3, ,    -7.3, ,     3.5, ,    15.7, ,     3.7, 
1928,    -5.4, ,    -3.3, ,      .1, ,     3.1, ,    13.6, ,    13.1, ,    17.4, ,    15.0, ,    11.6, ,     3.9, ,     1.0, ,    -3.5, ,     5.6, ,    -7.6, ,     5.6, ,    15.2, ,     5.5, 
1929,   -14.9, ,   -13.2, ,     1.5, ,     2.0, ,     9.3, ,    14.5, ,    17.8, ,    18.8, ,     9.5, ,     8.2, ,      .4, ,    -8.3, ,     3.8, ,   -10.5, ,     4.3, ,    17.0, ,     6.0, 
1930,   -15.4, ,      .4, ,     -.7, ,     8.4, ,     9.9, ,    14.1, ,    18.2, ,    18.5, ,    12.2, ,     4.4, ,     1.2, ,     1.8, ,     6.1, ,    -7.8, ,     5.9, ,    16.9, ,     5.9, 
1931,     1.8, ,     1.5, ,     -.4, ,     6.3, ,    11.7, ,    15.9, ,    18.1, ,    18.0, ,    12.1, ,     8.6, ,    -2.3, ,    -2.4, ,     7.4, ,     1.7, ,     5.9, ,    17.3, ,     6.1, 
1932,    -8.3, ,    -6.7, ,    -6.7, ,     6.9, ,    11.2, ,    15.8, ,    18.3, ,    17.3, ,    12.8, ,     5.5, ,    -1.0, ,    -6.4, ,     4.9, ,    -5.8, ,     3.8, ,    17.1, ,     5.8, 
1933,    -4.9, ,    -7.9, ,    -1.0, ,     3.5, ,    10.2, ,    16.7, ,    18.8, ,    17.4, ,    11.0, ,     4.7, ,     2.4, ,   -13.3, ,     4.8, ,    -6.4, ,     4.2, ,    17.6, ,     6.0, 
1934,     -.2, ,     -.6, ,     -.2, ,     9.1, ,    14.0, ,    14.0, ,    18.0, ,    17.0, ,     8.7, ,     8.3, ,     2.5, ,    -5.6, ,     7.1, ,    -4.7, ,     7.6, ,    16.3, ,     6.5, 
1935,   -11.6, ,      .0, ,    -4.8, ,     1.3, ,     9.1, ,    14.5, ,    18.5, ,    16.4, ,    12.9, ,     5.7, ,    -3.3, ,    -1.1, ,     4.8, ,    -5.7, ,     1.9, ,    16.5, ,     5.1, 
1936,   -11.3, ,   -23.4, ,    -1.9, ,     4.2, ,    14.4, ,    16.1, ,    21.3, ,    18.1, ,    12.8, ,     8.8, ,     2.7, ,    -8.1, ,     4.5, ,   -11.9, ,     5.6, ,    18.5, ,     8.1, 
1937,   -18.8, ,   -11.4, ,    -1.7, ,     7.0, ,    11.4, ,    14.7, ,    18.7, ,    16.2, ,    12.9, ,     9.0, ,    -3.0, ,    -5.9, ,     4.1, ,   -12.8, ,     5.6, ,    16.5, ,     6.3, 
1938,    -3.5, ,   -13.4, ,     -.3, ,     5.4, ,    10.2, ,    15.8, ,    19.1, ,    16.2, ,    17.0, ,     8.9, ,    -1.6, ,    -3.4, ,     5.9, ,    -7.6, ,     5.1, ,    17.0, ,     8.1, 
1939,    -1.0, ,   -13.1, ,    -1.7, ,     6.7, ,    12.7, ,    11.9, ,    19.3, ,    17.5, ,    12.4, ,     4.9, ,     5.7, ,      .6, ,     6.3, ,    -5.8, ,     5.9, ,    16.2, ,     7.7, 
1940,    -9.3, ,    -9.8, ,     1.0, ,     3.6, ,    13.1, ,    16.0, ,    18.5, ,    18.1, ,    15.1, ,     9.1, ,    -5.6, ,    -1.5, ,     5.7, ,    -6.2, ,     5.9, ,    17.5, ,     6.2, 
1941,    -5.3, ,    -4.2, ,      .4, ,     7.4, ,    10.9, ,    15.5, ,    19.9, ,    16.6, ,     9.4, ,     7.0, ,     2.7, ,    -4.5, ,     6.3, ,    -3.7, ,     6.2, ,    17.3, ,     6.4, 
1942,    -2.0, ,    -8.1, ,     1.2, ,     6.7, ,     9.6, ,    13.0, ,    17.7, ,    16.7, ,    12.2, ,     7.8, ,    -4.3, ,    -7.7, ,     5.2, ,    -4.9, ,     5.8, ,    15.8, ,     5.2, 
1943,   -17.0, ,    -2.4, ,    -6.7, ,     7.9, ,     9.1, ,    12.5, ,    19.1, ,    17.1, ,    12.2, ,     8.2, ,     1.8, ,    -1.2, ,     5.1, ,    -9.0, ,     3.4, ,    16.2, ,     7.4, 
1944,    -2.8, ,    -6.6, ,    -5.4, ,     7.5, ,    12.6, ,    14.1, ,    18.3, ,    16.1, ,    13.2, ,    10.8, ,    -2.1, ,    -3.8, ,     6.0, ,    -3.5, ,     4.9, ,    16.2, ,     7.3, 
1945,    -6.1, ,    -6.8, ,     1.0, ,     1.7, ,     9.3, ,    13.2, ,    18.9, ,    17.8, ,    10.2, ,     8.5, ,    -6.6, ,    -8.7, ,     4.4, ,    -5.6, ,     4.0, ,    16.6, ,     4.0, 
1946,    -2.8, ,    -3.3, ,     3.8, ,     9.0, ,     9.9, ,    13.9, ,    19.0, ,    16.8, ,    12.3, ,     3.7, ,    -6.0, ,    -6.6, ,     5.8, ,    -4.9, ,     7.6, ,    16.6, ,     3.3, 
1947,    -5.9, ,    -9.5, ,    -5.8, ,     6.8, ,    11.2, ,    14.1, ,    19.7, ,    15.9, ,    11.0, ,     8.5, ,    -3.2, ,    -2.7, ,     5.0, ,    -7.3, ,     4.1, ,    16.6, ,     5.4, 
1948,    -2.5, ,   -12.0, ,    -6.1, ,     1.9, ,    10.9, ,    15.6, ,    17.0, ,    17.4, ,    12.8, ,     8.4, ,      .8, ,   -11.0, ,     4.4, ,    -5.7, ,     2.2, ,    16.7, ,     7.3, 
1949,   -14.5, ,   -14.1, ,    -3.2, ,     9.2, ,    11.8, ,    14.1, ,    17.6, ,    18.1, ,    12.6, ,     4.0, ,     6.5, ,   -12.1, ,     4.2, ,   -13.2, ,     5.9, ,    16.6, ,     7.7, 
1950,   -26.0, ,    -3.5, ,    -4.6, ,     3.9, ,     9.5, ,    14.3, ,    17.4, ,    16.3, ,    12.7, ,     5.5, ,    -4.5, ,    -3.0, ,     3.2, ,   -13.9, ,     2.9, ,    16.0, ,     4.6, 
1951,   -11.5, ,    -8.0, ,    -8.7, ,     4.4, ,    11.1, ,    11.3, ,    17.7, ,    14.7, ,     9.8, ,     2.0, ,     -.5, ,   -11.3, ,     2.6, ,    -7.5, ,     2.3, ,    14.6, ,     3.8, 
1952,   -13.4, ,    -3.6, ,    -4.3, ,     8.1, ,    11.2, ,    14.0, ,    16.5, ,    16.0, ,    14.1, ,     8.8, ,      .2, ,    -1.7, ,     5.5, ,    -9.4, ,     5.0, ,    15.5, ,     7.7, 
1953,    -6.6, ,    -2.9, ,     -.9, ,     1.8, ,     9.5, ,    13.5, ,    17.7, ,    17.7, ,    12.9, ,    10.0, ,     3.5, ,    -2.2, ,     6.2, ,    -3.7, ,     3.5, ,    16.3, ,     8.8, 
1954,   -17.6, ,     1.8, ,    -6.4, ,     -.8, ,    10.7, ,    12.7, ,    18.0, ,    15.8, ,    11.3, ,     6.6, ,     6.0, ,     -.2, ,     4.8, ,    -6.0, ,     1.2, ,    15.5, ,     8.0, 
1955,    -6.2, ,    -8.4, ,    -6.9, ,     4.2, ,     7.9, ,    15.1, ,    17.5, ,    17.3, ,    11.1, ,     7.3, ,   -10.5, ,   -11.8, ,     3.1, ,    -4.9, ,     1.7, ,    16.6, ,     2.6, 
1956,   -12.4, ,   -10.2, ,    -1.5, ,     3.6, ,    11.0, ,    15.0, ,    18.1, ,    16.6, ,    12.3, ,     6.3, ,     2.2, ,    -4.4, ,     4.7, ,   -11.5, ,     4.4, ,    16.6, ,     6.9, 
1957,   -15.2, ,    -7.3, ,      .1, ,     5.0, ,    12.3, ,    14.8, ,    18.4, ,    15.6, ,    13.6, ,     2.3, ,      .2, ,     -.3, ,     5.0, ,    -9.0, ,     5.8, ,    16.3, ,     5.4, 
1958,     -.2, ,    -9.0, ,    -6.4, ,     5.6, ,    14.4, ,    14.8, ,    17.0, ,    19.2, ,    12.7, ,     8.9, ,    -1.7, ,    -3.2, ,     6.0, ,    -3.2, ,     4.5, ,    17.0, ,     6.6, 
1959,   -12.1, ,   -10.2, ,     1.9, ,     5.1, ,     8.1, ,    15.3, ,    18.9, ,    15.8, ,    10.5, ,     5.3, ,    -3.6, ,     -.2, ,     4.6, ,    -8.5, ,     5.0, ,    16.7, ,     4.1, 
1960,    -9.6, ,    -6.4, ,    -3.1, ,     5.3, ,     9.7, ,    15.0, ,    21.0, ,    16.7, ,    13.1, ,     8.6, ,     -.7, ,    -4.0, ,     5.5, ,    -5.4, ,     4.0, ,    17.6, ,     7.0, 
1961,    -2.6, ,    -1.9, ,     1.4, ,     4.0, ,    11.2, ,    19.0, ,    18.6, ,    19.6, ,     9.2, ,     6.0, ,    -2.6, ,    -9.5, ,     6.0, ,    -2.8, ,     5.5, ,    19.1, ,     4.2, 
1962,    -8.4, ,    -9.3, ,    -5.2, ,     8.7, ,    10.3, ,    15.4, ,    16.6, ,    17.2, ,    12.0, ,     9.0, ,     2.6, ,    -3.0, ,     5.5, ,    -9.1, ,     4.6, ,    16.4, ,     7.9, 
1963,   -12.9, ,    -1.6, ,     2.3, ,     5.9, ,    10.7, ,    15.2, ,    17.6, ,    17.6, ,    16.2, ,    10.0, ,     -.3, ,    -7.5, ,     6.1, ,    -5.8, ,     6.3, ,    16.8, ,     8.6, 
1964,    -4.8, ,      .7, ,    -4.2, ,     4.8, ,    10.3, ,    15.0, ,    18.5, ,    15.6, ,     9.3, ,     9.8, ,    -2.0, ,   -15.7, ,     4.8, ,    -3.9, ,     3.6, ,    16.4, ,     5.7, 
1965,   -10.2, ,    -5.9, ,    -6.6, ,     5.3, ,    10.1, ,    13.8, ,    18.5, ,    17.9, ,     6.0, ,    10.6, ,    -4.5, ,    -6.4, ,     4.1, ,   -10.6, ,     2.9, ,    16.7, ,     4.0, 
1966,   -15.4, ,    -6.3, ,     1.1, ,     3.6, ,    11.5, ,    14.1, ,    17.2, ,    15.8, ,    14.7, ,     7.0, ,    -4.7, ,    -5.3, ,     4.4, ,    -9.4, ,     5.4, ,    15.7, ,     5.7, 
1967,    -8.7, ,    -4.0, ,    -5.0, ,     -.7, ,     8.5, ,    14.0, ,    19.1, ,    19.0, ,    17.0, ,     8.2, ,     -.2, ,    -6.6, ,     5.1, ,    -6.0, ,      .9, ,    17.4, ,     8.3, 
1968,    -9.9, ,    -3.3, ,     3.6, ,     4.2, ,     9.4, ,    14.5, ,    17.2, ,    15.2, ,    12.4, ,     6.8, ,      .1, ,   -12.8, ,     4.8, ,    -6.6, ,     5.7, ,    15.6, ,     6.4, 
1969,   -23.8, ,   -11.7, ,    -4.1, ,     8.5, ,    12.1, ,    14.3, ,    16.9, ,    18.7, ,    13.2, ,     3.0, ,     3.8, ,    -3.0, ,     4.0, ,   -16.1, ,     5.5, ,    16.6, ,     6.7, 
1970,   -12.3, ,    -2.5, ,    -2.7, ,     3.9, ,    11.7, ,    18.0, ,    19.9, ,    18.7, ,    11.4, ,     5.7, ,    -4.4, ,    -8.9, ,     4.9, ,    -5.9, ,     4.3, ,    18.9, ,     4.2, 
1971,   -12.8, ,    -2.6, ,    -3.0, ,     6.5, ,    11.6, ,    14.9, ,    17.6, ,    21.0, ,    10.6, ,     5.5, ,    -1.1, ,   -12.6, ,     4.6, ,    -8.1, ,     5.0, ,    17.8, ,     5.0, 
1972,   -14.6, ,   -10.3, ,    -1.4, ,     4.0, ,    11.3, ,    16.5, ,    16.0, ,    19.0, ,     8.5, ,     3.8, ,      .5, ,   -10.0, ,     3.6, ,   -12.5, ,     4.6, ,    17.2, ,     4.3, 
1973,    -5.0, ,    -5.4, ,     2.9, ,     4.3, ,    12.0, ,    15.5, ,    18.5, ,    18.2, ,    12.3, ,     7.0, ,    -8.5, ,    -5.2, ,     5.6, ,    -6.8, ,     6.4, ,    17.4, ,     3.6, 
1974,   -10.5, ,    -2.0, ,    -2.7, ,     7.1, ,     9.1, ,    17.6, ,    18.3, ,    15.0, ,    11.7, ,     9.2, ,     1.7, ,    -1.3, ,     6.1, ,    -5.9, ,     4.5, ,    17.0, ,     7.5, 
1975,    -7.5, ,   -11.9, ,    -4.6, ,     -.5, ,     9.8, ,    14.2, ,    20.0, ,    15.2, ,    12.8, ,     5.8, ,    -1.8, ,    -3.7, ,     4.0, ,    -6.9, ,     1.6, ,    16.5, ,     5.6, 
1976,    -4.6, ,    -2.7, ,    -1.4, ,     7.3, ,    13.1, ,    13.2, ,    18.1, ,    17.5, ,    14.8, ,     5.5, ,      .7, ,    -2.2, ,     6.6, ,    -3.7, ,     6.3, ,    16.3, ,     7.0, 
1977,    -9.0, ,     3.3, ,      .1, ,     8.7, ,    11.5, ,    17.0, ,    17.3, ,    14.9, ,    11.2, ,     7.0, ,    -2.8, ,   -10.7, ,     5.7, ,    -2.6, ,     6.8, ,    16.4, ,     5.1, 
1978,   -14.6, ,   -10.8, ,     -.9, ,     5.1, ,    10.2, ,    15.7, ,    17.8, ,    16.0, ,    12.7, ,     8.4, ,    -5.1, ,    -8.5, ,     3.8, ,   -12.0, ,     4.8, ,    16.5, ,     5.3, 
1979,   -14.2, ,   -14.2, ,     1.2, ,     3.3, ,     9.5, ,    15.6, ,    18.1, ,    18.0, ,    14.8, ,     8.6, ,      .5, ,     -.6, ,     5.1, ,   -12.3, ,     4.7, ,    17.2, ,     8.0, 
1980,   -10.8, ,    -5.1, ,    -1.8, ,     9.3, ,    12.8, ,    15.3, ,    18.1, ,    14.8, ,    12.6, ,     8.9, ,     2.9, ,    -7.2,E,     5.8,E,    -5.5, ,     6.8, ,    16.1, ,     8.1, 
1981,     -.6, ,    -2.7, ,     2.6, ,     7.6, ,    11.4, ,    13.8, ,    17.3, ,    18.8, ,    14.0, ,     6.6,E,     3.8,E,    -6.4,E,     7.2,E,    -3.5,E,     7.2, ,    16.6, ,     8.1,E
1982,   -17.3, ,    -8.7, ,    -3.9,E,     2.8, ,     9.9, ,    15.5, ,    17.8,E,    16.8, ,    12.1, ,     7.5, ,    -3.7, ,    -3.6, ,     3.8,E,   -10.8,E,     2.9,E,    16.7,E,     5.3, 
1983,    -2.3, ,      .7, ,     -.1, ,     5.0, ,    11.0, ,    15.1,E,    17.5, ,    20.0, ,    11.4,E,     8.6,E,      .0, ,   -16.4, ,     5.9,E,    -1.7, ,     5.3, ,    17.5,E,     6.7,E
1984,    -1.9, ,     3.0, ,      .2, ,     6.7, ,    10.7, ,    15.0, ,    19.2, ,    19.4, ,     9.3, ,     3.8, ,    -1.3, ,   -11.8, ,     6.0, ,    -5.1, ,     5.9, ,    17.9, ,     3.9, 
1985,    -5.5, ,    -7.6, ,     1.0, ,     7.5, ,    13.2, ,    14.5, ,    19.5, ,    15.6, ,     8.0, ,     6.1, ,   -12.8, ,    -3.1, ,     4.7, ,    -8.3, ,     7.2, ,    16.5, ,      .4, 
1986,     1.1, ,    -9.2, ,     4.9, ,     6.0, ,    12.0, ,    17.4, ,    16.6, ,    18.4, ,     9.0, ,     8.9, ,    -3.3, ,      .0, ,     6.8, ,    -3.7, ,     7.6, ,    17.5, ,     4.9, 
1987,     -.4, ,      .5,E,      .0, ,     9.5, ,    13.3, ,    17.7, ,    17.7, ,    14.8, ,    14.9, ,     8.7, ,     4.1,E, -9999.9,M, -9999.9,M,      .0,E,     7.6, ,    16.7, ,     9.2,E
1988,    -6.7, ,    -2.7, ,     2.8,E,     8.0, ,    14.2, ,    18.7, ,    19.0, ,    17.5, ,    12.7, ,     9.0, ,      .7,E,    -4.3,E,     7.4,E, -9999.9,M,     8.3,E,    18.4, ,     7.5,E
1989,    -6.0, , -9999.9,M, -9999.9,M, -9999.9,M,    10.8, ,    16.1,E,    19.3, ,    17.3,E, -9999.9,M, -9999.9,M,     1.3, ,    -3.0,E, -9999.9,M, -9999.9,M, -9999.9,M,    17.6,E, -9999.9,M
1990, -9999.9,M, -9999.9,M, -9999.9,M, -9999.9,M, -9999.9,M, -9999.9,M, -9999.9,M, -9999.9,M, -9999.9,M, -9999.9,M, -9999.9,M, -9999.9,M, -9999.9,M, -9999.9,M, -9999.9,M, -9999.9,M, -9999.9,M
1991, -9999.9,M, -9999.9,M, -9999.9,M, -9999.9,M, -9999.9,M, -9999.9,M, -9999.9,M, -9999.9,M, -9999.9,M, -9999.9,M, -9999.9,M, -9999.9,M, -9999.9,M, -9999.9,M, -9999.9,M, -9999.9,M, -9999.9,M
1992, -9999.9,M, -9999.9,M, -9999.9,M, -9999.9,M, -9999.9,M, -9999.9,M, -9999.9,M, -9999.9,M, -9999.9,M, -9999.9,M, -9999.9,M, -9999.9,M, -9999.9,M, -9999.9,M, -9999.9,M, -9999.9,M, -9999.9,M
1993, -9999.9,M, -9999.9,M, -9999.9,M, -9999.9,M, -9999.9,M, -9999.9,M, -9999.9,M, -9999.9,M, -9999.9,M, -9999.9,M, -9999.9,M, -9999.9,M, -9999.9,M, -9999.9,M, -9999.9,M, -9999.9,M, -9999.9,M
1994, -9999.9,M, -9999.9,M, -9999.9,M, -9999.9,M, -9999.9,M, -9999.9,M, -9999.9,M,    17.8, ,    15.6,E,     6.7,E,    -1.9,E,    -3.3, , -9999.9,M, -9999.9,M, -9999.9,M, -9999.9,M,     6.8,E
1995,    -6.8,E,    -2.6,E,     -.7,E,     4.2,E,    10.1, ,    14.5, ,    17.3, ,    15.7, ,    12.4, ,     5.8, ,    -1.5, ,    -9.5,E,     4.9,E,    -4.2,E,     4.5,E,    15.8, ,     5.6, 
1996,   -15.4,E,    -4.1,E,    -3.9, ,     7.5,E,     8.7, ,    15.7, ,    18.4,E,    19.5,E,    11.3, ,     6.0,E,    -7.5, ,   -10.8, ,     3.8,E,    -9.7,E,     4.1,E,    17.9,E,     3.3,E
1997,   -10.8,E,     -.3, ,    -1.1,E,     3.6,E,    11.2,E,    15.9, ,    18.1, ,    18.5, ,    15.9,E,     7.3, ,      .0,E,    -1.2,E,     6.4,E,    -7.3,E,     4.6,E,    17.5, ,     7.7,E
1998,   -10.5,E,      .3,E,    -2.5, ,     7.9,E,    13.5,E,    14.3, ,    20.3, ,    20.1, ,    16.0,E,     8.7, ,      .2,E,    -6.3,E,     6.8,E,    -3.8,E,     6.3,E,    18.2, ,     8.3,E
1999,    -5.6,E,     1.4,E,     1.9,E,     5.9,E,    10.2,E,    14.5, ,    16.4, ,    18.6, ,    12.6, ,     8.1, ,     4.2,E,     1.7,E,     7.5,E,    -3.5,E,     6.0,E,    16.5, ,     8.3,E
2000,    -8.4,E,    -4.0,E,     2.2,E,     6.4,E,    12.1, ,    15.3, ,    19.8, ,    18.7,E,    13.0, ,     7.3, ,    -2.1, ,    -8.8,E,     6.0,E,    -3.6,E,     6.9,E,    17.9,E,     6.1, 
2001,     -.8, ,   -10.0,E,     2.1,E,     6.0,E,    13.8, ,    15.4,E,    19.4,E,    20.9,E,    15.4, ,     6.9,E,     2.7,E,    -5.2,E,     7.2,E,    -6.5,E,     7.3,E,    18.6,E,     8.3,E
2002,    -3.5,E,    -1.1, ,   -11.0, ,     2.5,E,     9.0,E,    15.9, ,    20.0,E,    15.5, ,    12.4, ,     3.0, ,     3.9, ,    -1.2, ,     5.5,E,    -3.3,E,      .2,E,    17.1,E,     6.4, 
2003,    -4.2, ,    -5.8, ,    -1.6,E,     6.4,E,    10.4,E,    15.8, ,    20.3, ,    20.3, ,    13.1,E,     9.5, ,    -4.2,E,     -.9, ,     6.6,E,    -3.7, ,     5.1,E,    18.8, ,     6.1,E
2004,    -9.1,E,    -1.4, ,     3.6, ,     7.9, ,     9.8, ,    14.2, ,    20.3, ,    17.4, ,    12.3, ,     6.2, ,     2.8, ,    -2.8, ,     6.8,E,    -3.8,E,     7.1, ,    17.3, ,     7.1, 
2005,    -7.6, ,     -.6, ,     2.0, ,     6.8, ,    11.8, ,    14.3, ,    18.8, ,    16.5, ,    12.5, ,     8.2, ,     2.7, ,    -3.2, ,     6.9, ,    -3.7, ,     6.9, ,    16.5, ,     7.8, 
2006,     1.9, ,    -3.3, ,    -1.3, ,     8.2, ,    13.3,E,    16.7, ,    20.9, ,    18.7, ,    13.9, ,     5.7, ,    -2.4, ,     -.6, ,     7.6,E,    -1.5, ,     6.7,E,    18.8, ,     5.7, 
2007,    -2.6, ,    -6.0, ,     4.8, ,     5.4, ,    12.4, ,    16.7, ,    22.8, ,    17.9,E,    12.5, ,     8.6, ,      .1, ,    -5.9,E,     7.2,E,    -3.1, ,     7.5, ,    19.1,E,     7.1, 
2008,    -6.5,E,    -4.3, ,     1.6, ,     3.9, ,    12.1, ,    15.0, ,    17.8, ,    18.0, ,    12.9, ,     7.8, ,     4.4, ,    -9.9, ,     6.1,E,    -5.6,E,     5.9, ,    16.9, ,     8.4, 
2009,    -4.8,E,    -5.0, ,    -1.4, ,     5.2, ,    11.0, ,    14.3, ,    17.6, ,    17.4, ,    16.8, ,     3.6, ,     3.8, ,   -11.6, ,     5.6,E,    -6.6,E,     4.9, ,    16.4, ,     8.1, 
2010,    -5.0,E,    -3.2,E,     5.0, ,     6.0, ,     8.7, ,    15.0,E,    17.9, ,    17.0, ,    11.6,E,     9.8, ,    -3.0, ,    -6.5, ,     6.1,E,    -6.6,E,     6.6, ,    16.6,E,     6.1,E
2011,    -8.3,E,    -8.5, ,    -3.5, ,     4.2, ,    10.1, ,    14.7, ,    18.2, ,    18.8, ,    16.3, ,     7.9, ,      .2, ,     -.5, ,     5.8,E,    -7.8,E,     3.6, ,    17.2, ,     8.1, 
2012,    -2.8,E,    -3.1, ,     2.8, ,     7.6, ,    10.8, ,    15.4, ,    20.0, ,    19.0, ,    15.4, ,     4.4, ,     -.5, ,    -7.3, ,     6.8,E,    -2.1,E,     7.1, ,    18.1, ,     6.4, 
