3073641,KEG RIVER      ,AB, station joined    , Monthly mean of homogenized daily mean temperature                     , °C,          Updated to December 2012
3073641,KEG RIVER      ,AB, station jointe    , Moyenne mensuelle des températures homogénéisées moyennes quotidiennes , °C, Mise à jour jusqu à décembre 2012
Year,     Jan, ,     Feb, ,     Mar, ,     Apr, ,     May, ,     Jun, ,     Jul, ,     Aug, ,     Sep, ,     Oct, ,     Nov, ,     Dec, ,  Annual, ,  Winter, ,  Spring, ,  Summer, ,  Autumn
Year,    Janv, ,     Fév, ,    Mars, ,     Avr, ,     Mai, ,    Juin, ,    Juil, ,    Août, ,    Sept, ,     Oct, ,     Nov, ,     Déc, ,  Annuel, ,   Hiver, ,Printemp, ,     Eté, , Automne
1935, -9999.9,M, -9999.9,M, -9999.9,M, -9999.9,M, -9999.9,M, -9999.9,M, -9999.9,M,    12.4, ,     9.4, ,     -.3, ,   -12.4, ,   -13.7, , -9999.9,M, -9999.9,M, -9999.9,M, -9999.9,M,    -1.1, 
1936,   -26.4, ,   -28.9, ,    -7.0, ,    -1.6, ,    11.2, ,    12.2, ,    15.0, ,    14.5, ,     6.5, ,     3.3, ,    -1.8, ,   -20.1, ,    -1.9, ,   -23.0, ,      .9, ,    13.9, ,     2.7, 
1937,   -21.3, ,   -18.5, ,    -9.8, ,     3.9, ,    10.0, ,    15.2, ,    15.5, ,    13.0, ,     9.8, ,     3.4, ,   -13.1, ,   -21.9, ,    -1.2, ,   -20.0, ,     1.4, ,    14.6, ,      .0, 
1938,   -17.5, ,   -19.3, ,    -4.5, ,     2.4, ,     8.7, ,    14.2, ,    16.8, ,    13.3, ,    14.3, ,     5.1, ,    -7.8, ,   -12.8, ,     1.1, ,   -19.6, ,     2.2, ,    14.8, ,     3.9, 
1939,   -19.3, ,   -22.5, ,   -11.8, ,     2.5, ,     9.8, ,    11.7, ,    15.4, ,    14.7, ,     7.8, ,     -.9, ,    -4.1, ,    -8.8, ,     -.5, ,   -18.2, ,      .2, ,    13.9, ,      .9, 
1940,   -18.5, ,   -13.9, ,    -6.1, ,     3.2, ,     9.5, ,    11.3, ,    15.2, ,    15.1, ,    11.9, ,     3.7, ,   -14.1, ,   -18.7, ,     -.1, ,   -13.7, ,     2.2, ,    13.9, ,      .5, 
1941,   -21.2, ,   -14.8, ,    -6.7, ,     5.4, ,     8.0, ,    14.5, ,    17.9, ,    12.9, ,     5.8, ,     3.4, ,    -8.7, ,   -18.3, ,     -.2, ,   -18.2, ,     2.2, ,    15.1, ,      .2, 
1942,    -6.9, ,   -13.1, ,    -4.2, ,      .6, ,     9.5, ,    14.1, ,    15.4, ,    14.8, ,     9.3, ,     4.6, ,   -13.1, ,   -24.2, ,      .6, ,   -12.8, ,     2.0, ,    14.8, ,      .3, 
1943,   -19.6, ,   -10.8, ,   -13.4, ,     4.7, ,     7.3, ,    12.2, ,    14.8, ,    13.3, ,    10.9, ,     5.0, ,    -1.9, ,    -9.4, ,     1.1, ,   -18.2, ,     -.5, ,    13.4, ,     4.7, 
1944,    -9.8, ,   -14.6, ,    -8.8, ,     5.3, ,    10.9, ,    13.8, ,    15.8, ,    14.3, ,     9.5, ,     5.2, ,    -8.1, ,    -9.8, ,     2.0, ,   -11.3, ,     2.5, ,    14.6, ,     2.2, 
1945,   -16.5, ,   -13.8, ,    -4.6, ,    -4.7, ,     7.8, ,    13.4, ,    15.8, ,    15.7, ,     8.0, ,     4.5, ,   -17.1, ,   -23.7, ,    -1.3, ,   -13.4, ,     -.5, ,    15.0, ,    -1.5, 
1946,   -20.1, ,   -21.4, ,    -4.8, ,     3.7, ,     8.7, ,    12.4, ,    15.6, ,    13.9, ,     9.6, ,     2.5, ,   -11.5, ,   -24.3, ,    -1.3, ,   -21.7, ,     2.5, ,    14.0, ,      .2, 
1947,   -22.5, ,   -23.2, ,    -9.5, ,    -1.8, ,     8.0, ,    13.2, ,    16.1, ,    11.8, ,     8.0, ,     4.2, ,    -9.4, ,   -13.3, ,    -1.5, ,   -23.3, ,    -1.1, ,    13.7, ,      .9, 
1948,   -12.4, ,   -21.1, ,   -14.4, ,    -6.4, ,    11.1, ,    14.7, ,    16.3, ,    15.0, ,    10.0, ,     5.7, ,    -8.1, ,   -21.4, ,     -.9, ,   -15.6, ,    -3.2, ,    15.3, ,     2.5, 
1949,   -18.5, ,   -23.4, ,    -7.2, ,     6.0, ,     8.3, ,    11.6, ,    14.7, ,    14.9, ,    10.2, ,     1.3, ,     -.8, ,   -23.4, ,     -.5, ,   -21.1, ,     2.4, ,    13.7, ,     3.6, 
1950,   -30.3, ,   -21.3, ,   -12.8, ,    -1.0, ,     9.5, ,    14.5, ,    16.1, ,    11.8, ,    11.0, ,     -.1, ,   -16.2, ,   -19.6, ,    -3.2, ,   -25.0, ,    -1.4, ,    14.1, ,    -1.8, 
1951,   -21.4, ,   -17.3, ,   -15.6, ,      .6, ,     7.9, ,    11.4, ,    15.0, ,    13.8, ,     9.1, ,    -2.2, ,   -11.0, ,   -23.7, ,    -2.8, ,   -19.4, ,    -2.4, ,    13.4, ,    -1.4, 
1952,   -26.2, ,   -17.1, ,   -10.2, ,     4.1, ,    11.4, ,    13.0, ,    15.9, ,    13.4, ,     8.9, ,     5.8, ,    -1.5, ,   -13.7, ,      .3, ,   -22.3, ,     1.8, ,    14.1, ,     4.4, 
1953,   -25.6, ,    -9.7, ,    -8.4, ,     -.1, ,    10.0, ,    12.5, ,    15.2, ,    15.4, ,     8.7, ,     4.9, ,    -5.6, ,   -13.7, ,      .3, ,   -16.3, ,      .5, ,    14.4, ,     2.7, 
1954,   -28.3, ,   -10.6, ,    -8.1, ,    -8.4, ,     9.0, ,    13.6, ,    15.1, ,    13.9, ,     8.8, ,     4.3, ,    -2.3, ,   -10.9, ,     -.3, ,   -17.5, ,    -2.5, ,    14.2, ,     3.6, 
1955,   -16.8, ,   -18.7, ,   -16.1, , -9999.9,M, -9999.9,M,    15.1, ,    15.2, ,    14.1, ,     7.6, ,     2.6, ,   -19.3, ,   -23.0, , -9999.9,M,   -15.5, , -9999.9,M,    14.8, ,    -3.0, 
1956,   -25.9, ,   -19.2, ,    -9.5, ,      .5, ,    10.8, ,    13.2, ,    15.8, ,    14.3, ,     7.0, , -9999.9,M,    -2.2, ,   -17.9, , -9999.9,M,   -22.7, ,      .6, ,    14.4, , -9999.9,M
1957,   -15.9, ,   -19.4, ,    -9.7, ,     2.0, ,     8.8, ,    12.0, ,    14.4, ,    13.2, ,    11.7, ,      .3, ,    -6.8, , -9999.9,M, -9999.9,M,   -17.7, ,      .4, ,    13.2, ,     1.7, 
1958, -9999.9,M, -9999.9,M, -9999.9,M,     3.8, ,    11.9, ,    13.3, ,    16.4, ,    15.4, ,     8.0, ,     5.0, ,    -8.9, ,   -18.4, , -9999.9,M, -9999.9,M, -9999.9,M,    15.0, ,     1.4, 
1959,   -27.5, ,   -14.0, ,    -5.2, ,     2.8, ,     7.2, , -9999.9,M,    17.7, ,    12.3, ,     8.5, ,      .2, ,   -10.7, ,    -6.5, , -9999.9,M,   -20.0, ,     1.6, , -9999.9,M,     -.7, 
1960,   -21.3, ,   -13.9, , -9999.9,M,     3.6, ,     8.4, ,    12.6, ,    17.0, ,    14.3, ,    10.2, ,     2.9, ,   -11.7, ,   -13.5, , -9999.9,M,   -13.9, , -9999.9,M,    14.6, ,      .5, 
1961,   -18.7, ,   -13.9, ,    -8.8, ,     -.2, ,     9.0, ,    16.7, ,    16.9, ,    16.4, ,     7.2, ,      .2, ,   -10.4, ,   -27.2, ,    -1.1, ,   -15.4, ,      .0, ,    16.7, ,    -1.0, 
1962,   -17.4, ,   -21.8, ,   -14.6, ,     1.7, ,     7.8, ,    13.5, ,    15.4, ,    14.6, ,     9.4, ,     4.3, ,    -7.0, ,   -14.1, ,     -.7, ,   -22.1, ,    -1.7, ,    14.5, ,     2.2, 
1963,   -26.3, ,   -23.2, , -9999.9,M, -9999.9,M, -9999.9,M, -9999.9,M, -9999.9,M,    14.7, ,    11.1, , -9999.9,M, -9999.9,M, -9999.9,M, -9999.9,M,   -21.2, , -9999.9,M, -9999.9,M, -9999.9,M
1964, -9999.9,M, -9999.9,M, -9999.9,M,      .8, ,     8.6, , -9999.9,M, -9999.9,M, -9999.9,M, -9999.9,M,     5.4, ,    -9.8, ,   -21.4, , -9999.9,M, -9999.9,M, -9999.9,M, -9999.9,M, -9999.9,M
1965,   -21.2, ,   -23.3, ,    -8.8, ,     3.3, ,     9.4, ,    13.2, , -9999.9,M,    15.5, ,     5.3, , -9999.9,M, -9999.9,M, -9999.9,M, -9999.9,M,   -22.0, ,     1.3, , -9999.9,M, -9999.9,M
1966, -9999.9,M, -9999.9,M, -9999.9,M,    -4.8, ,     9.8, ,    11.9, ,    14.3, ,    13.1, , -9999.9,M, -9999.9,M, -9999.9,M, -9999.9,M, -9999.9,M, -9999.9,M, -9999.9,M,    13.1, , -9999.9,M
1967, -9999.9,M, -9999.9,M, -9999.9,M, -9999.9,M,     7.8, ,    12.3, ,    14.9, ,    14.8, ,    10.9,E, -9999.9,M, -9999.9,M, -9999.9,M, -9999.9,M, -9999.9,M, -9999.9,M,    14.0, , -9999.9,M
1968, -9999.9,M, -9999.9,M, -9999.9,M, -9999.9,M,     7.9, ,    11.9, ,    13.1, ,    11.4, ,     7.5, , -9999.9,M, -9999.9,M, -9999.9,M, -9999.9,M, -9999.9,M, -9999.9,M,    12.1, , -9999.9,M
1969, -9999.9,M, -9999.9,M, -9999.9,M, -9999.9,M,     9.2, ,    12.6, ,    14.4, ,    13.1, , -9999.9,M, -9999.9,M, -9999.9,M, -9999.9,M, -9999.9,M, -9999.9,M, -9999.9,M,    13.4, , -9999.9,M
1970, -9999.9,M, -9999.9,M, -9999.9,M, -9999.9,M,     8.2,E,    14.2, ,    14.5, ,    14.0, , -9999.9,M, -9999.9,M, -9999.9,M, -9999.9,M, -9999.9,M, -9999.9,M, -9999.9,M,    14.2, , -9999.9,M
1971, -9999.9,M, -9999.9,M, -9999.9,M, -9999.9,M,     8.8, ,    14.3, ,    16.1, ,    14.8,E,     7.6, , -9999.9,M, -9999.9,M, -9999.9,M, -9999.9,M, -9999.9,M, -9999.9,M,    15.1,E, -9999.9,M
1972, -9999.9,M, -9999.9,M, -9999.9,M, -9999.9,M,     9.9, ,    12.6,E,    13.4, ,    14.6, ,     4.1, , -9999.9,M, -9999.9,M, -9999.9,M, -9999.9,M, -9999.9,M, -9999.9,M,    13.5,E, -9999.9,M
1973, -9999.9,M, -9999.9,M, -9999.9,M,     3.3, , -9999.9,M,    12.7, ,    15.2, ,    11.9, ,     8.5, , -9999.9,M, -9999.9,M, -9999.9,M, -9999.9,M, -9999.9,M, -9999.9,M,    13.3, , -9999.9,M
1974, -9999.9,M, -9999.9,M, -9999.9,M, -9999.9,M,     6.9, ,    12.9, ,    13.6, ,    12.3, ,     7.1, ,     4.0, , -9999.9,M, -9999.9,M, -9999.9,M, -9999.9,M, -9999.9,M,    12.9, , -9999.9,M
1975, -9999.9,M, -9999.9,M, -9999.9,M, -9999.9,M,     9.1, , -9999.9,M,    16.8, ,    11.5, ,    10.8, ,     2.0, , -9999.9,M, -9999.9,M, -9999.9,M, -9999.9,M, -9999.9,M, -9999.9,M, -9999.9,M
1976, -9999.9,M, -9999.9,M, -9999.9,M, -9999.9,M,     9.6, ,    11.7,E,    15.5,E,    14.8, ,    11.0, , -9999.9,M, -9999.9,M, -9999.9,M, -9999.9,M, -9999.9,M, -9999.9,M,    14.0,E, -9999.9,M
1977, -9999.9,M, -9999.9,M, -9999.9,M,     5.7, ,    10.8, ,    13.9, ,    14.2, ,    11.7, ,     8.9, , -9999.9,M, -9999.9,M, -9999.9,M, -9999.9,M, -9999.9,M, -9999.9,M,    13.3, , -9999.9,M
1978, -9999.9,M, -9999.9,M, -9999.9,M,     3.6, ,     8.4, ,    13.5, ,    13.8, ,    12.3, ,     8.4, , -9999.9,M, -9999.9,M, -9999.9,M, -9999.9,M, -9999.9,M, -9999.9,M,    13.2, , -9999.9,M
1979, -9999.9,M, -9999.9,M, -9999.9,M,    -2.4, ,     7.0, ,    12.3, , -9999.9,M, -9999.9,M, -9999.9,M, -9999.9,M, -9999.9,M,   -12.6, , -9999.9,M, -9999.9,M, -9999.9,M, -9999.9,M, -9999.9,M
1980,   -20.8, ,   -11.5, , -9999.9,M, -9999.9,M, -9999.9,M, -9999.9,M, -9999.9,M, -9999.9,M, -9999.9,M, -9999.9,M, -9999.9,M, -9999.9,M, -9999.9,M,   -15.0, , -9999.9,M, -9999.9,M, -9999.9,M
1981, -9999.9,M, -9999.9,M, -9999.9,M, -9999.9,M, -9999.9,M, -9999.9,M, -9999.9,M, -9999.9,M, -9999.9,M, -9999.9,M, -9999.9,M,   -19.5, , -9999.9,M, -9999.9,M, -9999.9,M, -9999.9,M, -9999.9,M
1982,   -31.2, ,   -18.8, ,   -11.6,E, -9999.9,M,     8.6, ,    15.3, ,    16.8, ,    11.1, ,    10.0, , -9999.9,M,   -13.3, ,   -18.5, , -9999.9,M,   -23.2, , -9999.9,M,    14.4, , -9999.9,M
1983,   -21.4, ,   -15.9, ,   -11.0, , -9999.9,M, -9999.9,M,    13.6,E,    16.1,E, -9999.9,M, -9999.9,M, -9999.9,M,    -7.8, ,   -23.4, , -9999.9,M,   -18.6, , -9999.9,M, -9999.9,M, -9999.9,M
1984,   -15.5, ,    -8.9, ,    -5.9, ,     5.2, ,     7.9,E,    14.0, ,    16.1, ,    14.9, ,     6.0, ,     -.5, ,   -15.9, ,   -22.4, ,     -.4,E,   -15.9, ,     2.4,E,    15.0, ,    -3.5, 
1985,   -11.7,E,   -22.3, ,    -4.1, ,     2.8, ,    10.0, ,    12.8,E,    15.1, ,    12.2, ,     6.5, ,     -.6, ,   -18.4, ,   -12.8, ,     -.9,E,   -18.8,E,     2.9, ,    13.4,E,    -4.2, 
1986,   -13.8, ,   -16.8, ,    -5.6, ,     1.2, ,     9.4, ,    13.1, ,    15.3, ,    13.7, ,     6.6, ,     2.8, ,   -16.7, ,    -9.0, ,      .0, ,   -14.5, ,     1.7, ,    14.0, ,    -2.4, 
1987,   -13.0, ,   -10.5, ,   -11.7, ,     5.2, ,     9.7, ,    14.0, ,    15.4, ,    12.2, ,    10.7, ,     3.5, ,    -4.5, ,   -11.6, ,     1.6, ,   -10.8, ,     1.1, ,    13.9, ,     3.2, 
1988,   -19.5, ,   -15.4,E,    -2.0, ,     3.9, ,     9.0, ,    13.7, ,    15.2, ,    14.7, ,     9.4,E,     2.4, ,   -12.0, ,   -13.0,E,      .5,E,   -15.5,E,     3.6, ,    14.5, ,     -.1,E
1989,   -19.5, ,   -12.7, ,   -13.7, ,     2.0, ,     9.5, ,    14.7, ,    16.4, ,    15.9, ,     8.0,E,     1.2, ,   -14.8,E,   -14.2,E,     -.6,E,   -15.1,E,     -.7, ,    15.7, ,    -1.9,E
1990,   -20.1, ,   -21.0,E,    -3.2, ,     2.2,E,    10.3, ,    14.1,E, -9999.9,M, -9999.9,M,    10.2, ,    -1.9,E,   -17.6,E,   -20.8,E, -9999.9,M,   -18.4,E,     3.1,E, -9999.9,M,    -3.1,E
1991,   -16.6,E,    -9.1, ,    -8.2,E,     5.5, ,    11.1, ,    14.5,E,    15.7, ,    15.7, ,     9.4, ,    -1.2,E,   -12.8, ,   -14.2, ,      .8,E,   -15.5,E,     2.8,E,    15.3,E,    -1.5,E
1992,   -13.2,E,   -13.4, ,    -1.2, ,     2.4, ,     8.9, ,    14.0, ,    14.2,E,    13.1, ,     4.6, ,     1.2, , -9999.9,M,   -20.5, , -9999.9,M,   -13.6,E,     3.4, ,    13.8,E, -9999.9,M
1993,   -17.0, ,   -13.0, ,    -1.4, ,     4.0, , -9999.9,M, -9999.9,M,    14.1, ,    13.7,E,     9.3, ,     2.8, ,    -8.9, ,   -12.8, , -9999.9,M,   -16.8, , -9999.9,M, -9999.9,M,     1.1, 
1994,   -22.5,E,   -24.9, ,    -2.1,E, -9999.9,M, -9999.9,M, -9999.9,M, -9999.9,M, -9999.9,M, -9999.9,M, -9999.9,M, -9999.9,M, -9999.9,M, -9999.9,M,   -20.1,E, -9999.9,M, -9999.9,M, -9999.9,M
1995,   -15.9, ,   -16.5,E,   -12.1,E,     -.1, ,    10.3, ,    14.6, ,    14.1, ,    11.6, ,    10.6, ,     1.4, ,   -14.4, ,   -20.5,E,    -1.4,E, -9999.9,M,     -.6,E,    13.4, ,     -.8, 
1996,   -28.2, ,   -14.4, ,   -11.8,E,     1.2,E,     6.3,E,    13.1, ,    15.2, ,    13.9, ,     8.1, ,    -2.5, ,   -14.7, ,   -22.2, ,    -3.0,E,   -21.0,E,    -1.4,E,    14.1, ,    -3.0, 
1997,   -22.6, ,   -10.5, ,   -12.1,E,     -.7,E,     8.1, ,    14.0, ,    16.2, ,    15.0,E,    10.4, ,    -1.2, ,    -5.8, ,    -8.5,E,      .2,E,   -18.4, ,    -1.6,E,    15.1,E,     1.1, 
1998,   -25.2, ,   -10.6, ,    -5.6,E,     5.9, ,    12.4,E,    14.1, ,    16.8, ,    15.4, ,     9.3, ,     2.3, ,    -8.9, ,   -15.7, ,      .9,E,   -14.8,E,     4.2,E,    15.4, ,      .9, 
1999,   -19.6, ,   -12.9, ,    -3.8,E,     4.1,E,     9.0, ,    13.1, ,    15.0, ,    15.4,E,     9.3, ,     3.5, ,    -6.6,E,   -11.4,E,     1.3,E,   -16.1, ,     3.1,E,    14.5,E,     2.1,E
2000,   -20.1, ,    -9.5, ,    -3.3, ,     2.2, ,     7.3, ,    13.5, ,    16.6,E,    13.2, ,     8.5, ,     2.3,E,    -6.5,E,   -19.8,E,      .4,E,   -13.7,E,     2.1, ,    14.4,E,     1.4,E
2001,    -8.0, ,   -15.1, ,    -5.8, ,     4.0, ,     9.6, ,    14.3, ,    16.9, ,    15.9, ,    11.2, ,     1.6, ,    -7.0, , -9999.9,M, -9999.9,M,   -14.3,E,     2.6, ,    15.7, ,     1.9, 
2002,   -17.2,E,   -12.0, ,   -14.7,E,    -2.1,E,     6.7,E,    15.6,E,    16.2, ,    14.2, ,     8.3,E,     1.2, , -9999.9,M,   -11.0,E, -9999.9,M, -9999.9,M,    -3.4,E,    15.3,E, -9999.9,M
2003,   -17.2, ,   -15.2, ,   -10.8, , -9999.9,M,    10.1,E,    13.5,E,    17.4,E, -9999.9,M,     9.5, ,     4.4,E, -9999.9,M, -9999.9,M, -9999.9,M,   -14.5,E, -9999.9,M, -9999.9,M, -9999.9,M
2004, -9999.9,M, -9999.9,M, -9999.9,M, -9999.9,M,     6.5, ,    14.5, ,    17.7, ,    13.6, ,     7.4, ,     1.2, ,    -6.0, ,   -16.5, , -9999.9,M, -9999.9,M, -9999.9,M,    15.3, ,      .9, 
2005,   -20.1, ,   -10.9, ,    -4.0, ,     5.8, ,    10.7, ,    14.2, ,    15.8, ,    13.9,E,     9.5, ,     4.7, ,    -4.0, ,    -8.4, ,     2.3,E,   -15.8, ,     4.2, ,    14.6,E,     3.4, 
2006, -9999.9,M,   -10.7, , -9999.9,M, -9999.9,M,    11.5, ,    15.7, ,    16.6,E,    14.9, ,    10.8, ,     2.2, ,   -17.2, ,    -6.9,E, -9999.9,M, -9999.9,M, -9999.9,M,    15.7,E,    -1.4, 
2007,   -11.4, ,   -17.5,E,   -10.3, ,     3.3,E,     9.5,E,    14.8, ,    18.4, ,    13.0,E,     8.3,E,     4.6,E,    -8.5,E, -9999.9,M, -9999.9,M,   -11.9,E,      .8,E,    15.4,E,     1.5,E
