3061200,CAMPSIE        ,AB, station not joined, Monthly mean of homogenized daily mean temperature                     , °C,          Updated to December 2012
3061200,CAMPSIE        ,AB, station non-jointe, Moyenne mensuelle des températures homogénéisées moyennes quotidiennes , °C, Mise à jour jusqu à décembre 2012
Year,     Jan, ,     Feb, ,     Mar, ,     Apr, ,     May, ,     Jun, ,     Jul, ,     Aug, ,     Sep, ,     Oct, ,     Nov, ,     Dec, ,  Annual, ,  Winter, ,  Spring, ,  Summer, ,  Autumn
Year,    Janv, ,     Fév, ,    Mars, ,     Avr, ,     Mai, ,    Juin, ,    Juil, ,    Août, ,    Sept, ,     Oct, ,     Nov, ,     Déc, ,  Annuel, ,   Hiver, ,Printemp, ,     Eté, , Automne
1912, -9999.9,M, -9999.9,M, -9999.9,M, -9999.9,M, -9999.9,M, -9999.9,M, -9999.9,M, -9999.9,M,     7.5, ,     2.5, ,    -2.8, ,    -7.9, , -9999.9,M, -9999.9,M, -9999.9,M, -9999.9,M,     2.4, 
1913,   -19.3, ,   -11.4, ,    -8.1, ,     5.0, ,     7.8, ,    13.4, ,    14.4, ,    13.8, ,     9.1, ,     1.6, ,    -4.2, ,    -8.1, ,     1.2, ,   -12.9, ,     1.6, ,    13.9, ,     2.2, 
1914,   -15.7, ,   -15.1, ,    -3.5, ,     3.9, ,     9.1, ,    13.0, ,    16.3, ,    14.0, ,     8.1, ,     4.4, ,    -4.2, ,   -14.8, ,     1.3, ,   -13.0, ,     3.2, ,    14.4, ,     2.8, 
1915,   -13.3, ,   -11.5, ,    -1.6, ,     7.7, ,    10.3, ,    11.6, ,    13.5, ,    16.9, ,     7.3, ,     4.3, ,    -6.6, ,   -10.7, ,     2.3, ,   -13.2, ,     5.5, ,    14.0, ,     1.7, 
1916,   -27.1, ,   -10.8, ,    -8.4, ,     4.7, ,     8.2, ,    12.5, ,    14.0, ,    13.2, ,     9.1, ,     4.0, ,    -3.8, ,   -16.8, ,     -.1, ,   -16.2, ,     1.5, ,    13.2, ,     3.1, 
1917,   -17.1, ,   -17.5, ,    -7.3, ,      .9, ,     7.8, ,    11.6, ,    15.9, ,    13.8, ,     9.1, ,     2.2, ,     1.8, ,   -23.5, ,     -.2, ,   -17.1, ,      .5, ,    13.8, ,     4.4, 
1918,   -16.5, ,   -13.4, ,    -5.4, ,     4.0, ,     7.2, ,    12.7, ,    13.9, ,    14.2, ,     9.6, ,     3.1, ,    -4.2, ,    -9.0, ,     1.4, ,   -17.8, ,     1.9, ,    13.6, ,     2.8, 
1919,    -9.3, ,   -16.6, ,   -12.6, ,     5.4, ,     8.4, , -9999.9,M,    14.9, ,    14.7, ,    10.0, ,    -2.7, ,   -13.0, ,   -14.4, , -9999.9,M,   -11.6, ,      .4, , -9999.9,M,    -1.9, 
1920,   -18.7, , -9999.9,M, -9999.9,M, -9999.9,M,     8.0, ,    11.3, ,    16.6, ,    13.6, ,     8.4, ,     3.0, ,    -3.8, ,   -13.1, , -9999.9,M, -9999.9,M, -9999.9,M,    13.8, ,     2.5, 
1921,   -15.1, ,    -8.7, ,    -7.3, ,     4.7, ,     9.2, ,    13.9, ,    14.7, ,    12.3, ,     7.5, ,     5.1, ,    -8.8, ,   -11.4, ,     1.3, ,   -12.3, ,     2.2, ,    13.6, ,     1.3, 
1922,   -12.8, ,   -19.3, ,    -7.8, ,     2.8, ,     9.4, ,    12.7, ,    14.4, ,    14.4, ,     9.8, ,     4.2, ,    -5.7, ,   -16.2, ,      .5, ,   -14.5, ,     1.5, ,    13.8, ,     2.8, 
1923,   -16.9, ,   -12.3, ,    -7.6, ,     2.5, ,     8.5, ,    14.3, , -9999.9,M,    13.5, ,     9.4, ,     4.4, ,     -.9, ,    -9.1, , -9999.9,M,   -15.1, ,     1.1, , -9999.9,M,     4.3, 
1924,   -17.0, ,    -7.7, ,    -5.6, ,     1.6, ,     9.0, ,    11.6, ,    15.9, ,    13.3, ,    10.1, ,     4.8, ,    -5.8, ,   -17.7, ,     1.0, ,   -11.3, ,     1.7, ,    13.6, ,     3.0, 
1925,   -18.0, ,   -14.6, ,    -6.3, ,     4.7, ,    10.6, ,    13.8, ,    16.4, ,    14.2, ,     7.9, ,     -.1, ,    -5.7, ,    -6.1, ,     1.4, ,   -16.8, ,     3.0, ,    14.8, ,      .7, 
1926,    -6.6, ,    -7.7, ,      .3, ,     5.6, ,    10.2, ,    12.1, ,    17.0, ,    12.8, ,     5.8, ,     4.5, ,    -8.0, ,   -13.1, ,     2.7, ,    -6.8, ,     5.4, ,    14.0, ,      .8, 
1927,   -16.3, ,   -14.5, ,    -4.4, ,     1.2, ,     8.1, ,    13.8, ,    15.9, ,    15.4, ,     9.3, ,     3.6, ,   -14.2, ,   -20.8, ,     -.2, ,   -14.6, ,     1.6, ,    15.0, ,     -.4, 
1928,   -10.1, ,    -5.5, ,    -3.2, ,      .4, ,    12.1, ,    13.5, ,    16.5, ,    13.0, ,     9.7, ,     2.1, ,    -2.7, ,    -8.7, ,     3.1, ,   -12.1, ,     3.1, ,    14.3, ,     3.0, 
1929,   -20.2, , -9999.9,M,    -2.1, ,     1.8, ,     9.0, ,    13.9, ,    15.2, ,    14.0, ,     9.4, ,     5.8, ,    -1.2, ,   -13.4, , -9999.9,M, -9999.9,M,     2.9, ,    14.4, ,     4.7, 
1930,   -19.4, ,    -7.3, ,    -3.9, ,     5.3, ,     8.4, ,    13.0, ,    16.2, ,    16.2, ,     9.6, ,      .4, ,    -3.6, ,    -4.9, ,     2.5, ,   -13.4, ,     3.3, ,    15.1, ,     2.1, 
1931,    -7.7, ,    -3.3, ,    -7.4, ,     4.8, ,     9.5, ,    13.7, ,    15.7, ,    14.4, ,     9.4, ,     4.4, ,    -5.8, ,   -10.8, ,     3.1, ,    -5.3, ,     2.3, ,    14.6, ,     2.7, 
1932,   -16.3, ,   -14.4, ,   -11.9, ,     4.4, , -9999.9,M,    14.1, ,    15.1, ,    15.8, ,    11.1, ,     1.8, ,    -7.5, ,   -12.8, , -9999.9,M,   -13.8, , -9999.9,M,    15.0, ,     1.8, 
1933,   -16.7, ,   -14.0, ,    -8.3, ,     2.8, ,     9.9, ,    13.2, ,    14.9, ,    15.6, ,     8.5, ,     1.4, ,     -.9, ,   -24.6, ,      .1, ,   -14.5, ,     1.5, ,    14.6, ,     3.0, 
1934,    -9.9, ,    -5.7, ,    -3.4, ,     6.8, ,    11.7, ,    12.8, ,    14.4, ,    13.8, ,     6.5, ,     3.8, ,    -4.1, ,   -13.8, ,     2.7, ,   -13.4, ,     5.0, ,    13.7, ,     2.1, 
1935,   -21.9, ,    -5.9, ,   -11.0, , -9999.9,M,     9.5, ,    13.0, ,    16.4, ,    12.7, ,    10.1, ,     3.3, ,    -9.1, ,   -10.7, , -9999.9,M,   -13.9, , -9999.9,M,    14.0, ,     1.4, 
1936,   -20.6, ,   -27.3, ,    -4.3, ,     1.1, ,    12.5, ,    13.6, ,    16.8, ,    14.7, ,     9.0, ,     6.4, ,     -.6, ,   -13.2, ,      .7, ,   -19.5, ,     3.1, ,    15.0, ,     4.9, 
1937,   -19.8, ,   -15.4, ,    -2.4, ,     5.6, ,    11.0, ,    14.7, ,    15.9, ,    13.2, ,    10.6, ,     5.5, ,    -7.8, ,   -15.8, ,     1.3, ,   -16.1, ,     4.7, ,    14.6, ,     2.8, 
1938,   -10.2, ,   -15.5, ,     -.5, ,     4.2, ,     9.7, ,    14.3, ,    16.6, ,    13.2, ,    14.0, ,     5.9, ,    -5.2, ,   -11.1, ,     3.0, ,   -13.8, ,     4.5, ,    14.7, ,     4.9, 
1939,    -9.7, ,   -17.0, ,    -7.4, ,     4.8, ,    11.2, ,    11.8, ,    16.7, ,    15.4, ,     9.3, ,     1.0, ,     -.4, ,    -5.1, ,     2.6, ,   -12.6, ,     2.9, ,    14.6, ,     3.3, 
1940,   -16.3, ,   -10.9, ,    -3.9, ,     1.8, ,    11.7, ,    13.2, ,    15.3, ,    14.8, ,    12.0, ,     5.5, ,    -9.4, ,   -10.1, ,     2.0, ,   -10.8, ,     3.2, ,    14.4, ,     2.7, 
1941,   -15.9, ,   -11.1, ,    -3.9, ,     7.4, ,     9.9, ,    15.5, ,    18.6, ,    14.4, ,     7.0, ,     4.5, ,    -2.0, ,   -12.6, ,     2.7, ,   -12.4, ,     4.5, ,    16.2, ,     3.2, 
1942,    -5.7, ,    -9.3, ,    -1.4, ,     3.8, ,     9.7, ,    13.0, ,    16.0, ,    15.0, ,    10.1, ,     5.3, ,    -9.9, ,   -17.4, ,     2.4, ,    -9.2, ,     4.0, ,    14.7, ,     1.8, 
1943,   -19.3, ,    -7.6, ,    -9.4, ,     5.6, ,     8.4, ,    11.8, ,    16.4, ,    14.7, ,    10.7, ,     5.6, ,     -.1, ,    -5.2, ,     2.6, ,   -14.8, ,     1.5, ,    14.3, ,     5.4, 
1944,    -9.1, ,   -10.8, ,    -5.3, ,     7.0, ,    11.0, ,    13.6, ,    16.0, ,    14.3, ,    10.7, ,     7.5, ,    -5.9, ,   -10.5, ,     3.2, ,    -8.4, ,     4.2, ,    14.6, ,     4.1, 
1945,   -12.7, ,   -11.2, ,    -3.2, ,     -.2, ,     8.8, ,    13.3, ,    16.1, ,    15.0, ,     8.7, ,     5.0, ,   -13.8, ,   -15.6, ,      .9, ,   -11.5, ,     1.8, ,    14.8, ,      .0, 
1946,   -12.2, ,   -13.4, ,    -1.5, ,     5.9, ,     9.1, ,    12.4, ,    16.3, ,    14.1, ,     9.1, ,     3.0, ,    -9.5, ,   -16.3, ,     1.4, ,   -13.7, ,     4.5, ,    14.3, ,      .9, 
1947,   -12.9, ,   -17.7, ,    -6.9, ,     3.8, ,     9.2, ,    12.7, ,    16.7, ,    12.8, ,     8.7, ,     5.5, ,    -4.7, ,    -9.5, ,     1.5, ,   -15.6, ,     2.0, ,    14.1, ,     3.2, 
1948,    -7.9, ,   -17.1, ,    -9.7, ,    -3.3, ,    11.0, ,    14.5, ,    15.8, ,    13.7, ,     9.4, ,     4.5, ,    -4.3, ,   -16.9, ,      .8, ,   -11.5, ,     -.7, ,    14.7, ,     3.2, 
1949,   -16.7, ,   -19.9, ,    -5.1, ,     7.5, ,     9.9, ,    13.0, ,    15.5, ,    15.3, ,    10.4, ,     2.7, ,     2.3, ,   -19.0, ,     1.3, ,   -17.8, ,     4.1, ,    14.6, ,     5.1, 
1950,   -29.3, ,   -14.7, ,    -8.1, ,     1.6, ,     9.2, ,    14.7, ,    16.3, ,    12.7, ,    10.7, ,     1.4, ,   -11.7, ,   -14.5, ,    -1.0, ,   -21.0, ,      .9, ,    14.6, ,      .1, 
1951,   -18.9, ,   -13.9, ,   -12.0, ,     2.1, ,    10.8, ,    11.4, ,    15.4, ,    12.6, ,     8.3, ,      .4, ,    -7.5, ,   -16.2, ,     -.6, ,   -15.8, ,      .3, ,    13.1, ,      .4, 
1952,   -19.7, ,    -9.3, ,    -8.5, ,     6.5, ,    10.6, ,    13.0, ,    15.0, ,    13.9, ,    11.0, ,     6.1, ,    -1.5, ,    -9.8, ,     2.3, ,   -15.1, ,     2.9, ,    14.0, ,     5.2, 
1953,   -19.3, ,    -5.9, ,    -5.8, ,      .6, ,    10.1, ,    12.9, ,    15.1, ,    14.7, ,     9.8, ,     6.9, ,    -1.9, ,    -5.9, ,     2.6, ,   -11.7, ,     1.6, ,    14.2, ,     4.9, 
1954,   -23.4, ,    -5.8, ,    -6.7, ,    -3.9, ,     8.6, ,    12.2, ,    15.4, ,    13.5, ,     9.5, ,     4.6, ,      .6, ,    -5.8, ,     1.6, ,   -11.7, ,     -.7, ,    13.7, ,     4.9, 
1955,    -9.9, ,   -11.9, ,    -9.9, ,     3.2, ,     8.8, ,    14.0, ,    15.5, ,    14.4, ,     8.8, ,     4.2, ,   -16.9, ,   -19.2, ,      .1, ,    -9.2, ,      .7, ,    14.6, ,    -1.3, 
1956,   -20.6, ,   -13.4, ,    -6.3, ,     1.8, ,    11.5, ,    13.4, ,    16.3, ,    15.0, ,     9.0, ,     2.1, ,     -.2, ,   -12.0, ,     1.4, ,   -17.7, ,     2.3, ,    14.9, ,     3.6, 
1957,   -16.6, ,   -12.5, ,    -5.5, ,     4.2, ,    10.7, ,    13.0, ,    15.2, ,    13.1, ,    11.7, ,      .9, ,    -1.9, ,   -10.1, ,     1.9, ,   -13.7, ,     3.1, ,    13.8, ,     3.6, 
1958,    -9.1, ,   -14.1, ,    -6.5, ,     3.9, ,    11.6, ,    12.9, ,    15.7, ,    15.4, ,     8.8, ,     4.7, ,    -5.7, ,   -11.3, ,     2.2, ,   -11.1, ,     3.0, ,    14.7, ,     2.6, 
1959,   -21.7, ,   -12.0, ,      .3, ,     3.9, ,     7.6, ,    12.5, ,    16.7, ,    12.5, ,     8.4, ,     2.5, ,    -6.6, ,    -5.2, ,     1.6, ,   -15.0, ,     3.9, ,    13.9, ,     1.4, 
1960,   -15.0, ,   -11.7, ,    -7.4, ,     4.8, ,     8.6, ,    11.9, ,    17.3, ,    14.6, ,     9.7, ,     5.3, ,    -6.1, ,    -9.0, ,     1.9, ,   -10.6, ,     2.0, ,    14.6, ,     3.0, 
1961,   -10.0, ,   -10.3, ,    -3.6, ,     2.1, ,    10.7, ,    16.9, ,    16.2, ,    16.7, ,     7.6, ,     2.5, ,    -7.2, ,   -19.7, ,     1.8, ,    -9.8, ,     3.1, ,    16.6, ,     1.0, 
1962,   -13.3, ,   -16.9, ,    -9.1, ,     3.8, ,     8.7, ,    13.7, ,    14.1, ,    14.3, ,    10.0, ,     5.5, ,    -2.9, ,    -9.9, ,     1.5, ,   -16.6, ,     1.1, ,    14.0, ,     4.2, 
1963,   -15.9, ,    -8.7, ,    -2.9, ,     3.1, ,     8.5, ,    13.4, ,    17.1, ,    15.5, ,    12.8, ,     5.9, ,    -8.6, ,   -11.1, ,     2.4, ,   -11.5, ,     2.9, ,    15.3, ,     3.4, 
1964,   -11.9, ,    -2.5, ,   -10.8, ,     3.3, ,     9.7, ,    13.7, ,    16.4, ,    13.4, ,     7.5, ,     6.2, ,    -6.7, ,   -21.2, ,     1.4, ,    -8.5, ,      .7, ,    14.5, ,     2.3, 
1965,   -17.4, ,   -15.5, ,   -10.1, ,     1.9, ,     8.8, ,    13.2, ,    17.0, ,    16.2, ,     5.8, ,     6.2, ,    -9.6, ,   -13.6, ,      .2, ,   -18.0, ,      .2, ,    15.5, ,      .8, 
1966,   -24.7, ,   -12.5, ,    -6.1, ,      .1, ,    10.6, ,    11.8, ,    15.3, ,    14.0, ,    11.0, ,     3.3, ,   -11.1, ,   -12.3, ,     -.1, ,   -16.9, ,     1.5, ,    13.7, ,     1.1, 
1967,   -17.2, ,   -11.0, ,   -11.0, ,     -.8, ,     8.8, ,    12.7, ,    16.0, ,    16.5, ,    13.1, ,     4.2, ,    -4.2, ,   -12.3, ,     1.2, ,   -13.5, ,    -1.0, ,    15.1, ,     4.4, 
1968,   -18.7, ,    -9.0, ,     -.6, ,     3.4, ,     9.3, ,    12.8, ,    15.2, ,    12.2, ,     9.7, ,     3.1, ,    -4.4, ,   -19.2, ,     1.2, ,   -13.3, ,     4.0, ,    13.4, ,     2.8, 
1969,   -30.0, ,   -15.5, ,    -7.3, ,     5.2, ,     9.6, ,    14.0, ,    14.7, ,    14.4, ,     8.8, ,     1.8, ,    -3.5, ,    -9.4, ,      .2, ,   -21.6, ,     2.5, ,    14.4, ,     2.4, 
1970,   -19.2, ,    -6.5, ,    -7.1, ,     3.1, ,     9.9, ,    16.1, ,    16.0, ,    15.4, ,     9.1, ,     2.5, ,   -10.4, ,   -20.6, ,      .7, ,   -11.7, ,     2.0, ,    15.8, ,      .4, 
1971,   -20.9, ,    -9.0, ,    -7.9, ,     3.4, ,    11.9, ,    13.2, ,    15.5, ,    16.7, ,     8.7, ,     3.2, ,    -6.0, ,   -18.1, ,      .9, ,   -16.8, ,     2.5, ,    15.1, ,     2.0, 
1972,   -19.5, ,   -17.3, ,    -5.4, ,     1.6, ,    10.6, ,    14.2, ,    13.9, ,    16.2, ,     5.7, ,     2.4, ,    -4.1, ,   -17.5, ,      .1, ,   -18.3, ,     2.3, ,    14.8, ,     1.3, 
1973,   -13.8, ,   -11.0, ,    -2.0, ,     3.0, ,    11.1, ,    13.5, ,    15.9, ,    14.1, ,     9.3, ,     3.8, ,   -14.2, ,   -13.7, ,     1.3, ,   -14.1, ,     4.0, ,    14.5, ,     -.4, 
1974,   -20.1, ,   -10.7, ,   -11.3, ,     3.3, ,     8.0, ,    14.3, ,    15.1, ,    12.7, ,     8.5, ,     6.3, ,    -3.3, ,    -7.5, ,     1.3, ,   -14.8, ,      .0, ,    14.0, ,     3.8, 
1975,   -12.3, ,   -13.8, ,    -9.0, ,     -.3, ,     9.3, ,    13.1, ,    17.2, ,    12.3, ,    10.4, ,     3.5, ,    -4.9, ,   -13.4, ,     1.0, ,   -11.2, ,      .0, ,    14.2, ,     3.0, 
1976,   -12.3, ,    -8.6, ,    -4.1, ,     6.3, ,    10.6, ,    12.2, ,    15.8, ,    16.2, , -9999.9,M,     3.9, ,    -1.9, ,    -9.8, , -9999.9,M,   -11.4, ,     4.3, ,    14.7, , -9999.9,M
1977,   -11.7, ,    -1.3, ,    -3.2,E,     6.7, ,    10.5, ,    14.3, ,    14.3, ,    12.4, ,     9.0, ,     4.4, ,    -6.1, ,   -17.3, ,     2.7,E,    -7.6, ,     4.7,E,    13.7, ,     2.4, 
1978,   -18.5, ,   -13.1, ,    -3.0, ,     5.0, ,     9.5, ,    15.1, ,    16.1, ,    13.6, ,     9.6, ,     6.4, ,    -6.6, ,   -13.0, ,     1.8, ,   -16.3, ,     3.8, ,    14.9, ,     3.1, 
1979,   -17.1, ,   -21.9, ,    -2.6, ,      .4, ,     8.1, ,    13.9, ,    16.9, ,    15.4, ,    11.3, ,     6.3, ,    -3.6, ,   -11.8, ,     1.3, ,   -17.3, ,     2.0, ,    15.4, ,     4.7, 
1980,   -18.2, ,    -9.9, , -9999.9,M, -9999.9,M,    10.5, ,    14.6, ,    15.6, ,    12.7, ,     8.7, ,     6.2, ,     -.8, ,   -16.7, , -9999.9,M,   -13.3, , -9999.9,M,    14.3, ,     4.7, 
1981,    -7.1, ,    -7.9, ,    -1.5, ,     4.0, ,    11.3, ,    12.9,E,    16.0, ,    17.6, ,    11.0, ,     3.3, ,    -1.0, , -9999.9,M, -9999.9,M,   -10.6, ,     4.6, ,    15.5,E,     4.4, 
1982,   -25.1, ,   -16.6, ,    -7.7, ,     -.3, ,     9.5, ,    14.9, ,    16.2, ,    12.6, ,    10.6, ,     4.1, ,    -9.2, ,   -10.8, ,     -.2, , -9999.9,M,      .5, ,    14.6, ,     1.8, 
1983,   -12.8, ,    -9.3, ,    -4.9, ,     4.9, ,    10.0, ,    13.7, ,    16.0, ,    16.3, ,     7.9, ,     4.2,E,    -4.6, ,   -20.3, ,     1.8,E,   -11.0, ,     3.3, ,    15.3, ,     2.5,E
1984,    -8.4, ,    -2.0, ,    -2.5, ,     5.7, ,     8.4, ,    13.7, ,    16.5, ,    16.0, ,     6.8, ,     1.1, ,   -10.9, ,   -17.0, ,     2.3, ,   -10.2, ,     3.9, ,    15.4, ,    -1.0, 
1985,    -8.6, ,   -13.5, ,    -1.9, ,     4.1, ,    11.2, ,    11.9, ,    16.2, ,    13.2, ,     6.5, ,     2.9, ,   -14.3, ,    -6.7, ,     1.8, ,   -13.0, ,     4.5, ,    13.8, ,    -1.6, 
1986,    -7.9, ,   -13.2, ,      .0, ,     3.0, ,    10.5, ,    13.9, ,    14.9, ,    14.7, ,     7.4, ,     5.9, ,    -9.0, ,    -6.9, ,     2.8, ,    -9.3, ,     4.5, ,    14.5, ,     1.4, 
1987,    -7.0, ,    -5.2, ,    -5.7, ,     6.2, ,    10.5, ,    15.1, ,    16.5, ,    12.6, ,    11.9, ,     5.3, ,    -1.4, ,    -7.4, ,     4.3, ,    -6.4, ,     3.7, ,    14.7, ,     5.3, 
1988,   -14.0, ,    -9.6, ,     1.2, ,     5.9, ,    11.5, ,    15.2, ,    15.5, ,    14.7, ,     9.5, ,     4.9, ,    -6.0, ,    -9.8, ,     3.3, ,   -10.3, ,     6.2, ,    15.1, ,     2.8, 
1989,   -12.1, ,   -15.4, ,   -10.8, ,     4.0, ,     9.4,E,    13.8, ,    16.8, ,    15.1,E,    10.2, ,     3.1, ,    -3.6,E,    -7.2, ,     1.9,E,   -12.4, ,      .9,E,    15.2,E,     3.2,E
1990,    -9.2,E,   -11.6,E,      .0, ,     3.3, ,    10.1, ,    14.2, ,    15.9,E,    15.7, ,    11.6,E,     2.1, ,    -9.3,E,   -16.8,E,     2.2,E,    -9.3,E,     4.5, ,    15.3,E,     1.5,E
1991,   -12.7,E,    -3.6, ,    -6.2, ,     5.8, ,    10.5, ,    13.3, ,    16.1, ,    17.4, ,    10.1, ,      .4,E,    -7.3,E,   -10.3, ,     2.8,E,   -11.0,E,     3.4, ,    15.6, ,     1.1,E
1992,    -8.6,E,    -9.3, ,     1.0, ,     5.0, ,     8.8, ,    15.0, ,    14.4, ,    13.7, ,     7.3, ,     2.5, ,    -2.8, ,   -16.5, ,     2.5,E,    -9.4,E,     4.9, ,    14.4, ,     2.3, 
1993,   -15.6, ,    -9.7, ,    -1.4, ,     5.0, ,    11.5, ,    13.0, ,    14.8, ,    14.3, ,    10.2, ,     4.2, ,    -4.6, ,    -6.3, ,     3.0, ,   -13.9, ,     5.0, ,    14.0, ,     3.3, 
1994,   -16.4, ,   -19.6, ,     -.5,E,     5.0,E,    10.3, ,    13.6, ,    16.9,E,    15.0, ,    12.0, ,     3.5, ,    -6.7, ,   -14.4, ,     1.6,E,   -14.1, ,     4.9,E,    15.2,E,     2.9, 
1995,   -13.3, ,    -9.9,E,    -4.3, ,     3.6, ,    10.0, ,    14.8,E,    16.0, ,    12.5, ,    11.2, ,     3.9,E,    -9.4, ,   -17.1, ,     1.5,E,   -12.5,E,     3.1, ,    14.4,E,     1.9,E
1996,   -22.1, ,   -10.5,E,    -7.2, ,     4.7, ,     7.2, ,    13.1, ,    16.1,E,    16.0,E,     8.9,E,     2.9,E,   -11.9, ,   -18.5,E,     -.1,E,   -16.6,E,     1.6, ,    15.1,E,      .0,E
1997,   -17.5, ,    -6.0,E,    -6.5,E,     1.2,E,    10.2,E,    14.5, ,    16.2, ,    15.6,E,    11.4, ,     2.8,E,    -2.4,E,    -3.6,E,     3.0,E,   -14.0,E,     1.6,E,    15.4,E,     3.9,E
1998,   -18.1, ,    -6.0, ,    -3.6, ,     6.4, ,    13.1, ,    14.4, ,    17.9,E,    17.6, ,    11.2, ,     4.8, ,    -7.0, ,   -13.2, ,     3.1,E,    -9.2,E,     5.3, ,    16.6,E,     3.0, 
1999,   -15.4,E,   -10.0, ,    -4.7,E,     4.5, ,     8.5, ,    13.1,E,    14.7, ,    16.3,E,     9.8, ,     4.6, ,    -4.0, ,    -4.7, ,     2.7,E,   -12.9,E,     2.8,E,    14.7,E,     3.5, 
2000,   -15.3,E,   -10.3, ,    -2.5, ,     3.1, ,     8.1, ,    12.7,E,    16.6,E,    13.9, ,     9.2, ,     3.8, ,    -5.4, ,   -14.5, ,     1.6,E,   -10.1,E,     2.9, ,    14.4,E,     2.5, 
2001,    -5.4, ,   -11.7, , -9999.9,M,     4.0, ,    10.8, ,    13.2,E,    16.1, ,    15.7, ,    10.4, ,     2.1, ,    -3.4, ,   -13.5, , -9999.9,M,   -10.5, , -9999.9,M,    15.0,E,     3.0, 
2002,   -13.2, ,    -7.2, ,   -13.2, ,    -1.7,E,     8.2, ,    14.7, ,    16.9, ,    14.1, ,     8.7, ,      .8,E,    -2.6, ,    -8.4, ,     1.4,E,   -11.3, ,    -2.2,E,    15.2, ,     2.3,E
2003,   -13.5, ,   -10.2, ,    -9.0, ,     2.6, ,     8.6, ,    13.5, ,    17.4, ,    16.9, ,    10.4, ,     5.9,E,    -8.4, ,   -11.1, ,     1.9,E,   -10.7, ,      .7, ,    15.9, ,     2.6,E
2004,   -16.3, ,    -8.0, ,    -2.1, ,     5.0, ,     7.7, ,    14.1, ,    16.9, ,    14.2, ,     8.4, ,     1.9, , -9999.9,M,   -10.2, , -9999.9,M,   -11.8, ,     3.5, ,    15.1, , -9999.9,M
2005,   -14.6, ,    -5.4, ,     -.7, ,     6.2, ,    10.0, ,    13.8, ,    15.8, ,    13.9, ,     9.3, ,     4.0, ,     -.5, ,    -7.9, ,     3.7, ,   -10.1, ,     5.2, ,    14.5, ,     4.3, 
2006,    -6.8, ,    -8.0, ,    -6.6, ,     7.0, ,    11.4, ,    15.8, ,    18.7, ,    15.7, ,    11.8, ,     2.7, ,   -12.8, ,    -8.3,E,     3.4,E,    -7.6, ,     3.9, ,    16.7, ,      .6, 
2007,    -8.7, ,   -13.6, ,    -3.6, ,     2.3, ,     9.9, ,    15.0, ,    19.2, ,    13.9, ,     9.8, ,     5.4, ,    -3.8, ,   -13.2, ,     2.7, ,   -10.2,E,     2.9, ,    16.0, ,     3.8, 
2008,   -14.6, ,   -10.6, ,    -2.7, ,     1.2, ,    11.4, ,    14.3, ,    16.4, ,    16.4, ,    10.7, ,     5.1, ,     -.5, ,   -17.1, ,     2.5, ,   -12.8, ,     3.3, ,    15.7, ,     5.1, 
2009,   -11.9, ,   -11.8, ,    -8.9, ,     2.7, ,     8.5, ,    13.7, ,    16.2, ,    15.2, ,    13.5, ,     1.4, ,    -1.1, ,   -18.5, ,     1.6, ,   -13.6, ,      .8, ,    15.0, ,     4.6, 
2010,   -12.8, ,    -8.1, ,     -.1, ,     5.9, ,     8.5, ,    14.6, ,    16.6, ,    15.4, ,     9.0, ,     6.1, ,    -6.6, ,   -16.5, ,     2.7, ,   -13.1, ,     4.8, ,    15.5, ,     2.8, 
2011,   -12.1, ,   -12.3, ,   -10.0, ,     2.5, ,    11.9, ,    13.6, ,    16.1, ,    15.7, ,    12.2, ,     5.4, ,    -5.7, ,    -3.8, ,     2.8, ,   -13.6, ,     1.5, ,    15.1, ,     4.0, 
2012,    -8.7, ,    -8.7, ,    -2.8, ,     4.1, ,    10.0, ,    15.0, ,    18.5, ,    17.0, ,    12.4, ,     1.0, ,    -8.5, ,   -17.0, ,     2.7, ,    -7.1, ,     3.8, ,    16.8, ,     1.6, 
