3066002,SLAVE LAKE     ,AB, station joined    , Monthly mean of homogenized daily mean temperature                     , °C,          Updated to December 2012
3066002,SLAVE LAKE     ,AB, station jointe    , Moyenne mensuelle des températures homogénéisées moyennes quotidiennes , °C, Mise à jour jusqu à décembre 2012
Year,     Jan, ,     Feb, ,     Mar, ,     Apr, ,     May, ,     Jun, ,     Jul, ,     Aug, ,     Sep, ,     Oct, ,     Nov, ,     Dec, ,  Annual, ,  Winter, ,  Spring, ,  Summer, ,  Autumn
Year,    Janv, ,     Fév, ,    Mars, ,     Avr, ,     Mai, ,    Juin, ,    Juil, ,    Août, ,    Sept, ,     Oct, ,     Nov, ,     Déc, ,  Annuel, ,   Hiver, ,Printemp, ,     Eté, , Automne
1922, -9999.9,M, -9999.9,M, -9999.9,M, -9999.9,M, -9999.9,M, -9999.9,M, -9999.9,M,    14.5, ,     9.3, ,     3.5, ,    -4.7, ,   -15.5, , -9999.9,M, -9999.9,M, -9999.9,M, -9999.9,M,     2.7, 
1923,   -16.3, ,   -13.2, ,    -9.3, ,     1.4, ,     7.6, ,    15.4, , -9999.9,M, -9999.9,M, -9999.9,M, -9999.9,M, -9999.9,M, -9999.9,M, -9999.9,M,   -15.0, ,     -.1, , -9999.9,M, -9999.9,M
1924, -9999.9,M, -9999.9,M, -9999.9,M, -9999.9,M, -9999.9,M, -9999.9,M, -9999.9,M, -9999.9,M, -9999.9,M,     4.4, ,    -6.0, ,   -17.4, , -9999.9,M, -9999.9,M, -9999.9,M, -9999.9,M, -9999.9,M
1925,   -21.3, ,   -15.9, ,    -8.9, ,     3.7, ,     9.7, ,    13.6, ,    15.7, ,    14.6, ,     6.0, ,    -1.2, ,    -8.4, ,    -8.5, ,     -.1, ,   -18.2, ,     1.5, ,    14.6, ,    -1.2, 
1926,    -8.6, ,    -8.7, ,    -2.9, ,     3.5, ,     9.4, ,    12.1, , -9999.9,M, -9999.9,M, -9999.9,M, -9999.9,M, -9999.9,M, -9999.9,M, -9999.9,M,    -8.6, ,     3.3, , -9999.9,M, -9999.9,M
1927,   -17.0, ,   -15.6, ,    -4.3, ,      .4, ,     6.2, ,    11.6, , -9999.9,M, -9999.9,M, -9999.9,M,     2.4, ,   -14.1, ,   -24.2, , -9999.9,M, -9999.9,M,      .8, , -9999.9,M, -9999.9,M
1928,   -12.8, ,    -8.1, ,    -5.2, ,    -5.0, ,     9.6, ,    13.2, ,    16.2, ,    12.9, ,     8.1, ,      .5, ,    -4.2, ,    -9.9, ,     1.3, ,   -15.0, ,     -.2, ,    14.1, ,     1.5, 
1929,   -22.5, ,   -19.2, ,    -6.9, ,    -1.0, ,     7.9, ,    13.3, ,    15.8, ,    14.5, ,     9.1, ,     6.1, ,    -1.7, ,   -16.2, ,     -.1, ,   -17.2, ,      .0, ,    14.5, ,     4.5, 
1930,   -19.4, ,   -10.6, ,    -6.7, ,     4.6, ,     8.2, ,    12.8, ,    16.9, ,    15.8, ,     9.4, ,     1.2, ,    -2.8, ,    -3.7, ,     2.1, ,   -15.4, ,     2.0, ,    15.2, ,     2.6, 
1931,    -7.1, ,    -2.7, ,    -7.6, ,     4.6, ,     9.2, ,    13.6, ,    15.9, ,    14.7, ,     8.9, ,     3.9, ,    -5.5, ,    -8.6, ,     3.3, ,    -4.5, ,     2.1, ,    14.7, ,     2.4, 
1932,   -16.7, ,   -16.1, ,   -11.8, ,     3.3, ,     9.9, ,    13.9, ,    15.6, ,    16.6, ,    10.4, ,     1.5, ,    -7.7, ,   -12.6, ,      .5, ,   -13.8, ,      .5, ,    15.4, ,     1.4, 
1933,   -18.2, ,   -15.8, ,    -8.8, ,     1.6, ,     9.8, ,    12.5, ,    14.7, ,    16.0, ,     8.2, ,     1.7, ,    -2.6, ,   -25.8, ,     -.6, ,   -15.5, ,      .9, ,    14.4, ,     2.4, 
1934,   -11.0, ,    -6.4, ,    -5.3, ,     5.3, ,    10.9, ,    12.3, ,    15.2, ,    14.9, ,     6.9, ,     4.5, ,    -3.6, ,   -15.0, ,     2.4, ,   -14.4, ,     3.6, ,    14.1, ,     2.6, 
1935,   -23.4, ,    -5.9, ,   -11.6, ,    -2.5, ,     8.3, ,    12.4, ,    17.3, ,    12.8, ,    10.1, ,     3.2, ,    -9.5, ,   -10.8, ,      .0, ,   -14.8, ,    -1.9, ,    14.2, ,     1.3, 
1936,   -22.0, ,   -28.5, ,    -4.6, ,      .3, ,    11.4, ,    12.9, ,    16.2, ,    14.6, ,     8.5, ,     5.1, ,     -.2, ,   -13.9, ,      .0, ,   -20.4, ,     2.4, ,    14.6, ,     4.5, 
1937,   -21.1, ,   -16.2, ,    -3.2, ,     4.6, ,    10.8, ,    14.2, ,    15.8, ,    13.3, ,    10.1, ,     5.0, ,    -8.0, ,   -16.0, ,      .8, ,   -17.1, ,     4.1, ,    14.4, ,     2.4, 
1938,   -11.5, ,   -15.9, ,    -1.8, ,     4.2, ,     8.9, ,    13.8, ,    16.8, ,    13.1, ,    14.4, ,     6.0, ,    -6.1, ,   -11.8, ,     2.5, ,   -14.5, ,     3.8, ,    14.6, ,     4.8, 
1939,   -11.5, ,   -19.5, ,    -8.4, ,     3.8, ,    11.4, ,    12.3, ,    16.7, ,    15.8, ,     9.5, ,      .5, ,    -1.2, ,    -5.8, ,     2.0, ,   -14.3, ,     2.3, ,    14.9, ,     2.9, 
1940,   -16.4, ,   -10.6, ,    -4.1, ,     2.8, ,    11.5, ,    13.1, ,    15.9, ,    15.4, ,    11.9, ,     5.3, ,    -9.6, ,   -11.7, ,     2.0, ,   -10.9, ,     3.4, ,    14.8, ,     2.5, 
1941,   -17.0, ,   -11.6, ,    -4.1, ,     7.1, ,     9.5, ,    16.0, ,    18.6, ,    14.6, ,     6.9, ,     4.7, ,    -2.4, ,   -12.8, ,     2.5, ,   -13.4, ,     4.2, ,    16.4, ,     3.1, 
1942,    -6.4, ,   -10.6, ,    -1.9, ,     4.1, ,     9.7, ,    12.6, ,    14.7, ,    14.2, ,     9.1, ,     4.7, ,   -10.3, ,   -18.3, ,     1.8, ,    -9.9, ,     4.0, ,    13.8, ,     1.2, 
1943,   -19.2, ,   -10.2, ,    -8.3, ,     5.7, ,     7.1, ,    11.7, ,    16.3, ,    13.9, ,    10.6, ,     5.5, ,     -.9, ,    -6.4, ,     2.2, ,   -15.9, ,     1.5, ,    14.0, ,     5.1, 
1944,    -8.8, ,   -12.0, ,    -7.1, ,     7.0, ,    11.1, ,    12.7, ,    15.3, ,    14.0, ,    10.7, ,     6.1, ,    -6.4, ,   -11.8, ,     2.6, ,    -9.1, ,     3.7, ,    14.0, ,     3.5, 
1945,   -14.1, ,   -12.7, ,    -4.2, ,    -2.3, ,     7.2, ,    11.8, ,    15.1, ,    14.4, ,     7.5, , -9999.9,M, -9999.9,M,   -15.2, , -9999.9,M,   -12.9, ,      .2, ,    13.8, , -9999.9,M
1946,   -14.5, ,   -14.8, ,    -2.4, ,     4.6, ,     8.5, ,    12.1, ,    15.8, ,    13.6, ,     8.8, ,     2.0, ,    -9.7, ,   -17.9, ,      .5, ,   -14.8, ,     3.6, ,    13.8, ,      .4, 
1947,   -15.5, ,   -19.6, ,    -7.8, ,     1.7, ,     8.4, ,    13.3, ,    16.2, ,    12.0, ,     8.9, ,     4.7, ,    -5.6, ,   -11.2, ,      .5, ,   -17.7, ,      .8, ,    13.8, ,     2.7, 
1948,   -11.0, ,   -18.9, ,   -10.6, ,    -4.0, ,    10.8, ,    14.8, ,    16.2, ,    14.1, ,    10.1, ,     4.2, ,    -4.8, ,   -18.4, ,      .2, ,   -13.7, ,    -1.3, ,    15.0, ,     3.2, 
1949,   -18.3, ,   -20.3, ,    -6.4, ,     6.3, ,     8.8, ,    11.7, ,    14.9, ,    15.1, ,    10.0, ,     1.5, ,     1.6, ,   -19.0, ,      .5, ,   -19.0, ,     2.9, ,    13.9, ,     4.4, 
1950,   -30.1, ,   -14.6, ,    -9.1, ,     1.0, ,     8.7, ,    14.8, ,    15.8, ,    12.3, ,    10.7, ,     1.6, ,   -12.8, ,   -15.8, ,    -1.5, ,   -21.2, ,      .2, ,    14.3, ,     -.2, 
1951,   -19.8, ,   -15.3, ,   -12.7, ,     1.3, , -9999.9,M,    11.6, ,    15.3, ,    13.5, ,     8.5, ,     -.3, ,    -8.9, ,   -19.8, , -9999.9,M,   -17.0, , -9999.9,M,    13.5, ,     -.2, 
1952,   -22.5, ,   -10.4, ,    -8.9, ,     5.7, ,    10.4, ,    12.7, ,    15.3, ,    13.7, ,    10.6, ,     5.1, ,    -1.9, ,   -11.3, ,     1.5, ,   -17.6, ,     2.4, ,    13.9, ,     4.6, 
1953,   -21.7, ,    -8.3, ,    -6.0, ,      .3, ,    10.0, ,    12.5, ,    15.7, ,    15.2, ,    10.0, ,     6.0, ,    -2.7, ,    -8.5, ,     1.9, ,   -13.8, ,     1.4, ,    14.5, ,     4.4, 
1954,   -27.3, ,    -7.8, ,    -7.6, ,    -5.8, ,     8.1, ,    12.5, ,    15.8, ,    13.8, ,     9.5, ,     4.7, ,     -.5, ,    -7.4, ,      .7, ,   -14.5, ,    -1.8, ,    14.0, ,     4.6, 
1955,   -12.0, ,   -15.3, ,   -12.9, ,     2.6, ,     8.1, ,    13.8, ,    15.7, ,    14.1, ,     8.7, ,     3.1, ,   -16.5, ,   -20.2, ,     -.9, ,   -11.6, ,     -.7, ,    14.5, ,    -1.6, 
1956,   -22.0, ,   -15.1, ,    -7.9, ,     1.5, ,    11.0, ,    13.1, ,    15.5, ,    15.1, ,     8.2, ,     1.6, ,    -1.2, ,   -14.0, ,      .5, ,   -19.1, ,     1.5, ,    14.6, ,     2.9, 
1957,   -18.8, ,   -18.7, , -9999.9,M,     2.2, ,     9.5, ,    13.0, ,    15.0, ,    14.0, ,    11.9, ,      .4, , -9999.9,M, -9999.9,M, -9999.9,M,   -17.2, , -9999.9,M,    14.0, , -9999.9,M
1958, -9999.9,M, -9999.9,M, -9999.9,M, -9999.9,M,    10.2, , -9999.9,M,    15.2, ,    14.8, ,     8.0, ,     4.6, ,    -6.0, ,   -13.6, , -9999.9,M, -9999.9,M, -9999.9,M, -9999.9,M,     2.2, 
1959,   -22.6, ,   -13.8, ,    -1.8, ,     2.8, ,     6.7, ,    12.6, ,    16.2, ,    12.3, ,     8.6, ,     2.9, ,    -7.9, ,    -5.6, ,      .9, ,   -16.7, ,     2.6, ,    13.7, ,     1.2, 
1960,   -17.2, ,   -13.6, ,    -9.8, ,     4.2, ,     8.2, ,    11.6, , -9999.9,M,    13.9, ,     9.3, ,     3.8, ,    -6.6, ,    -9.8, , -9999.9,M,   -12.1, ,      .9, , -9999.9,M,     2.2, 
1961, -9999.9,M, -9999.9,M,    -3.9, ,     1.1, ,     9.7, ,    16.8, ,    16.8, ,    16.3, ,     7.7, ,     2.1, ,    -7.2, ,   -21.3, , -9999.9,M, -9999.9,M,     2.3, ,    16.6, ,      .9, 
1962,   -14.7, ,   -18.4, ,   -10.1, ,     3.6, ,     8.2, ,    13.2, ,    14.9, ,    14.8, , -9999.9,M, -9999.9,M, -9999.9,M, -9999.9,M, -9999.9,M,   -18.1, ,      .6, ,    14.3, , -9999.9,M
1963, -9999.9,M, -9999.9,M, -9999.9,M, -9999.9,M, -9999.9,M, -9999.9,M, -9999.9,M, -9999.9,M, -9999.9,M, -9999.9,M, -9999.9,M, -9999.9,M, -9999.9,M, -9999.9,M, -9999.9,M, -9999.9,M, -9999.9,M
1964, -9999.9,M, -9999.9,M, -9999.9,M, -9999.9,M, -9999.9,M, -9999.9,M, -9999.9,M, -9999.9,M, -9999.9,M, -9999.9,M, -9999.9,M, -9999.9,M, -9999.9,M, -9999.9,M, -9999.9,M, -9999.9,M, -9999.9,M
1965, -9999.9,M, -9999.9,M, -9999.9,M, -9999.9,M, -9999.9,M, -9999.9,M, -9999.9,M, -9999.9,M, -9999.9,M, -9999.9,M, -9999.9,M, -9999.9,M, -9999.9,M, -9999.9,M, -9999.9,M, -9999.9,M, -9999.9,M
1966, -9999.9,M, -9999.9,M, -9999.9,M, -9999.9,M, -9999.9,M, -9999.9,M, -9999.9,M, -9999.9,M, -9999.9,M, -9999.9,M, -9999.9,M, -9999.9,M, -9999.9,M, -9999.9,M, -9999.9,M, -9999.9,M, -9999.9,M
1967, -9999.9,M, -9999.9,M, -9999.9,M, -9999.9,M, -9999.9,M, -9999.9,M, -9999.9,M, -9999.9,M, -9999.9,M, -9999.9,M, -9999.9,M, -9999.9,M, -9999.9,M, -9999.9,M, -9999.9,M, -9999.9,M, -9999.9,M
1968, -9999.9,M, -9999.9,M, -9999.9,M, -9999.9,M, -9999.9,M, -9999.9,M, -9999.9,M, -9999.9,M, -9999.9,M, -9999.9,M, -9999.9,M, -9999.9,M, -9999.9,M, -9999.9,M, -9999.9,M, -9999.9,M, -9999.9,M
1969, -9999.9,M, -9999.9,M, -9999.9,M, -9999.9,M, -9999.9,M, -9999.9,M, -9999.9,M, -9999.9,M, -9999.9,M, -9999.9,M, -9999.9,M, -9999.9,M, -9999.9,M, -9999.9,M, -9999.9,M, -9999.9,M, -9999.9,M
1970, -9999.9,M, -9999.9,M, -9999.9,M,     2.7, ,     9.4, ,    15.0, ,    15.1, ,    14.7, ,     8.3, ,     2.3, ,    -9.9, ,   -20.3, , -9999.9,M, -9999.9,M, -9999.9,M,    14.9, ,      .2, 
1971,   -23.4, ,   -10.4, ,    -7.7, ,     3.9, ,    10.8, ,    13.3, ,    15.4, ,    15.9, ,     8.3, ,     2.4, ,    -7.4, ,   -19.3, ,      .2, ,   -18.0, ,     2.3, ,    14.9, ,     1.1, 
1972,   -21.0, ,   -18.1, ,    -5.2, ,     1.2, ,    10.5, ,    14.0, ,    13.7, ,    15.3, ,     5.3, ,     1.8, ,    -5.3, ,   -16.8, ,     -.4, ,   -19.5, ,     2.2, ,    14.3, ,      .6, 
1973,   -13.3, ,   -12.1, ,    -3.0, ,     2.5, ,    10.7, ,    12.6, ,    15.3, ,    13.6, ,     9.3, ,     3.4, ,   -14.6, ,   -14.8, ,      .8, ,   -14.1, ,     3.4, ,    13.8, ,     -.6, 
1974,   -21.0, ,   -11.0, ,   -11.9, ,     2.7, ,     7.3, ,    13.7, ,    14.5, ,    12.7, ,     7.6, ,     5.7, ,    -3.4, ,    -7.1, ,      .8, ,   -15.6, ,     -.6, ,    13.6, ,     3.3, 
1975,   -13.9, ,   -15.9, ,    -9.7, ,      .2, ,     8.8, ,    12.7, ,    17.3, ,    12.3, ,    10.0, ,     3.5, ,    -5.2, ,   -13.3, ,      .6, ,   -12.3, ,     -.2, ,    14.1, ,     2.8, 
1976,   -12.1, ,    -9.8, ,    -6.1, ,     5.2, ,    10.1, ,    11.9, ,    15.5, ,    16.2, ,    11.8, ,     3.7, ,    -2.1, ,   -11.5, ,     2.7, ,   -11.7, ,     3.1, ,    14.5, ,     4.5, 
1977,   -13.5, ,    -2.0, ,    -4.5, ,     5.0, ,    10.3, ,    14.1, ,    14.3, ,    12.4, ,     9.1, ,     4.6, ,    -7.3, ,   -17.6, ,     2.1, ,    -9.0, ,     3.6, ,    13.6, ,     2.1, 
1978,   -18.4, ,   -11.8, ,    -4.1, ,     4.0, ,     8.3, ,    14.6, ,    15.5, ,    13.6, ,     9.3, ,     6.4, ,    -7.2, ,   -14.1, ,     1.3, ,   -15.9, ,     2.7, ,    14.6, ,     2.8, 
1979,   -17.8, ,   -24.5, ,    -4.6, ,    -1.4, ,     7.2, ,    13.2, ,    17.1, ,    15.1, ,    11.2, ,     5.8, ,    -2.7, ,   -10.5, ,      .7, ,   -18.8, ,      .4, ,    15.1, ,     4.8, 
1980,   -17.4, ,    -9.3, ,    -6.6, ,     7.3, ,    10.2, ,    14.7, ,    15.0, ,    12.7, ,     8.3, ,     6.1, ,     -.8, ,   -17.3, ,     1.9, ,   -12.4, ,     3.6, ,    14.1, ,     4.5, 
1981,    -8.0, ,    -8.6, ,    -1.8, ,     2.1, ,    11.7, ,    12.8, ,    16.2, ,    17.5, ,    11.1, ,     3.0, ,     -.9, ,   -13.7, ,     3.5, ,   -11.3, ,     4.0, ,    15.5, ,     4.4, 
1982,   -26.1, ,   -17.4, ,    -9.5, ,    -1.5, ,     8.1, ,    14.8, ,    16.0, ,    12.1, ,    10.0, ,     4.1, ,    -8.7, ,   -11.3, ,     -.8, ,   -19.1, ,    -1.0, ,    14.3, ,     1.8, 
1983,   -12.7, ,    -8.4, ,    -4.5, ,     3.8, ,     8.5, ,    13.4, ,    15.8, ,    15.7, ,     7.7, ,     4.1, ,    -3.7, ,   -19.4, ,     1.7, ,   -10.8, ,     2.6, ,    15.0, ,     2.7, 
1984,    -9.2, ,    -3.1, ,    -2.6, ,     5.2, ,     8.3, ,    13.6, ,    16.1, ,    15.5, ,     6.8, ,     1.3, ,   -11.3, ,   -18.3, ,     1.9, ,   -10.6, ,     3.6, ,    15.1, ,    -1.1, 
1985,   -10.6, ,   -15.3, ,    -1.3, ,     3.0, ,    10.4, ,    12.4, ,    16.0, ,    13.4, ,     7.0, ,     3.1, ,   -15.1, ,    -8.2, ,     1.2, ,   -14.7, ,     4.0, ,    13.9, ,    -1.7, 
1986,    -8.9, ,   -13.8, ,     -.5, ,     2.8, ,    10.2, ,    13.5, ,    15.1, ,    14.6, ,     8.1, ,     4.7, ,    -9.9, ,    -6.6, ,     2.4, ,   -10.3, ,     4.2, ,    14.4, ,     1.0, 
1987,    -8.3, ,    -5.3, ,    -7.1, ,     5.6, ,    10.2, ,    14.9, ,    16.6, ,    12.7, ,    12.3, ,     4.8, ,    -1.3, ,    -7.4, ,     4.0, ,    -6.7, ,     2.9, ,    14.7, ,     5.3, 
1988,   -14.9, ,   -11.4, ,      .2, ,     5.4, ,    10.5, ,    14.2, ,    15.7, ,    14.9, ,    10.3, ,     5.1, ,    -5.6, ,   -10.4, ,     2.8, ,   -11.2, ,     5.4, ,    14.9, ,     3.3, 
1989,   -11.8, ,   -15.1, ,   -10.7, ,     3.0, ,     9.1, ,    13.8, ,    16.9, ,    16.1, ,    10.0, ,     3.6, ,    -5.1, ,    -8.6, ,     1.8, ,   -12.4, ,      .5, ,    15.6, ,     2.8, 
1990,   -11.8, ,   -14.0, ,    -1.7, ,     2.1, ,     9.9, ,    14.3, ,    16.8, ,    15.4, ,    11.4, ,     2.4, ,    -9.6, ,   -16.5, ,     1.6, ,   -11.5, ,     3.4, ,    15.5, ,     1.4, 
1991,   -13.0, ,    -4.9, ,    -5.5, ,     5.6, ,    10.6, ,    13.8, ,    16.6, ,    17.8, ,     9.6, ,      .7, ,    -8.4, ,    -9.9, ,     2.8, ,   -11.5, ,     3.6, ,    16.1, ,      .6, 
1992,    -8.4, ,    -8.2, ,      .5, ,     4.6, ,     9.1, ,    15.0, ,    14.9, ,    14.2, ,     7.4, ,     3.0, ,    -3.3, ,   -18.3, ,     2.5, ,    -8.8, ,     4.7, ,    14.7, ,     2.4, 
1993,   -15.8, ,    -9.5, ,     -.8, ,     4.0, ,    11.1, ,    13.4, ,    14.4, ,    14.7, ,     9.8, ,     4.1, ,    -5.0, ,    -6.5, ,     2.8, ,   -14.5, ,     4.8, ,    14.2, ,     3.0, 
1994,   -17.5, ,   -20.6, ,     -.4, ,     4.4, ,    10.4, ,    13.6, , -9999.9,M,    15.7, ,    11.5, ,     4.1, ,    -6.8, ,   -13.8, , -9999.9,M,   -14.9, ,     4.8, , -9999.9,M,     2.9, 
1995,   -12.7, ,   -11.4, ,    -5.2, ,     2.4, ,     9.9, ,    14.4, ,    15.5, ,    12.8, ,    11.3, ,     3.6, ,    -9.7, ,   -16.9, ,     1.2, ,   -12.6, ,     2.4, ,    14.2, ,     1.7, 
1996,   -21.4, ,   -10.9, ,    -9.0, ,     3.0, ,     6.3, ,    12.5, ,    15.1, ,    15.3, ,     8.8, ,     2.1, ,   -11.1, ,   -18.1, ,     -.6, ,   -16.4, ,      .1, ,    14.3, ,     -.1, 
1997,   -18.3, ,    -6.9, ,    -7.0, ,      .8, ,     8.8, ,    13.8, ,    16.5, ,    15.5, ,    11.2, ,     2.1, ,    -2.4, ,    -4.6, ,     2.5, ,   -14.4, ,      .9, ,    15.3, ,     3.6, 
1998,   -17.9, ,    -5.8, ,    -4.5, ,     5.1, ,    12.6, ,    14.6, ,    17.2, ,    17.1, ,    10.1, ,     5.2, ,    -6.8, ,   -13.2, ,     2.8, ,    -9.4, ,     4.4, ,    16.3, ,     2.8, 
1999,   -16.4, ,    -9.7, ,    -3.2, ,     4.4, ,     8.7, ,    13.0, ,    14.6, ,    16.4, ,    10.0, ,     4.5, ,    -3.0, ,    -6.2, ,     2.8, ,   -13.1, ,     3.3, ,    14.7, ,     3.8, 
2000,   -14.7, ,   -10.7, ,    -3.8, ,     2.0, ,     6.9, ,    12.8,E,    16.3,E,    13.8, ,     9.4, ,     3.7, ,    -4.2, ,   -15.7, ,     1.3,E,   -10.5, ,     1.7, ,    14.3,E,     3.0, 
2001,    -5.4, ,   -12.4,E,    -2.5,E,     3.2,E,     9.4,E,    13.3,E,    16.5,E,    16.5, ,    10.9, ,     2.8, ,    -3.2, ,   -14.7,E,     2.9,E,   -11.2,E,     3.4,E,    15.4,E,     3.5, 
2002,   -12.7, ,    -7.3,E,   -13.8, ,    -2.8,E,     8.0,E,    14.9, ,    16.3,E,    13.9,E,     8.8,E,      .6, ,    -1.9, ,    -8.0,E,     1.3,E,   -11.6,E,    -2.9,E,    15.0,E,     2.5,E
2003,   -13.9,E,   -11.8,E,    -9.5, ,     2.6,E,     7.8, ,    13.2, ,    16.6, ,    16.0,E,     9.9,E,     5.0,E,    -8.7, ,   -10.9, ,     1.4,E,   -11.2,E,      .3,E,    15.3,E,     2.1,E
2004,   -17.5, ,    -8.5,E,    -5.0, ,     3.0, ,     6.4, ,    13.8, ,    16.9, ,    13.9, ,     8.3, ,     1.9, ,     -.9, ,   -10.9, ,     1.8,E,   -12.3,E,     1.5, ,    14.9, ,     3.1, 
2005,   -16.4, ,    -7.6, ,    -1.8, ,     4.7, ,     9.5, ,    13.4, ,    15.2, ,    13.1, ,     8.8, ,     3.9, ,    -1.3, ,    -8.2,E,     2.8,E,   -11.6, ,     4.1, ,    13.9, ,     3.8, 
2006,    -8.4, ,    -9.3, ,    -5.5,E,     6.6, ,    10.5, ,    15.0, ,    17.8, ,    14.9, ,    11.7, ,     2.2, ,   -12.1, ,    -8.5, ,     2.9,E,    -8.6,E,     3.9,E,    15.9, ,      .6, 
2007,    -9.7, ,   -14.4, ,    -5.0, ,     1.8, ,     8.7, ,    13.8, ,    18.6, ,    13.4, ,     9.0, ,     5.2,E,    -4.8,E,   -14.4,E,     1.9,E,   -10.9, ,     1.8, ,    15.3, ,     3.1,E
2008,   -15.5, ,   -12.3, ,    -5.5, ,     -.6,E,     9.8, ,    14.0, ,    16.5, ,    15.8, ,    10.0, ,     5.6, ,     -.7, ,   -17.6, ,     1.6,E,   -14.1,E,     1.2,E,    15.4, ,     5.0, 
2009,   -15.6, ,   -12.1,E,    -9.7, ,     2.1, ,     7.8, ,    13.0, ,    15.4, ,    14.7, ,    12.9, ,     1.0, ,    -1.6, ,   -17.4, ,      .9,E,   -15.1,E,      .1, ,    14.4, ,     4.1, 
2010,   -12.9, ,    -8.1, ,     -.5, ,     4.9, ,     8.2, ,    13.8,E,    16.6, ,    14.7, ,     8.8, ,     5.7, ,    -6.5, ,   -15.9, ,     2.4,E,   -12.8, ,     4.2, ,    15.0,E,     2.7, 
2011,   -13.6,E,   -12.3, ,    -9.4, ,     1.6, ,    11.5, ,    13.6, ,    15.6, ,    15.3, ,    12.2, ,     5.3, ,    -5.9,E,    -4.6, ,     2.4,E,   -13.9,E,     1.2, ,    14.8, ,     3.9,E
2012,    -9.1, ,    -8.6, ,    -3.5, ,     2.4, ,     9.6, ,    14.9, ,    18.3,E,    16.4, ,    12.4, ,     -.3, ,    -9.1,E,   -17.5, ,     2.2,E,    -7.4, ,     2.8, ,    16.5,E,     1.0,E
