4060982,BUFFALO NARROWS,SK, station joined    , Monthly mean of homogenized daily mean temperature                     , °C,          Updated to December 2012
4060982,BUFFALO NARROWS,SK, station jointe    , Moyenne mensuelle des températures homogénéisées moyennes quotidiennes , °C, Mise à jour jusqu à décembre 2012
Year,     Jan, ,     Feb, ,     Mar, ,     Apr, ,     May, ,     Jun, ,     Jul, ,     Aug, ,     Sep, ,     Oct, ,     Nov, ,     Dec, ,  Annual, ,  Winter, ,  Spring, ,  Summer, ,  Autumn
Year,    Janv, ,     Fév, ,    Mars, ,     Avr, ,     Mai, ,    Juin, ,    Juil, ,    Août, ,    Sept, ,     Oct, ,     Nov, ,     Déc, ,  Annuel, ,   Hiver, ,Printemp, ,     Eté, , Automne
1962, -9999.9,M, -9999.9,M, -9999.9,M, -9999.9,M,     7.1, ,    15.0, ,    15.9, ,    17.0, ,    12.2, ,     8.9, ,    -7.6, ,   -15.7, , -9999.9,M, -9999.9,M, -9999.9,M,    16.0, ,     4.5, 
1963, -9999.9,M, -9999.9,M, -9999.9,M, -9999.9,M, -9999.9,M, -9999.9,M, -9999.9,M, -9999.9,M, -9999.9,M, -9999.9,M, -9999.9,M, -9999.9,M, -9999.9,M, -9999.9,M, -9999.9,M, -9999.9,M, -9999.9,M
1964,   -16.7, ,    -9.3, ,   -18.6, ,     1.5, ,     8.5, ,    15.1, ,    18.0, ,    14.4, ,     7.6, ,     5.3, ,    -7.6, , -9999.9,M, -9999.9,M, -9999.9,M,    -2.9, ,    15.8, ,     1.8, 
1965, -9999.9,M, -9999.9,M,   -13.6, , -9999.9,M,     7.4, ,    13.7, ,    17.3, ,    15.3, ,     4.9, ,     5.3, ,   -11.8, ,   -12.5, , -9999.9,M, -9999.9,M, -9999.9,M,    15.4, ,     -.5, 
1966,   -28.1, ,   -17.3, ,    -7.4, ,    -1.7, ,     8.8, ,    13.4, ,    15.9, ,    15.1, ,    11.9, ,     2.4, ,   -15.3, ,   -15.9, ,    -1.5, ,   -19.3, ,     -.1, ,    14.8, ,     -.3, 
1967,   -21.2, ,   -19.0, ,   -15.3, ,    -3.2, ,     6.7, ,    12.6, ,    16.5, ,    17.3, ,    13.7, ,     2.4, ,    -6.0, ,   -15.3, ,     -.9, ,   -18.7, ,    -3.9, ,    15.5, ,     3.4, 
1968,   -21.6, ,   -14.6, ,    -4.0, ,     1.9, ,     8.9, ,    14.0, ,    14.6, ,    13.1, ,     9.1, ,     3.1, ,    -5.2, ,   -20.4, ,     -.1, ,   -17.2, ,     2.3, ,    13.9, ,     2.3, 
1969,   -30.7, ,   -17.2, ,   -11.5, ,     3.5, ,     7.5, ,    11.9, ,    15.7, ,    15.9, ,     8.1, ,     -.6, ,    -7.9, ,   -12.5, ,    -1.5, ,   -22.8, ,     -.2, ,    14.5, ,     -.1, 
1970,   -22.5, ,   -15.5, ,   -12.6, ,     2.1, ,     7.9, ,    15.7, ,    17.3, ,    15.5, ,     9.1, ,     2.8, ,   -10.0, ,   -22.0, ,    -1.0, ,   -16.8, ,     -.9, ,    16.2, ,      .6, 
1971,   -25.1, ,   -13.3, ,   -10.9, ,     2.5, ,    11.1, ,    15.3, ,    15.4, ,    16.8, ,     9.6, ,     3.4, ,    -9.4, ,   -20.9, ,     -.5, ,   -20.1, ,      .9, ,    15.8, ,     1.2, 
1972,   -25.3, ,   -22.8, ,    -9.3, ,    -1.3, ,    10.5, , -9999.9,M,    15.0, ,    16.7, ,     3.7, ,      .2, ,    -8.0, ,   -20.5, , -9999.9,M,   -23.0, ,      .0, , -9999.9,M,    -1.4, 
1973,   -16.2, ,   -16.2, , -9999.9,M,     1.0, , -9999.9,M, -9999.9,M,    17.4, ,    16.4, ,     9.6, , -9999.9,M, -9999.9,M, -9999.9,M, -9999.9,M,   -17.6, , -9999.9,M, -9999.9,M, -9999.9,M
1974,   -25.3, ,   -16.4, ,   -15.2, ,     2.5, ,     6.1, ,    14.8, ,    16.6, ,    13.2, ,     6.7, ,     4.0, ,    -3.9, ,    -9.2, ,     -.5, , -9999.9,M,    -2.2, ,    14.9, ,     2.3, 
1975,   -19.0, ,   -17.2, ,   -11.4, ,      .0, ,     8.1, ,    14.0, ,    18.5, ,    13.6, ,    10.1, ,     3.5, ,    -7.0, ,   -15.9, ,     -.2, ,   -15.1, ,    -1.1, ,    15.4, ,     2.2, 
1976,   -16.9, ,   -14.5, ,    -9.4, ,     5.3, ,    10.6, ,    14.3, ,    17.4, ,    17.0, ,    12.0, ,     2.1, ,    -5.4, ,   -16.8, ,     1.3, ,   -15.8, ,     2.2, ,    16.2, ,     2.9, 
1977,   -19.8, ,    -6.1, ,    -6.3, ,     4.6, ,    11.9, ,    15.5, ,    15.4, ,    11.8, ,    10.2, ,     5.3, ,    -8.4, ,   -21.3, ,     1.1, ,   -14.2, ,     3.4, ,    14.2, ,     2.4, 
1978,   -23.6, ,   -16.1, ,    -8.4, ,      .5, ,     8.3, ,    14.1, ,    15.8, ,    14.1, ,     9.7, ,     5.3, ,    -9.7, ,   -19.0, ,     -.8, ,   -20.3, ,      .1, ,    14.7, ,     1.8, 
1979,   -19.4, ,   -26.4, ,   -10.4, ,    -3.0, ,     5.9, ,    13.7, ,    19.5, ,    14.7, ,    10.4, ,     4.1,E,    -4.2, ,   -11.0, ,     -.5,E,   -21.6, ,    -2.5, ,    16.0, ,     3.4,E
1980,   -19.0, ,   -13.3, ,    -9.9, ,     9.0, ,    11.4, ,    14.7, ,    17.7, ,    14.5, ,     8.0, ,     5.1, ,    -3.5, ,   -21.8, ,     1.1, ,   -14.4, ,     3.5, ,    15.6, ,     3.2, 
1981,   -11.6, ,   -11.8, ,    -3.1, ,      .7, ,    10.9, ,    14.5, ,    18.0, ,    19.4, ,    11.8,E,      .9, ,    -2.1, ,   -17.6, ,     2.5,E,   -15.1, ,     2.8, ,    17.3, ,     3.5,E
1982,   -31.7, ,   -19.0, ,   -11.7, ,    -1.5, ,     8.2, ,    14.6, ,    17.4, ,    13.5, ,    10.4, ,     5.0, ,   -12.4, ,   -15.9, ,    -1.9, ,   -22.8, ,    -1.7, ,    15.2, ,     1.0, 
1983,   -17.4, ,   -14.9, ,    -8.2, , -9999.9,M, -9999.9,M, -9999.9,M, -9999.9,M, -9999.9,M,     9.6, ,     4.2, ,    -3.9, ,   -22.1, , -9999.9,M,   -16.1, , -9999.9,M, -9999.9,M,     3.3, 
1984,   -17.0,E,    -6.4, ,    -7.9,E,     6.5, ,     7.6, ,    15.9,E,    18.3, ,    18.2, ,     8.1, ,     1.8, ,   -12.3, ,   -22.4, ,      .9,E,   -15.2,E,     2.1,E,    17.5,E,     -.8, 
1985,   -16.1,E,   -20.9, ,    -3.4, ,     2.7, ,    10.3,E,    12.9, ,    16.7,E,    15.1, ,     7.3, ,     1.9, ,   -16.3, ,   -13.4, ,     -.3,E,   -19.8,E,     3.2,E,    14.9,E,    -2.4, 
1986,   -11.8, ,   -16.0, ,    -4.6, ,      .7, ,     9.6, ,    14.2, ,    16.3, ,    16.0, ,     8.9, ,     4.4, ,   -12.9, ,    -9.3, ,     1.3, ,   -13.7, ,     1.9, ,    15.5, ,      .1, 
1987,   -10.2, ,    -8.6, ,    -8.3, ,     4.4, ,    11.0, ,    15.7, ,    17.7, ,    14.0, ,    12.8, ,     3.5, ,    -3.5,E,   -10.3, ,     3.2,E,    -9.4, ,     2.4, ,    15.8, ,     4.3,E
1988,   -19.2, ,   -15.9, ,    -6.1,E,     1.3, ,    10.0,E,    16.4, ,    16.8,E,    15.8, ,    10.4, ,     3.1, ,    -7.5, ,   -13.2, ,     1.0,E,   -15.1, ,     1.7,E,    16.3,E,     2.0, 
1989,   -16.9, ,   -16.6,E,   -13.7, ,      .6, ,     9.7, ,    14.1, ,    18.6, ,    17.0, ,     9.7, ,     3.1,E,   -11.5, ,   -17.9, ,     -.3,E,   -15.6,E,    -1.1, ,    16.6, ,      .4,E
1990,   -17.6, ,   -19.3, ,    -4.6, ,      .4, ,     9.5, ,    16.0, ,    17.6, ,    16.2,E,    11.1,E,      .1, , -9999.9,M,   -21.1, , -9999.9,M,   -18.3, ,     1.8, ,    16.6,E, -9999.9,M
1991,   -18.7, ,   -10.1,E,    -8.4,E,     3.6,E,     9.8,E,    15.3,E,    18.0,E,    19.6,E,     9.9, ,    -1.5,E,   -10.4,E,   -14.4,E,     1.1,E,   -16.6,E,     1.7,E,    17.6,E,     -.7,E
1992,   -14.0,E,   -12.0,E,    -2.5,E,     2.2,E,     8.6,E,    14.3, ,    16.2,E,    15.3,E,     7.7,E,     2.8,E,    -3.7,E,   -21.0,E,     1.2,E,   -13.5,E,     2.8,E,    15.3,E,     2.3,E
1993,   -17.0, ,   -12.0, ,    -1.6, ,     3.4,E,     9.9, ,    13.6,E,    15.7,E,    15.2, ,     8.8,E,     2.0, ,    -7.2, ,   -11.8, ,     1.6,E,   -16.7,E,     3.9,E,    14.8,E,     1.2,E
1994,   -24.2, ,   -23.2, ,    -3.1, ,     2.1, ,     9.8, ,    15.4, ,    17.6,E,    16.6, ,    13.0, ,     4.5, ,    -7.6, ,   -15.1, ,      .5,E,   -19.7, ,     2.9, ,    16.5,E,     3.3, 
1995,   -14.9, ,   -14.6, ,    -8.6, ,    -1.0, ,     9.2, ,    15.9, ,    15.6, ,    14.2, ,    11.8,E,     3.8, ,   -11.3, ,   -15.9, ,      .4,E,   -14.9, ,     -.1, ,    15.2, ,     1.4,E
1996,   -25.7, ,   -14.3, ,   -13.9,E,      .1, ,     5.6, ,    15.0, ,    17.6,E,    16.6, ,     9.2, ,     1.6,E,   -11.9, ,   -20.4, ,    -1.7,E,   -18.6, ,    -2.7,E,    16.4,E,     -.4,E
1997,   -22.4, ,   -11.1,E,   -10.1, ,      .1, ,     7.6, ,    15.4,E,    18.5,E,    16.9, ,    12.1,E,      .0, ,    -4.2,E,    -6.8, ,     1.3,E,   -18.0,E,     -.8, ,    16.9,E,     2.6,E
1998,   -20.6,E,    -7.0,E,    -6.9,E,     6.1, ,    12.6, ,    15.5, ,    19.6, ,    19.2, ,    11.6, ,     5.1, ,    -6.3, ,   -15.8, ,     2.8,E,   -11.5,E,     3.9,E,    18.1, ,     3.5, 
1999,   -19.4, ,   -10.8, ,    -3.7, ,     3.9, ,     9.1, ,    14.8, ,    17.4, ,    17.9, ,    10.4, ,     3.6, ,    -3.1, ,   -11.0, ,     2.4, ,   -15.3, ,     3.1, ,    16.7, ,     3.6, 
2000,   -18.1, ,   -10.0, ,    -4.5, ,      .8, ,     7.9, ,    12.4, ,    17.9, ,    15.6, ,     9.2, ,     3.7, ,    -5.8, ,   -21.6, ,      .6, ,   -13.0, ,     1.4, ,    15.3, ,     2.4, 
2001,    -7.5, ,   -16.5, ,    -5.1, ,     2.8, ,    10.2, ,    14.3, ,    18.6, ,    18.1, ,    12.6, ,     2.2, ,    -3.2, ,   -13.7, ,     2.7, ,   -15.2, ,     2.6, ,    17.0, ,     3.9, 
2002,   -17.9, ,   -10.5, ,   -15.3, ,    -4.0, ,     6.0, ,    16.5, ,    18.0, ,    15.5, ,     9.9, ,    -1.6, ,    -7.4, ,    -9.7, ,      .0, ,   -14.0, ,    -4.4, ,    16.7, ,      .3, 
2003,   -17.2, ,   -18.6, ,   -10.5, ,     3.0, ,     9.8, ,    14.6, ,    18.4, ,    17.9, ,     9.9, ,     5.3, ,    -8.7, ,   -11.3, ,     1.1, ,   -15.2, ,      .8, ,    17.0, ,     2.2, 
2004,   -21.9, ,   -10.7, ,    -6.5, ,     1.6, ,     5.1, ,    13.1, ,    17.7, ,    13.7, ,     9.6, ,     2.1, ,    -4.6, ,   -18.1, ,      .1, ,   -14.6, ,      .1, ,    14.8, ,     2.4, 
2005,   -19.3, ,   -11.0, ,    -5.7, ,     3.9, ,     8.9, ,    14.8, ,    17.4, ,    14.7, ,    10.4, ,     4.3, ,    -3.1, ,    -7.9, ,     2.3, ,   -16.1, ,     2.4, ,    15.6, ,     3.9, 
2006,   -10.4, ,   -14.4, ,    -6.0, ,     6.3, ,     9.9, ,    17.5, ,    18.5, ,    16.6, ,    12.3,E,     1.6, ,   -13.0, ,    -9.5, ,     2.5,E,   -10.9, ,     3.4, ,    17.5, ,      .3,E
2007,   -13.1,E,   -19.5, ,    -7.9,E,     2.3, ,     9.6, ,    13.9, ,    20.4, ,    14.2, ,     9.0, ,     5.1, ,    -7.9, ,   -16.3, ,      .8,E,   -14.0,E,     1.3,E,    16.2, ,     2.1, 
2008,   -17.9, ,   -18.5, ,    -9.5, ,    -1.6, ,     8.8, ,    16.4, ,    17.7, ,    17.5, ,    10.3, ,     5.9, ,    -3.8, ,   -22.4, ,      .2, ,   -17.6, ,     -.8, ,    17.2, ,     4.1, 
2009,   -17.9, ,   -15.8, ,   -12.1, ,     1.4, ,     6.5, ,    14.0, ,    16.1, ,    16.0, ,    14.6, ,     1.3, ,    -2.4, ,   -18.3, ,      .3, ,   -18.7, ,    -1.4, ,    15.4, ,     4.5, 
2010,   -15.7, ,   -11.7, ,    -1.8, ,     5.3, ,     9.5, ,    16.0, ,    18.1, ,    15.6, ,     9.8, ,     5.9, ,    -6.0, ,   -16.1, ,     2.4, ,   -15.2, ,     4.3, ,    16.6, ,     3.2, 
2011,   -19.4, ,   -15.6, ,   -11.3, ,     1.9, ,    10.6, ,    14.8, ,    18.0, ,    17.4, ,    13.9, ,     5.8, ,    -6.8, ,    -8.3, ,     1.8, ,   -17.0, ,      .4, ,    16.7, ,     4.3, 
2012,   -12.1, ,   -10.6, ,    -4.4, ,     2.0, ,    10.0, ,    15.6, ,    19.9, ,    17.7, ,    12.1, ,      .9, , -9999.9,M, -9999.9,M, -9999.9,M,   -10.3, ,     2.5, ,    17.7, , -9999.9,M
