4086000,PELLY          ,SK, station not joined, Monthly mean of homogenized daily mean temperature                     , °C,          Updated to December 2012
4086000,PELLY          ,SK, station non-jointe, Moyenne mensuelle des températures homogénéisées moyennes quotidiennes , °C, Mise à jour jusqu à décembre 2012
Year,     Jan, ,     Feb, ,     Mar, ,     Apr, ,     May, ,     Jun, ,     Jul, ,     Aug, ,     Sep, ,     Oct, ,     Nov, ,     Dec, ,  Annual, ,  Winter, ,  Spring, ,  Summer, ,  Autumn
Year,    Janv, ,     Fév, ,    Mars, ,     Avr, ,     Mai, ,    Juin, ,    Juil, ,    Août, ,    Sept, ,     Oct, ,     Nov, ,     Déc, ,  Annuel, ,   Hiver, ,Printemp, ,     Eté, , Automne
1951, -9999.9,M, -9999.9,M, -9999.9,M, -9999.9,M, -9999.9,M, -9999.9,M, -9999.9,M, -9999.9,M,     8.1, ,      .4, ,   -10.9, ,   -19.7, , -9999.9,M, -9999.9,M, -9999.9,M, -9999.9,M,     -.8, 
1952,   -23.3, ,   -14.1, ,   -12.5, ,     5.9, ,     9.7, ,    13.5, ,    15.1, ,    14.3, ,    10.1, ,     2.7, ,    -4.6, ,   -12.5, ,      .4, ,   -19.0, ,     1.0, ,    14.3, ,     2.7, 
1953,   -19.7, , -9999.9,M, -9999.9,M, -9999.9,M, -9999.9,M,    12.9, ,    16.0, ,    16.1, ,     8.8, ,     6.2, ,    -1.9, ,   -13.2, , -9999.9,M, -9999.9,M, -9999.9,M,    15.0, ,     4.4, 
1954,   -27.6, ,    -8.4, ,   -13.1, ,    -5.4, ,     5.6, ,    12.8, ,    16.7, ,    14.3, ,     8.5, ,     3.1, ,    -2.8, ,   -10.4, ,     -.6, ,   -16.4, ,    -4.3, ,    14.6, ,     2.9, 
1955,   -19.0, ,   -19.0, ,   -16.6, ,     4.3, ,     9.5, ,    14.3, ,    17.2, ,    16.3, ,     7.7, ,     3.8, ,   -13.8, ,   -22.2, ,    -1.5, ,   -16.1, ,     -.9, ,    15.9, ,     -.8, 
1956,   -20.8, ,   -19.8, ,   -13.7, ,    -3.9, ,     8.2, ,    15.9, ,    15.6, ,    14.3, ,     7.5, ,     3.2, ,    -6.7, ,   -16.9, ,    -1.4, ,   -20.9, ,    -3.1, ,    15.3, ,     1.3, 
1957,   -23.3, ,   -20.2, ,   -11.6, ,    -2.5, ,     8.5, ,    11.7, ,    17.3, ,    13.7, ,     8.7, ,     3.0, ,    -7.0, ,   -15.5, ,    -1.4, ,   -20.1, ,    -1.9, ,    14.2, ,     1.6, 
1958,   -13.6, , -9999.9,M,    -8.7, ,     2.7, ,     9.3, ,    10.2, ,    14.8, ,    14.6, ,     8.7, ,     3.2, ,    -8.9, ,   -17.5, , -9999.9,M, -9999.9,M,     1.1, ,    13.2, ,     1.0, 
1959,   -24.4, ,   -17.9, ,    -5.7, ,     1.2, ,     7.0, ,    13.8, ,    16.7, ,    14.2, ,     8.1, ,     -.8, ,   -10.8, ,    -9.0, ,     -.6, ,   -19.9, ,      .8, ,    14.9, ,    -1.2, 
1960,   -21.5, ,   -17.3, ,   -14.3, ,      .1, ,     9.9, ,    12.9, ,    17.4, ,    16.1, ,    10.7, ,     2.8, ,    -8.4, ,   -15.5, ,     -.6, ,   -15.9, ,    -1.4, ,    15.5, ,     1.7, 
1961,   -18.5, ,   -14.0, ,    -6.7, ,     -.5, ,     8.4, ,    15.3, ,    16.7, ,    17.7, ,     6.6, ,     3.2, ,    -7.3, ,   -22.3, ,     -.1, ,   -16.0, ,      .4, ,    16.6, ,      .8, 
1962,   -22.0, ,   -22.4, ,   -10.8, ,    -2.7, ,     8.2, ,    15.6, ,    15.6, ,    15.2, ,     8.6, ,     5.0, ,    -3.7, ,   -14.2, ,     -.6, ,   -22.2, ,    -1.8, ,    15.5, ,     3.3, 
1963,   -22.4, ,   -18.6, ,    -9.1, ,     2.4, ,     7.5, ,    13.9, ,    18.0, ,    16.3, ,    11.9, , -9999.9,M,    -7.7, ,   -17.2, , -9999.9,M,   -18.4, ,      .3, ,    16.1, , -9999.9,M
1964,   -16.4, ,   -12.3, ,   -16.6, , -9999.9,M, -9999.9,M, -9999.9,M, -9999.9,M, -9999.9,M, -9999.9,M, -9999.9,M, -9999.9,M, -9999.9,M, -9999.9,M,   -15.3, , -9999.9,M, -9999.9,M, -9999.9,M
1965, -9999.9,M, -9999.9,M, -9999.9,M, -9999.9,M, -9999.9,M, -9999.9,M, -9999.9,M, -9999.9,M, -9999.9,M, -9999.9,M, -9999.9,M, -9999.9,M, -9999.9,M, -9999.9,M, -9999.9,M, -9999.9,M, -9999.9,M
1966, -9999.9,M, -9999.9,M, -9999.9,M, -9999.9,M, -9999.9,M, -9999.9,M, -9999.9,M, -9999.9,M, -9999.9,M, -9999.9,M, -9999.9,M, -9999.9,M, -9999.9,M, -9999.9,M, -9999.9,M, -9999.9,M, -9999.9,M
1967, -9999.9,M, -9999.9,M, -9999.9,M, -9999.9,M, -9999.9,M, -9999.9,M, -9999.9,M, -9999.9,M, -9999.9,M,     1.9, ,    -6.5, ,   -15.6, , -9999.9,M, -9999.9,M, -9999.9,M, -9999.9,M, -9999.9,M
1968,   -21.2, ,   -16.6, ,    -6.8, ,     1.6, ,     7.9, ,    12.3, ,    14.5, ,    12.5, ,    10.7, ,     3.1, ,    -6.2, ,   -19.3, ,     -.6, ,   -17.8, ,      .9, ,    13.1, ,     2.5, 
1969,   -26.4, ,   -16.2, ,   -12.0, ,     3.8, ,     7.4, ,    11.1, ,    15.5, ,    17.1, ,     9.5, ,      .0, ,    -5.7, ,   -11.9, ,     -.7, ,   -20.6, ,     -.3, ,    14.6, ,     1.3, 
1970,   -21.6, ,   -16.4, ,   -14.5, ,     -.9, ,     7.3, ,    16.0, , -9999.9,M, -9999.9,M,     9.4, ,     2.4, ,    -8.4, ,   -21.3, , -9999.9,M,   -16.6, ,    -2.7, , -9999.9,M,     1.1, 
1971,   -24.1, ,   -14.9, ,   -11.1, ,      .7, ,     9.9, ,    14.2, ,    14.6, ,    16.3, ,     9.8, ,     3.2, ,    -7.8, ,   -19.0, ,     -.7, ,   -20.1, ,     -.2, ,    15.0, ,     1.7, 
1972,   -25.5, ,   -21.9, ,   -10.5, ,     -.7, ,    11.4, ,    15.1, ,    13.4, ,    15.9, ,     5.6, ,      .3, , -9999.9,M, -9999.9,M, -9999.9,M,   -22.1, ,      .1, ,    14.8, , -9999.9,M
1973, -9999.9,M, -9999.9,M, -9999.9,M, -9999.9,M, -9999.9,M,    12.9, ,    15.7, ,    16.9, ,     8.9, ,     4.5, ,   -11.3, ,   -18.3, , -9999.9,M, -9999.9,M, -9999.9,M,    15.2, ,      .7, 
1974,   -24.8, ,   -18.8, ,   -14.9, ,     -.5, ,     4.9, ,    13.9, ,    17.3, ,    13.4, ,     7.2, ,     4.2, ,    -5.2, ,    -9.9, ,    -1.1, ,   -20.6, ,    -3.5, ,    14.9, ,     2.1, 
1975,   -18.2, ,   -17.6, ,   -13.5, ,    -1.5, ,     8.5, ,    13.6, ,    18.2, ,    13.0, ,     8.8, ,     3.0, ,    -5.0, ,   -16.3, ,     -.6, ,   -15.2, ,    -2.2, ,    14.9, ,     2.3, 
1976,   -17.5, ,   -14.0, ,   -11.7, ,     3.4, ,     9.6, ,    14.3, ,    16.7, ,    15.4, ,    10.3, ,      .1, ,    -6.7, ,   -17.5, ,      .2, ,   -15.9, ,      .4, ,    15.5, ,     1.2, 
1977,   -21.2, ,   -11.0, ,    -7.2, ,     4.0, ,    13.5, ,    14.5, ,    15.7, ,    10.9, ,     9.2, ,     5.4, ,    -7.0, ,   -20.1, ,      .6, ,   -16.6, ,     3.4, ,    13.7, ,     2.5, 
1978,   -23.2, ,   -18.4, ,    -9.4, ,     -.3, ,    12.1, ,    13.9, ,    15.5, ,    13.5, ,    10.3, ,     4.7, ,   -10.8, ,   -19.0, ,     -.9, ,   -20.6, ,      .8, ,    14.3, ,     1.4, 
1979,   -23.9, ,   -26.0, ,   -12.0, ,    -3.8, ,     5.4, ,    14.0, ,    18.4, ,    13.5, ,    10.1, ,     2.3, ,    -6.2,E,   -13.7, ,    -1.8,E,   -23.0, ,    -3.5, ,    15.3, ,     2.1,E
1980,   -21.0, ,   -16.2, ,   -11.9, ,     5.2, ,    12.4, ,    13.2, ,    16.3, ,    13.7, ,     8.1, ,     3.6, ,    -5.6, ,   -18.9, ,     -.1, ,   -17.0, ,     1.9, ,    14.4, ,     2.0, 
1981,   -14.3, ,   -11.3, ,    -2.6,E,     1.6, ,     9.0, ,    13.2, ,    16.7, ,    17.4, ,    10.4,E,     1.9, ,    -1.4, ,   -15.7, ,     2.1,E,   -14.8, ,     2.7,E,    15.8, ,     3.6,E
1982,   -28.2,E,   -17.3,E,   -10.1,E,     -.2, ,     8.8, ,    11.7, ,    16.6,E,    13.8, ,     9.7, ,     3.6, ,   -10.9, ,   -14.8, ,    -1.4,E,   -20.4,E,     -.5,E,    14.0,E,      .8, 
1983,   -15.3, ,   -14.7, ,   -10.8,E,    -3.1, ,     5.4, ,    13.5, ,    17.6, ,    18.4, ,     9.1, ,     3.9, ,    -3.1, ,   -22.5, ,     -.1,E,   -14.9, ,    -2.8,E,    16.5, ,     3.3, 
1984,   -15.9, ,    -7.4, ,    -9.5,E,     4.5,E,     6.9,E,    14.7, ,    16.9, ,    17.6, ,     6.7, ,     1.6, ,   -10.0,E,   -22.0, ,      .3,E,   -15.3, ,      .6,E,    16.4, ,     -.6,E
1985,   -18.3, ,   -19.8, ,    -6.7, ,     2.9, ,    10.4, ,    11.0, ,    15.8, ,    13.2, ,     6.9, ,     2.8,E,   -15.8, ,   -16.5, ,    -1.2,E,   -20.0, ,     2.2, ,    13.3, ,    -2.0,E
1986,   -13.1, ,   -16.2, ,    -5.4, ,      .3, ,    10.3,E,    13.7, ,    15.8, ,    15.0, ,     8.3, ,     4.2, ,   -11.5,E,   -11.5, ,      .8,E,   -15.3, ,     1.7,E,    14.8, ,      .3,E
1987,   -12.4, ,   -10.0, ,    -6.9, ,     5.3, ,    11.4, ,    15.8, ,    16.3, ,    13.2, ,    11.9,E,     2.0, ,    -3.3, ,   -11.3, ,     2.7,E,   -11.3, ,     3.3, ,    15.1, ,     3.5,E
1988,   -20.8, ,   -16.2,E,    -8.9,E,     1.5, ,    11.3, ,    18.2, ,    17.5,E,    15.4, ,     9.2, ,     2.7, ,    -6.6, ,   -14.3, ,      .8,E,   -16.1,E,     1.3,E,    17.0,E,     1.8, 
1989,   -15.9, ,   -18.8,E,   -13.8,E,     1.6, ,    10.5, ,    13.5, ,    18.2, ,    15.9, ,    10.3, ,     3.2,E,   -10.1, ,   -20.5, ,     -.5,E,   -16.3,E,     -.6,E,    15.9, ,     1.1,E
1990,   -15.1, ,   -17.2, ,    -5.7,E,      .2,E,     8.2, ,    15.2, , -9999.9,M,    15.9, ,    10.7, ,     1.5,E,    -7.9,E,   -20.6,E, -9999.9,M,   -17.6, ,      .9,E, -9999.9,M,     1.4,E
1991,   -20.5,E,   -10.6,E,    -8.4, ,     4.2,E,    10.1,E,    15.5, ,    16.9,E,    17.8,E,     9.2, ,    -1.0,E,   -11.1,E,   -13.6,E,      .7,E,   -17.2,E,     2.0,E,    16.7,E,    -1.0,E
1992,   -12.5,E,   -12.1,E,    -5.2,E,      .3,E,     9.5,E,    11.9, ,    14.2,E,    13.3,E,     7.9, ,     2.9, ,    -5.1, ,   -19.7, ,      .5,E,   -12.7,E,     1.5,E,    13.1,E,     1.9, 
1993,   -17.5, ,   -15.0,E,    -3.5,E,     2.0, ,     9.4, ,    12.2,E,    14.5,E,    14.6, ,     7.9, ,     1.4, ,    -8.4, ,   -13.2, ,      .4,E,   -17.4,E,     2.6,E,    13.8,E,      .3, 
1994,   -24.5, ,   -21.1, ,    -3.1,E,     1.8, ,     9.9, ,    14.4, ,    15.9, ,    14.4, ,    12.4, ,     5.2, ,    -5.4,E,   -13.7, ,      .5,E,   -19.6, ,     2.9,E,    14.9, ,     4.1,E
1995,   -16.5, ,   -14.8, ,    -8.8, ,    -3.1, ,     8.5, ,    16.8, ,    16.2,E,    15.8, , -9999.9,M,     3.6, ,   -11.4, ,   -16.4, , -9999.9,M,   -15.0, ,    -1.1, ,    16.3,E, -9999.9,M
1996,   -23.8, ,   -14.7, ,   -12.2, ,    -1.1, ,     6.4, ,    15.5,E,    16.8, ,    17.0, ,    10.1, ,     2.6, ,   -12.9, ,   -20.1, ,    -1.4,E,   -18.3, ,    -2.3, ,    16.4,E,     -.1, 
1997,   -22.0, ,   -12.8, ,   -10.6, ,    -1.6, ,     7.8, ,    15.8, ,    17.7, ,    16.2,E,    11.9, ,     2.4, ,    -6.2, ,    -6.7, ,     1.0,E,   -18.3, ,    -1.5, ,    16.6,E,     2.7, 
1998,   -18.3, ,    -6.2, ,    -8.9,E,     5.3, ,    10.3, ,    13.1, ,    17.5, ,    18.0,E,    11.8, ,     4.2, ,    -5.1, ,   -15.3, ,     2.2,E,   -10.4, ,     2.2,E,    16.2,E,     3.6, 
1999,   -18.1, ,   -11.8, ,    -5.0, ,     4.9, ,     9.5, ,    13.1, ,    16.4, ,    15.8, ,     9.1, ,     3.3, ,    -2.3, ,    -9.6, ,     2.1, ,   -15.1, ,     3.1, ,    15.1, ,     3.4, 
2000,   -18.2, ,   -10.4, ,    -2.5, ,     2.5, ,     8.7, ,    12.3, ,    17.4, ,    15.7, ,     9.8, ,     4.4, ,    -8.9, ,   -22.4, ,      .7, ,   -12.7, ,     2.9, ,    15.1, ,     1.8, 
2001,   -10.7, ,   -18.1, ,    -6.3, ,     2.6, ,    10.4, ,    13.5, ,    18.0, ,    17.7, ,    11.6, ,     1.6, ,    -1.7, ,   -12.5, ,     2.2, ,   -17.1, ,     2.2, ,    16.4, ,     3.8, 
2002,   -16.3, ,   -10.9, ,   -14.2, ,    -1.8, ,     6.6, ,    16.0, ,    18.4, ,    15.7, ,    10.7, ,    -2.1, ,    -8.0, ,    -9.9, ,      .4, ,   -13.2, ,    -3.1, ,    16.7, ,      .2, 
2003,   -17.1, ,   -19.5, ,   -10.5, ,     2.5, ,    10.7, ,    14.7, ,    17.5, ,    18.5, ,    10.0, ,     4.8, ,   -10.0, ,   -10.1, ,     1.0, ,   -15.5, ,      .9, ,    16.9, ,     1.6, 
2004,   -21.8, ,   -11.2, ,    -7.6, ,     1.7, ,     5.8, ,    12.0, ,    15.9, ,    12.5, ,    10.9, ,     3.0, ,    -3.0, ,   -16.3, ,      .2, ,   -14.4, ,      .0, ,    13.5, ,     3.6, 
2005,   -19.1, ,   -13.2, ,    -7.9, ,     5.3, ,     8.6, ,    14.1, ,    17.2, ,    14.9, ,    11.0, ,     4.7, ,    -4.0, ,    -9.9, ,     1.8, ,   -16.2, ,     2.0, ,    15.4, ,     3.9, 
2006,    -8.8, ,   -15.7, ,    -7.6, ,     5.9, ,     9.7, ,    15.8,E,    18.1, ,    16.6, ,    10.4, , -9999.9,M,    -9.5, ,   -11.0,E, -9999.9,M,   -11.5, ,     2.7, ,    16.8,E, -9999.9,M
2007,   -14.7, ,   -18.0, ,    -5.9, ,     1.2, ,     9.7, ,    13.7, ,    19.3, , -9999.9,M,     9.7, ,     5.2, ,    -7.3, ,   -15.9, , -9999.9,M,   -14.6,E,     1.7, , -9999.9,M,     2.5, 
2008,   -17.2, ,   -18.9, ,   -10.0, ,      .8, ,     7.9, ,    13.8, ,    16.3, ,    16.5, ,    10.0, , -9999.9,M,    -5.2, ,   -20.4, , -9999.9,M,   -17.3, ,     -.4, ,    15.5, , -9999.9,M
2009,   -18.2, ,   -14.0, ,   -10.8, ,     1.6, ,     6.9, ,    13.6, ,    15.4, ,    14.7, ,    14.7, ,     2.3, ,     -.5, ,   -17.1, ,      .7, ,   -17.5, ,     -.8, ,    14.6, ,     5.5, 
2010,   -13.7, ,   -13.5, ,    -2.5, ,     5.9, ,     8.2, ,    14.3, ,    17.1, ,    15.5, ,     9.4, ,     5.9, ,    -6.7, ,   -15.3, ,     2.1, ,   -14.8, ,     3.9, ,    15.6, ,     2.9, 
2011,   -18.1, ,   -15.2, ,   -12.1, ,     1.2, ,     9.1, ,    14.3, ,    17.7, ,    17.2, ,    12.7, ,     5.5, , -9999.9,M,    -8.7, , -9999.9,M,   -16.2, ,     -.6, ,    16.4, , -9999.9,M
2012,   -12.7, ,   -10.3, ,    -2.0, ,     3.4, ,     9.0, ,    15.2, ,    19.4, ,    16.8, ,    11.3, ,     1.7, ,    -8.5, , -9999.9,M, -9999.9,M,   -10.6, ,     3.5, ,    17.1, ,     1.5, 
