4015360,MOOSOMIN       ,SK, station not joined, Monthly mean of homogenized daily mean temperature                     , °C,          Updated to December 2012
4015360,MOOSOMIN       ,SK, station non-jointe, Moyenne mensuelle des températures homogénéisées moyennes quotidiennes , °C, Mise à jour jusqu à décembre 2012
Year,     Jan, ,     Feb, ,     Mar, ,     Apr, ,     May, ,     Jun, ,     Jul, ,     Aug, ,     Sep, ,     Oct, ,     Nov, ,     Dec, ,  Annual, ,  Winter, ,  Spring, ,  Summer, ,  Autumn
Year,    Janv, ,     Fév, ,    Mars, ,     Avr, ,     Mai, ,    Juin, ,    Juil, ,    Août, ,    Sept, ,     Oct, ,     Nov, ,     Déc, ,  Annuel, ,   Hiver, ,Printemp, ,     Eté, , Automne
1941, -9999.9,M, -9999.9,M, -9999.9,M,     4.7, ,    12.9, ,    19.0, ,    20.4, ,    17.5, ,    10.7, ,     5.9, ,    -4.0, ,    -8.4, , -9999.9,M, -9999.9,M, -9999.9,M,    19.0, ,     4.2, 
1942,   -10.2, ,   -13.3, ,    -4.6, ,     3.9, ,     9.1, ,    13.8, ,    17.8, ,    16.9, ,    10.1, ,     7.1, ,    -5.8, ,   -15.3, ,     2.5, ,   -10.6, ,     2.8, ,    16.2, ,     3.8, 
1943,   -20.2, ,   -12.0, ,   -12.0, ,     4.8, ,     8.8, ,    13.4, ,    20.0, ,    17.6, ,    10.8, ,     7.8, ,    -3.6, ,    -7.6, ,     2.3, ,   -15.8, ,      .5, ,    17.0, ,     5.0, 
1944,    -8.1, ,   -14.5, ,   -12.3, ,     4.1, ,    13.0, ,    15.0, ,    18.3, ,    16.7, ,    11.8, ,     7.8, ,    -2.5, ,   -10.9, ,     3.2, ,   -10.1, ,     1.6, ,    16.7, ,     5.7, 
1945, -9999.9,M, -9999.9,M, -9999.9,M, -9999.9,M,     7.0, ,    12.9, ,    18.3, ,    17.6, ,     9.7, ,     6.5, ,    -9.7, ,   -16.2, , -9999.9,M, -9999.9,M, -9999.9,M,    16.3, ,     2.2, 
1946,   -14.9, ,   -16.0, ,    -2.5, ,     7.2, ,     9.3, ,    15.2, ,    19.5, ,    16.3, ,    11.6, ,     2.4, , -9999.9,M,   -13.1, , -9999.9,M,   -15.7, ,     4.7, ,    17.0, , -9999.9,M
1947, -9999.9,M,   -18.3, ,    -8.6, ,     2.4, ,     8.4, ,    14.1, ,    20.9, ,    17.9, ,    10.3, ,     8.2, ,    -8.0, ,   -13.5, , -9999.9,M, -9999.9,M,      .7, ,    17.6, ,     3.5, 
1948,   -14.8, ,   -17.5, ,   -11.8, ,    -1.3, ,    12.4, ,    16.3, ,    18.6, ,    18.2, ,    14.1, ,     6.4, ,    -4.7, ,   -14.8, ,     1.8, ,   -15.3, ,     -.2, ,    17.7, ,     5.3, 
1949,   -19.3, ,   -20.1, ,    -8.3, ,     6.4, ,    11.7, ,    15.9, ,    18.2, ,    19.8, ,    11.1, ,     3.7, ,      .4, ,   -17.0, ,     1.9, ,   -18.1, ,     3.3, ,    18.0, ,     5.1, 
1950,   -28.0, ,   -15.1, ,   -10.2, ,     -.9, ,     7.9, ,    14.7, ,    18.6, ,    15.8, ,    12.2, ,     6.2, ,    -8.7, ,   -14.8, ,     -.2, ,   -20.0, ,    -1.1, ,    16.4, ,     3.2, 
1951,   -19.2, ,   -14.1, ,   -13.1, ,     1.8, ,    12.3, ,    13.1, ,    19.0, ,    14.9, , -9999.9,M,     3.6, ,    -6.6, ,   -15.3, , -9999.9,M,   -16.0, ,      .3, ,    15.7, , -9999.9,M
1952,   -18.1, ,    -9.3, ,    -8.4, ,     9.2, ,    11.3, ,    15.0, ,    17.5, ,    17.1, ,    13.0, ,     5.2, ,    -2.5, ,    -8.8, ,     3.4, ,   -14.2, ,     4.0, ,    16.5, ,     5.2, 
1953, -9999.9,M,   -10.3, ,    -7.2, ,     1.3, ,     9.8, ,    15.4, ,    18.4, ,    18.9, ,    11.7, ,     9.4, ,     1.3, ,    -8.5, , -9999.9,M, -9999.9,M,     1.3, ,    17.6, ,     7.5, 
1954,   -21.9, ,    -3.5, ,    -8.4, ,     -.6, ,     8.0, ,    14.3, ,    18.5, ,    15.8, ,     9.6, ,     4.3, ,     -.7, ,    -5.9, ,     2.5, ,   -11.3, ,     -.3, ,    16.2, ,     4.4, 
1955,   -15.0, ,   -16.6, ,   -13.8, ,     5.2, ,    10.3, ,    15.0, ,    18.3, ,    18.6, ,    10.7, ,     6.4, ,   -11.9, ,   -17.7, ,      .8, ,   -12.5, ,      .6, ,    17.3, ,     1.7, 
1956,   -17.5, ,   -15.9, ,    -9.4, ,     -.3, ,    10.4, ,    18.4, ,    17.5, ,    17.5, ,    10.5, ,     6.1, ,    -3.9, ,   -12.0, ,     1.8, ,   -17.0, ,      .2, ,    17.8, ,     4.2, 
1957, -9999.9,M,   -14.7, ,    -6.8, ,     2.8, ,    12.2, ,    14.5, ,    21.3, ,    16.4, ,    11.2, ,     5.2, ,    -3.9, ,    -9.5, , -9999.9,M, -9999.9,M,     2.7, ,    17.4, ,     4.2, 
1958,   -10.4, ,   -14.7, ,    -6.0, ,     5.6, ,    12.8, ,    14.2, ,    17.7, ,    18.6, ,    11.2, ,     6.4, ,    -5.0, ,   -13.7, ,     3.1, ,   -11.5, ,     4.1, ,    16.8, ,     4.2, 
1959,   -20.1, ,   -14.1, ,    -2.2, ,     3.7, ,     9.5, ,    16.5, ,    19.9, ,    18.0, ,    11.1, ,      .3, ,    -8.1, ,    -5.7, ,     2.4, ,   -16.0, ,     3.7, ,    18.1, ,     1.1, 
1960,   -17.0, ,   -13.9, ,   -10.8, ,     2.6, ,    11.9, ,    15.4, ,    21.0, ,    18.8, ,    13.1, ,     6.0, ,    -5.2, ,   -11.7, ,     2.5, ,   -12.2, ,     1.2, ,    18.4, ,     4.6, 
1961,   -13.3, ,   -10.5, ,    -4.3, ,     1.2, ,    10.9, ,    19.5, ,    19.8, ,    21.7, ,     9.7, ,     6.0, ,    -4.9, ,   -17.7, ,     3.2, ,   -11.8, ,     2.6, ,    20.3, ,     3.6, 
1962,   -17.0, ,   -18.6, ,    -9.3, ,     3.3, ,    10.1, ,    17.6, ,    17.2, ,    17.9, ,    11.4, ,     7.5, ,    -2.5, , -9999.9,M, -9999.9,M,   -17.8, ,     1.4, ,    17.6, ,     5.5, 
1963, -9999.9,M, -9999.9,M, -9999.9,M,     3.3, ,     8.8, ,    15.0, ,    19.1, ,    18.0, , -9999.9,M,    11.3, ,    -2.6, ,   -14.4, , -9999.9,M, -9999.9,M, -9999.9,M,    17.4, , -9999.9,M
1964,   -11.9, ,    -9.3, ,   -12.5, ,     4.0, ,    12.0, ,    15.6, ,    20.0, ,    15.5, ,    10.4, , -9999.9,M, -9999.9,M, -9999.9,M, -9999.9,M,   -11.9, ,     1.2, ,    17.0, , -9999.9,M
1965, -9999.9,M,   -17.2, ,   -14.4, ,     2.8, ,    10.5, ,    16.4, ,    18.9, ,    18.3, ,     7.0, ,     8.4, ,    -7.6, ,    -9.7, , -9999.9,M, -9999.9,M,     -.4, ,    17.9, ,     2.6, 
1966,   -26.1, ,   -16.7, ,    -4.9, ,     -.1, , -9999.9,M,    14.3, ,    20.1, , -9999.9,M,    13.7, ,     5.9, ,   -11.4, ,   -13.2, , -9999.9,M,   -17.5, , -9999.9,M, -9999.9,M,     2.7, 
1967,   -17.0, ,   -15.7, ,    -9.4, , -9999.9,M,     8.8, ,    15.6, ,    19.0, ,    18.4, ,    14.5, ,     3.9, ,    -4.4, ,   -11.7, , -9999.9,M,   -15.3, , -9999.9,M,    17.7, ,     4.7, 
1968,   -17.5, ,   -13.6, ,    -1.6, ,     4.1, ,     9.3, ,    15.2, ,    17.8, ,    14.8, ,    13.0, ,     4.3, ,    -3.2, ,   -15.6, ,     2.3, ,   -14.3, ,     3.9, ,    15.9, ,     4.7, 
1969,   -23.4, ,   -14.0, ,    -9.4, ,     5.6, ,    10.1, ,    11.9, ,    17.6, ,    20.6, ,    12.2, ,     1.4, ,    -3.0, ,    -9.1, ,     1.7, ,   -17.7, ,     2.1, ,    16.7, ,     3.5, 
1970,   -19.0, ,   -13.8, ,   -11.0, ,      .9, ,     8.5, ,    18.8, ,    19.6, ,    18.4, ,    11.6, ,     4.4, ,    -5.9, ,   -16.6, ,     1.3, ,   -14.0, ,     -.5, ,    18.9, ,     3.4, 
1971,   -21.7, ,   -11.4, ,    -6.5, ,     3.8, ,    11.2, ,    15.9, ,    16.0, ,    19.1, ,    11.5, ,     4.4, ,    -5.1, ,   -15.2, ,     1.8, ,   -16.6, ,     2.8, ,    17.0, ,     3.6, 
1972,   -20.3, ,   -18.4, ,    -7.7, ,     2.3, ,    12.4, ,    16.5, ,    15.5, ,    18.0, ,     8.1, ,     1.8, ,    -5.2, ,   -17.8, ,      .4, ,   -18.0, ,     2.3, ,    16.7, ,     1.6, 
1973,   -10.7, ,   -12.1, ,      .6, ,     1.9, ,    10.4, ,    15.7, ,    17.5, ,    19.3, ,    10.5, ,     6.8, ,    -9.7, ,   -15.1, ,     2.9, ,   -13.5, ,     4.3, ,    17.5, ,     2.5, 
1974,   -21.0, ,   -13.8, ,   -11.4, ,     1.3, ,     6.9, ,    16.5, ,    19.6, ,    15.0, ,     9.1, ,     6.5, ,    -3.1, ,    -7.6, ,     1.5, ,   -16.6, ,    -1.1, ,    17.0, ,     4.2, 
1975,   -13.7, ,   -15.4, ,   -11.0, ,     -.4, ,    10.3, ,    15.4, ,    21.0, ,    15.3, ,    10.2, ,     5.3, ,    -2.9, ,   -12.4, ,     1.8, ,   -12.2, ,     -.4, ,    17.2, ,     4.2, 
1976,   -14.6, ,   -10.2, ,    -9.0, ,     4.7, ,    12.5, ,    16.5, ,    18.9, ,    18.3, ,    12.7, ,     2.0, ,    -5.3, ,   -14.5, ,     2.7, ,   -12.4, ,     2.7, ,    17.9, ,     3.1, 
1977,   -20.0, ,    -7.0, ,    -2.7, ,     7.9, ,    15.7, ,    16.2, ,    18.4, ,    13.9, ,    10.7, ,     7.0, ,    -5.2, ,   -17.6, ,     3.1, ,   -13.8, ,     7.0, ,    16.2, ,     4.2, 
1978,   -21.8, ,   -16.4, ,    -6.1, ,     3.5, ,    13.7, ,    16.0, ,    17.7, ,    16.4, ,    13.2, ,     6.1, ,    -8.4, ,   -15.9, ,     1.5, ,   -18.6, ,     3.7, ,    16.7, ,     3.6, 
1979,   -21.8, ,   -21.8, ,    -8.4, ,    -2.3, ,     7.7, ,    16.1, ,    19.6, ,    16.1, ,    12.3, ,     4.9, ,    -4.6, ,    -8.4, ,      .8, ,   -19.8, ,    -1.0, ,    17.3, ,     4.2, 
1980,   -17.3, ,   -14.2, ,    -9.0, ,     7.9, ,    15.1, ,    15.9, ,    18.9, ,    15.3, ,    11.4, ,     4.6, ,     -.9, ,   -14.1, ,     2.8, ,   -13.3, ,     4.7, ,    16.7, ,     5.0, 
1981,   -10.7, ,    -9.1, ,     -.1, ,     5.4, ,    10.8, ,    15.3, ,    20.0, ,    19.5,E,    12.6, ,     4.1, ,      .7, ,   -12.4, ,     4.7,E,   -11.3, ,     5.4, ,    18.3,E,     5.8, 
1982,   -25.2, ,   -14.2, ,    -7.9,E,     1.9,E,    10.7, ,    14.6, ,    18.8, ,    16.9, ,    11.5, ,     5.8, ,    -6.2, ,   -10.0, ,     1.4,E,   -17.3, ,     1.6,E,    16.8, ,     3.7, 
1983,   -11.4, ,   -10.2, ,    -6.9, ,      .8,E,     8.1, ,    16.0, ,    20.4, ,    22.0, ,    11.2, ,     5.6, ,    -2.7, ,   -21.1, ,     2.7,E,   -10.5, ,      .7,E,    19.5, ,     4.7, 
1984,   -12.3,E,    -4.0, ,    -6.8, ,     6.0, ,     9.6,E,    16.7, ,    20.0, ,    20.8, ,     8.6, ,     3.1, ,    -7.2, ,   -18.0, ,     3.0,E,   -12.5,E,     2.9,E,    19.2, ,     1.5, 
1985,   -15.9, ,   -15.4, ,    -3.1, ,     6.8, ,    12.9,E,    12.9, ,    18.5, ,    14.7, ,     7.9,E,     4.3, ,   -13.0, ,   -14.5, ,     1.3,E,   -16.4, ,     5.5,E,    15.4, ,     -.3,E
1986,    -9.4,E,   -13.9, ,    -1.3, ,     3.5, ,    12.5, ,    15.9, ,    17.9, ,    16.9, ,     9.5, ,     5.6,E,    -8.5, ,    -8.2,E,     3.4,E,   -12.6,E,     4.9, ,    16.9, ,     2.2,E
1987,    -9.1, ,    -6.4, ,    -4.1, ,     8.4, ,    13.6, ,    17.9, ,    17.9, ,    15.6, ,    12.9, ,     3.2,E,     -.8,E,    -7.8, ,     5.1,E,    -7.9,E,     6.0, ,    17.1, ,     5.1,E
1988,   -17.0, ,   -13.0, ,    -4.7, ,     5.1, ,    13.0,E,    21.3, ,    19.6, ,    17.7, ,    10.7,E,     3.8, ,    -5.1, ,   -11.5,E,     3.3,E,   -12.6, ,     4.5,E,    19.5, ,     3.1,E
1989,   -13.6, ,   -18.6, ,   -10.4,E,     3.7,E,    12.5, ,    15.2, ,    20.9, ,    18.1, ,    12.4,E,     5.2, ,    -5.6, ,   -16.5, ,     1.9,E,   -14.6,E,     1.9,E,    18.1, ,     4.0,E
1990,    -9.9,E,   -12.6, ,    -2.8, ,     3.1, ,    10.6,E,    17.2, ,    17.7,E,    18.7,E,    13.8, ,     4.5, ,    -4.7,E,   -16.8,E,     3.2,E,   -13.0,E,     3.6,E,    17.9,E,     4.5,E
1991,   -16.9, ,    -6.6, ,    -5.2, ,     6.4, ,    12.6,E,    17.8,E,    18.8,E,    19.6,E,    11.3, ,     1.5,E,    -7.3,E,   -10.6,E,     3.5,E,   -13.4,E,     4.6,E,    18.7,E,     1.8,E
1992,    -9.1, ,    -8.3, ,    -1.4,E,     3.0, ,    11.8, ,    15.2, ,    15.9, ,    16.0, ,    11.1, ,     4.9, ,    -3.3, ,   -16.2, ,     3.3,E,    -9.3,E,     4.5,E,    15.7, ,     4.2, 
1993,   -14.7, ,   -11.0,E,    -2.1, ,     4.0, ,    11.2,E,    14.1,E,    16.1, ,    16.8, ,    10.2, ,     3.8,E,    -6.5,E,    -9.7, ,     2.7,E,   -14.0,E,     4.4,E,    15.7,E,     2.5,E
1994,   -22.1, ,   -18.6, ,    -1.5, ,     4.0, ,    12.6, ,    16.1, ,    17.5, ,    16.8, ,    14.5, ,     6.8, ,    -2.5, ,   -10.2, ,     2.8, ,   -16.8, ,     5.0, ,    16.8, ,     6.3, 
1995,   -14.5,E,   -12.7, ,    -6.8, , -9999.9,M,    10.5, ,    18.4, ,    18.7, ,    18.4,E,    11.9, ,     5.0, ,   -10.2, ,   -15.2, , -9999.9,M,   -12.5,E, -9999.9,M,    18.5,E,     2.2, 
1996,   -21.2, ,   -12.1, ,   -10.4, ,      .4,E,     9.4, ,    17.6,E, -9999.9,M,    19.3, ,    11.6, ,     3.5,E,   -10.7, ,   -17.7, , -9999.9,M,   -16.2, ,     -.2,E, -9999.9,M,     1.5,E
1997,   -19.7, ,    -9.9, ,    -7.9, ,     1.3, , -9999.9,M,    18.8,E,    20.5, ,    18.9,E,    15.1,E,     4.9, ,    -3.6, , -9999.9,M, -9999.9,M,   -15.8, , -9999.9,M,    19.4,E,     5.5,E
1998,   -14.7,E,    -4.1, ,    -6.1,E,     8.3, ,    12.7, ,    14.9, ,    19.7,E,    20.8, ,    15.2, ,     6.4, ,    -3.7, , -9999.9,M, -9999.9,M, -9999.9,M,     5.0,E,    18.5,E,     6.0, 
1999,   -15.3, ,    -7.5, ,    -3.1, ,     6.5, ,    11.2, ,    15.6, ,    18.6, , -9999.9,M, -9999.9,M, -9999.9,M, -9999.9,M, -9999.9,M, -9999.9,M, -9999.9,M,     4.9, , -9999.9,M, -9999.9,M
2000, -9999.9,M, -9999.9,M, -9999.9,M, -9999.9,M,    12.1, , -9999.9,M, -9999.9,M,    17.9,E, -9999.9,M, -9999.9,M, -9999.9,M, -9999.9,M, -9999.9,M, -9999.9,M, -9999.9,M, -9999.9,M, -9999.9,M
