4056120,PILGER         ,SK, station not joined, Monthly mean of homogenized daily mean temperature                     , °C,          Updated to December 2012
4056120,PILGER         ,SK, station non-jointe, Moyenne mensuelle des températures homogénéisées moyennes quotidiennes , °C, Mise à jour jusqu à décembre 2012
Year,     Jan, ,     Feb, ,     Mar, ,     Apr, ,     May, ,     Jun, ,     Jul, ,     Aug, ,     Sep, ,     Oct, ,     Nov, ,     Dec, ,  Annual, ,  Winter, ,  Spring, ,  Summer, ,  Autumn
Year,    Janv, ,     Fév, ,    Mars, ,     Avr, ,     Mai, ,    Juin, ,    Juil, ,    Août, ,    Sept, ,     Oct, ,     Nov, ,     Déc, ,  Annuel, ,   Hiver, ,Printemp, ,     Eté, , Automne
1911, -9999.9,M, -9999.9,M, -9999.9,M, -9999.9,M, -9999.9,M, -9999.9,M, -9999.9,M, -9999.9,M, -9999.9,M,     3.0, ,   -13.0, ,   -15.0, , -9999.9,M, -9999.9,M, -9999.9,M, -9999.9,M, -9999.9,M
1912, -9999.9,M, -9999.9,M, -9999.9,M, -9999.9,M, -9999.9,M, -9999.9,M, -9999.9,M, -9999.9,M, -9999.9,M, -9999.9,M, -9999.9,M, -9999.9,M, -9999.9,M, -9999.9,M, -9999.9,M, -9999.9,M, -9999.9,M
1913,   -25.1, ,   -18.5, ,   -15.6, ,     4.2, ,     8.1, ,    14.9, ,    15.4, ,    15.2, ,    11.3, ,     1.0, ,    -3.9, ,    -9.4, ,     -.2, , -9999.9,M,    -1.1, ,    15.2, ,     2.8, 
1914,   -15.8, ,   -22.7, ,    -7.4, ,     1.9, ,     9.6, ,    14.6, ,    19.8, ,    15.3, ,    11.6, ,     6.1, ,    -5.4, ,   -17.6, ,      .8, ,   -16.0, ,     1.4, ,    16.6, ,     4.1, 
1915,   -18.4, ,   -10.7, ,    -7.8, ,     7.9, ,    10.1, ,    11.4, ,    13.8, ,    17.4, ,     7.3, ,     4.3, ,    -8.1, ,   -13.8, ,     1.1, ,   -15.6, ,     3.4, ,    14.2, ,     1.2, 
1916,   -27.5, ,   -17.5, ,   -11.3, ,     1.9, ,     7.4, ,    12.4, ,    17.6, ,    14.7, ,     9.1, ,     1.5, ,    -5.0, ,   -20.4, ,    -1.4, ,   -19.6, ,     -.7, ,    14.9, ,     1.9, 
1917,   -24.1, ,   -22.2, ,   -10.1, ,    -1.7, ,     9.8, ,    12.6, ,    18.0, ,    15.3, , -9999.9,M, -9999.9,M,     1.6, ,   -25.3, , -9999.9,M,   -22.2, ,     -.7, ,    15.3, , -9999.9,M
1918,   -22.3, ,   -18.5, ,    -6.3, ,     4.3, ,     6.5, ,    15.6, ,    15.8, ,    16.1, ,    10.4, ,     5.7, ,    -2.5, ,   -10.6, ,     1.2, ,   -22.0, ,     1.5, ,    15.8, ,     4.5, 
1919,   -11.4, ,   -18.6, ,   -13.8, ,     5.8, ,    13.0, ,    18.6, ,    18.7, ,    18.4, ,    11.7, ,    -2.5, ,   -12.7, ,   -17.0, ,      .9, ,   -13.5, ,     1.7, ,    18.6, ,    -1.2, 
1920,   -21.1, ,   -11.2, ,    -9.9, ,    -3.9, ,    10.6, ,    15.0, ,    19.2, ,    19.0, ,    12.9, ,     6.6, ,    -4.0, ,   -11.6, ,     1.8, ,   -16.4, ,    -1.1, ,    17.7, ,     5.2, 
1921,   -14.9, ,   -12.8, ,   -11.9, ,     -.1, ,    10.5, ,    17.6, ,    17.8, ,    16.7, ,    10.7, ,     5.7, ,    -9.7, ,   -14.4, ,     1.3, ,   -13.1, ,     -.5, ,    17.4, ,     2.2, 
1922,   -18.4, ,   -21.8, ,    -9.2, ,     3.5, ,    11.6, ,    15.8, ,    17.5, ,    17.7, ,    12.8, ,     4.2, ,    -3.2, ,   -17.3, ,     1.1, ,   -18.2, ,     2.0, ,    17.0, ,     4.6, 
1923,   -18.3, ,   -17.7, ,   -13.5, ,     1.2, ,    10.4, ,    16.6, ,    18.9, ,    14.9, ,    11.7, ,     6.1, ,    -2.5, ,   -10.8, ,     1.4, ,   -17.8, ,     -.6, ,    16.8, ,     5.1, 
1924,   -21.1, ,   -10.3, ,    -7.0, ,     1.1, ,     8.1, ,    13.6, ,    18.2, ,    14.6, ,    12.5, ,     8.0, ,    -7.7, ,   -19.8, ,      .9, ,   -14.1, ,      .7, ,    15.5, ,     4.3, 
1925,   -19.2, ,   -15.3, ,    -7.9, ,     4.9, ,    11.7, ,    14.9, ,    17.7, ,    16.8, ,    11.5, ,     -.5, ,    -5.5, ,   -10.3, ,     1.6, ,   -18.1, ,     2.9, ,    16.5, ,     1.8, 
1926,   -11.9, ,    -9.5, ,    -5.7, ,     4.3, ,    12.1, ,    13.7, , -9999.9,M,    15.7, ,     7.6, ,     3.0, ,    -9.5, ,   -16.7, , -9999.9,M,   -10.6, ,     3.6, , -9999.9,M,      .4, 
1927,   -16.9, ,   -17.0, ,    -6.1, ,     2.1, ,     8.2, ,    14.5, ,    17.6, ,    16.2, ,    11.2, ,     6.0, ,   -13.5, ,   -21.0, ,      .1, ,   -16.9, ,     1.4, ,    16.1, ,     1.2, 
1928,   -14.1, ,   -11.3, ,    -6.4, ,     -.6, ,    12.6, ,    13.8, ,    17.7, ,    14.0, ,    10.4, ,     2.9, ,    -2.8, ,    -9.8, ,     2.2, ,   -15.5, ,     1.9, ,    15.2, ,     3.5, 
1929,   -25.5, ,   -19.0, ,    -6.4, ,     1.6, ,     7.7, ,    15.2, ,    17.6, ,    17.2, ,     9.6, ,     6.9, ,    -6.4, ,   -18.2, ,      .0, ,   -18.1, ,     1.0, ,    16.7, ,     3.4, 
1930,   -24.3, ,   -12.1, ,    -8.5, ,     5.2, ,     8.7, ,    15.0, , -9999.9,M,    18.8, ,    10.5, ,     1.4, ,    -4.9, ,    -7.6, , -9999.9,M,   -18.2, ,     1.8, , -9999.9,M,     2.3, 
1931,   -10.3, ,    -5.4, ,    -7.1, ,     5.2, ,    10.5, ,    16.1, ,    17.8, ,    17.2, ,    11.4, ,     6.3, ,    -6.3, , -9999.9,M, -9999.9,M,    -7.8, ,     2.9, ,    17.0, ,     3.8, 
1932,   -17.7, ,   -16.6, ,   -14.6, , -9999.9,M, -9999.9,M,    15.7, ,    17.0, ,    17.2, , -9999.9,M,      .9, ,    -8.6, ,   -16.5, , -9999.9,M, -9999.9,M, -9999.9,M,    16.6, , -9999.9,M
1933,   -19.0, ,   -18.2, ,    -9.2, ,     1.3, ,    11.2, ,    17.0, ,    17.4, ,    18.0, ,    10.7, ,     1.5, ,    -7.8, ,   -22.6, ,      .0, ,   -17.9, ,     1.1, ,    17.5, ,     1.5, 
1934,   -14.1, ,    -9.6, ,    -9.3, ,     3.4, ,    13.3, ,    13.5, ,    16.7, ,    15.6, ,     7.5, ,     5.8, ,    -4.0, ,   -15.8, ,     1.9, ,   -15.4, ,     2.5, ,    15.3, ,     3.1, 
1935,   -23.8, ,   -10.3, ,   -11.5, ,      .1, ,     8.8, ,    13.4, , -9999.9,M,    14.6, ,    11.1, ,     3.4, ,   -13.8, ,   -14.3, , -9999.9,M,   -16.6, ,     -.9, , -9999.9,M,      .2, 
1936,   -25.3, ,   -28.8, ,    -9.1, , -9999.9,M,    13.0, ,    13.9, , -9999.9,M,    17.7, ,    11.2, ,     2.8, ,    -3.8, ,   -16.6, , -9999.9,M,   -22.8, , -9999.9,M, -9999.9,M,     3.4, 
1937,   -28.0, ,   -19.8, ,    -9.2, ,     3.5, ,    11.5, ,    17.4, ,    20.5, ,    17.8, ,    12.2, ,     4.4, ,    -7.9, ,   -16.2, ,      .5, ,   -21.5, ,     1.9, ,    18.6, ,     2.9, 
1938,   -17.0, ,   -19.2, ,    -4.1, ,     1.7, ,     9.8, ,    15.0, ,    18.9, ,    16.2, ,    16.2, ,     7.3, ,    -8.5, ,   -13.4, ,     1.9, ,   -17.5, ,     2.5, ,    16.7, ,     5.0, 
1939,   -14.1, ,   -23.4, ,   -11.0, ,     2.2, ,    12.1, ,    12.9, ,    20.0, ,    18.1, ,    11.5, ,     1.4, ,    -1.6, ,    -7.4, ,     1.7, ,   -17.0, ,     1.1, ,    17.0, ,     3.8, 
1940,   -18.6, ,   -12.9, ,    -7.3, , -9999.9,M,    14.3, ,    14.5, , -9999.9,M, -9999.9,M, -9999.9,M, -9999.9,M,   -10.7, ,   -13.5, , -9999.9,M,   -13.0, , -9999.9,M, -9999.9,M, -9999.9,M
1941,   -17.6, , -9999.9,M, -9999.9,M, -9999.9,M, -9999.9,M, -9999.9,M, -9999.9,M, -9999.9,M, -9999.9,M, -9999.9,M, -9999.9,M, -9999.9,M, -9999.9,M, -9999.9,M, -9999.9,M, -9999.9,M, -9999.9,M
1942, -9999.9,M, -9999.9,M, -9999.9,M, -9999.9,M, -9999.9,M, -9999.9,M, -9999.9,M, -9999.9,M, -9999.9,M, -9999.9,M, -9999.9,M, -9999.9,M, -9999.9,M, -9999.9,M, -9999.9,M, -9999.9,M, -9999.9,M
1943, -9999.9,M, -9999.9,M, -9999.9,M, -9999.9,M, -9999.9,M, -9999.9,M, -9999.9,M, -9999.9,M, -9999.9,M, -9999.9,M, -9999.9,M,   -10.3, , -9999.9,M, -9999.9,M, -9999.9,M, -9999.9,M, -9999.9,M
1944,   -12.0, ,   -16.1, , -9999.9,M, -9999.9,M, -9999.9,M, -9999.9,M, -9999.9,M, -9999.9,M, -9999.9,M,     7.9, ,    -6.7, , -9999.9,M, -9999.9,M,   -12.8, , -9999.9,M, -9999.9,M, -9999.9,M
1945, -9999.9,M,   -15.2, ,    -3.5, ,    -2.1, ,     7.6, ,    12.6, ,    17.4, ,    17.2, ,     9.3, ,     4.5, ,   -11.4, ,   -18.2, , -9999.9,M, -9999.9,M,      .7, ,    15.7, ,      .8, 
1946,   -16.6, ,   -18.1, ,    -3.9, ,     6.5, ,     8.9, ,    13.7, ,    19.0, ,    16.9, ,    10.5, ,     1.3, ,    -9.5, ,   -18.1, ,      .9, ,   -17.6, ,     3.8, ,    16.5, ,      .8, 
1947,   -15.5, ,   -20.2, ,   -10.8, ,      .9, ,     7.6, ,    14.3, ,    20.9, ,    16.8, ,    10.0, ,     7.1, ,    -9.0, ,   -15.5, ,      .6, ,   -17.9, ,     -.8, ,    17.3, ,     2.7, 
1948,   -14.9, ,   -20.7, ,   -14.0, ,    -4.6, ,    11.6, ,    16.7, , -9999.9,M,    17.5, ,    13.8, ,     6.3, ,    -5.6, ,   -17.9, , -9999.9,M,   -17.0, ,    -2.3, , -9999.9,M,     4.8, 
1949,   -19.5, ,   -21.8, ,    -7.6, ,     7.0, ,    10.9, ,    14.2, ,    16.8, ,    19.2, ,    11.0, ,     1.9, ,     -.2, ,   -19.5, ,     1.0, ,   -19.7, ,     3.4, ,    16.7, ,     4.2, 
1950,   -32.5, ,   -16.9, ,   -11.4, ,     -.5, ,     8.9, ,    15.0, ,    17.9, ,    15.9, ,    12.7, ,     3.6, ,   -10.5, ,   -15.7, ,    -1.1, ,   -23.0, ,    -1.0, ,    16.3, ,     1.9, 
1951,   -21.8, ,   -17.6, ,   -15.5, ,     -.2, ,    11.9, ,    13.0, ,    16.9, ,    14.6, ,     9.6, ,      .3, ,    -9.8, ,   -20.6, ,    -1.6, ,   -18.4, ,    -1.3, ,    14.8, ,      .0, 
1952,   -22.9, ,   -13.1, ,    -9.7, ,     8.1, ,    11.6, ,    14.7, ,    16.9, ,    16.7, ,    11.7, , -9999.9,M,    -2.9, ,   -11.8, , -9999.9,M,   -18.9, ,     3.3, ,    16.1, , -9999.9,M
1953,   -18.6, ,   -12.5, ,    -9.5, ,     -.3, , -9999.9,M,    14.8, ,    17.5, , -9999.9,M,    10.9, ,     7.8, ,    -1.4, ,   -11.3, , -9999.9,M,   -14.3, , -9999.9,M, -9999.9,M,     5.8, 
1954,   -26.2, ,    -7.4, ,   -11.3, ,    -5.0, ,     7.4, ,    13.5, ,    17.5, ,    15.2, ,    10.0, ,     4.8, ,    -1.0, ,    -7.1, ,      .9, ,   -15.0, ,    -3.0, ,    15.4, ,     4.6, 
1955,   -16.4, ,   -17.0, ,   -15.0, ,     4.3, ,    10.0, ,    16.0, ,    18.9, ,    17.9, ,     9.7, ,     4.9, ,   -13.9, ,   -19.4, ,      .0, ,   -13.5, ,     -.2, ,    17.6, ,      .2, 
1956,   -19.5, ,   -17.6, ,   -11.4, ,    -1.7, ,    10.8, ,    16.7, ,    17.4, ,    16.7, ,     9.6, ,     4.0, ,    -4.9, , -9999.9,M, -9999.9,M,   -18.8, ,     -.8, ,    16.9, ,     2.9, 
1957, -9999.9,M,   -16.0, ,    -9.3, ,     -.6, ,    11.4, ,    14.4, ,    19.7, ,    15.4, ,    11.6, ,     3.2, ,    -5.3, ,   -12.6, , -9999.9,M, -9999.9,M,      .5, ,    16.5, ,     3.2, 
1958,   -11.2, ,   -16.9, ,    -7.0, ,     4.3, ,    12.5, ,    13.6, ,    17.1, ,    17.9, ,    10.9, ,     4.8, ,    -7.5, ,   -14.9, ,     2.0, ,   -13.6, ,     3.3, ,    16.2, ,     2.7, 
1959,   -22.8, ,   -16.4, ,    -2.9, ,     4.1, ,     9.2, ,    15.3, ,    19.1, ,    15.8, ,     9.6, ,      .5, ,    -8.4, ,    -7.4, ,     1.3, ,   -18.0, ,     3.5, ,    16.7, ,      .6, 
1960,   -19.9, ,   -15.8, ,   -11.8, ,     2.0, ,    10.7, ,    13.5, ,    19.9, ,    17.9, ,    12.9, ,     5.3, ,    -7.5, ,   -12.5, ,     1.2, ,   -14.4, ,      .3, ,    17.1, ,     3.6, 
1961,   -15.9, ,   -11.8, ,    -5.8, ,     1.0, ,    10.6, ,    18.6, ,    18.8, ,    20.8, , -9999.9,M,     3.6, ,    -6.4, ,   -20.7, , -9999.9,M,   -13.4, ,     1.9, ,    19.4, , -9999.9,M
1962, -9999.9,M,   -20.1, ,   -10.9, ,     1.5, ,    10.3, ,    17.4, ,    17.3, ,    17.8, ,    11.2, ,     7.2, ,    -1.9, ,   -12.7, , -9999.9,M, -9999.9,M,      .3, ,    17.5, ,     5.5, 
1963,   -21.4, ,   -15.8, ,    -5.3, ,     4.3, ,     9.7, ,    15.0, ,    19.3, ,    18.9, ,    14.2, ,     9.6, ,    -5.7, ,   -15.9, ,     2.2, ,   -16.6, ,     2.9, ,    17.7, ,     6.0, 
1964,   -15.0, ,    -9.7, ,   -14.0, ,     4.0, ,    12.1, ,    15.2, ,    19.2, ,    14.8, ,     8.8, ,     5.6, ,    -6.3, ,   -21.1, ,     1.1, ,   -13.5, ,      .7, ,    16.4, ,     2.7, 
1965,   -21.7, ,   -19.4, ,   -13.2, ,     2.7, ,    10.8, ,    15.8, ,    18.3, ,    17.2, ,     6.6, ,     6.9, ,    -9.4, ,   -13.1, ,      .1, ,   -20.7, ,      .1, ,    17.1, ,     1.4, 
1966,   -27.4, ,   -18.0, ,    -6.4, ,      .4, ,    10.5, ,    13.9, ,    17.7, ,    15.8, ,    13.3, ,     4.4, ,   -12.1, ,   -14.4, ,     -.2, ,   -19.5, ,     1.5, ,    15.8, ,     1.9, 
1967,   -19.3, ,   -16.3, ,   -10.9, ,    -3.1, ,    10.0, ,    13.8, ,    18.4, ,    18.1, ,    15.8, ,     3.6, ,    -5.0, ,   -13.7, ,     1.0, ,   -16.7, ,    -1.3, ,    16.8, ,     4.8, 
1968,   -18.8, ,   -13.9, ,    -2.8, ,     4.0, ,     9.9, ,    14.9, ,    17.2, ,    13.8, ,    11.7, ,     4.6, ,    -3.5, ,   -16.3, ,     1.7, ,   -15.5, ,     3.7, ,    15.3, ,     4.3, 
1969,   -27.3, ,   -14.4, ,    -9.8, ,     6.1, ,    10.7, ,    13.2, ,    16.5, ,    18.9, ,    12.0, ,      .7, ,    -4.6, ,   -10.3, ,     1.0, ,   -19.3, ,     2.3, ,    16.2, ,     2.7, 
1970,   -19.1, ,   -13.7, ,   -12.9, ,     1.4, ,     9.9, ,    17.6, ,    18.4, ,    17.8, ,    11.4, ,     4.6, ,    -8.5, ,   -20.7, ,      .5, ,   -14.4, ,     -.5, ,    17.9, ,     2.5, 
1971,   -24.2, ,   -13.7, ,    -9.5, ,     2.7, ,    13.0, ,    15.2, ,    15.8, ,    18.6, ,    11.5, ,     4.2, ,    -6.7, ,   -18.7, ,      .7, ,   -19.5, ,     2.1, ,    16.5, ,     3.0, 
1972,   -24.0, ,   -20.4, ,    -8.8, ,     1.7, ,    13.1, ,    17.1, ,    15.4, ,    18.2, ,     7.4, ,     1.7, ,    -5.5, ,   -20.3, ,     -.4, ,   -21.0, ,     2.0, ,    16.9, ,     1.2, 
1973,   -14.4, ,   -14.8, ,    -2.1, ,     1.8, ,    11.6, ,    14.8, ,    17.2, ,    17.9, ,    10.7, ,     5.5, ,   -12.0, ,   -16.7, ,     1.6, ,   -16.5, ,     3.8, ,    16.6, ,     1.4, 
1974,   -23.5, ,   -15.5, ,   -13.5, ,     1.9, ,     6.3, ,    15.9, ,    18.8, ,    14.7, ,     8.8, ,     6.1, ,    -3.3, ,    -7.6, ,      .8, ,   -18.6, ,    -1.8, ,    16.5, ,     3.9, 
1975,   -15.8, ,   -16.7, ,   -12.0, ,     -.5, ,    10.4, ,    15.3, ,    20.4, ,    15.1, ,    11.4, ,     4.4, ,    -4.5, ,   -14.3, ,     1.1, ,   -13.4, ,     -.7, ,    16.9, ,     3.8, 
1976,   -15.5, ,   -11.4, ,    -9.6, ,     5.3, ,    13.2, ,    14.9, ,    18.1, ,    18.1, ,    13.7, ,     2.0, ,    -5.7, ,   -14.0, ,     2.4, ,   -13.7, ,     3.0, ,    17.0, ,     3.3, 
1977,   -20.7, ,    -6.6, ,    -3.8, ,     7.4, ,    14.6, ,    16.9, ,    17.5, ,    14.1, ,    10.4, ,     6.1, ,    -7.5, ,   -19.0, ,     2.5, ,   -13.8, ,     6.1, ,    16.2, ,     3.0, 
1978,   -22.6, ,   -16.5, ,    -7.2, ,     3.4, ,    13.2, ,    16.8, ,    17.4, ,    15.5, ,    11.7, ,     6.6, ,    -9.5, ,   -16.8, ,     1.0, ,   -19.4, ,     3.1, ,    16.6, ,     2.9, 
1979,   -21.4, ,   -24.5, ,    -9.5, ,    -3.4, ,     8.4, ,    16.1, ,    18.9, ,    16.0, ,    12.9, ,     5.2, ,    -5.2, ,   -13.4, ,      .0, ,   -20.9, ,    -1.5, ,    17.0, ,     4.3, 
1980,   -19.8, ,   -14.2, ,   -11.9, ,     7.8, ,    14.5, ,    14.8, ,    17.5, ,    15.5, , -9999.9,M,     5.8,E,    -2.7, ,   -17.4, , -9999.9,M,   -15.8, ,     3.5, ,    15.9, , -9999.9,M
1981,   -11.2, ,   -11.2, ,    -1.9, ,     4.0, ,    11.6, ,    14.5, ,    17.9, ,    19.9, ,    12.7, ,     2.6, ,     -.5, ,   -13.6,E,     3.7,E,   -13.3, ,     4.6, ,    17.4, ,     4.9, 
1982,   -28.1,E,   -16.4, ,    -9.0,E,      .9,E,     9.2, ,    14.4, ,    17.5,E,    15.2, ,    10.5,E,     4.3, ,   -10.3,E,   -13.5, ,     -.4,E,   -19.4,E,      .4,E,    15.7,E,     1.5,E
1983,   -13.7,E,   -12.3, ,    -8.2, ,      .7,E,     8.3, ,    15.4, ,    19.0, ,    20.5,E,     9.8,E,     4.9, ,    -3.1, ,   -23.6, ,     1.5,E,   -13.2,E,      .3,E,    18.3,E,     3.9,E
1984,   -13.9, ,    -5.4,E,    -6.5, ,     7.0, ,     9.4, ,    16.1, ,    19.0, ,    20.7,E,     8.5,E,     2.8, ,    -9.5, ,   -20.1, ,     2.3,E,   -14.3,E,     3.3, ,    18.6,E,      .6,E
1985,   -17.1, ,   -17.8,E,    -5.2, ,     4.4, ,    12.6,E,    12.8, ,    17.8, ,    15.2,E,     8.2, ,     4.0, ,   -16.1,E,   -14.5, ,      .4,E,   -18.3,E,     3.9,E,    15.3,E,    -1.3,E
1986,   -11.2, ,   -15.6,E,    -2.5, ,     2.7, ,    12.9,E,    16.1, ,    16.8, ,    16.6, ,     9.2, ,     4.9,E,   -10.0,E, -9999.9,M, -9999.9,M,   -13.8,E,     4.4,E,    16.5, ,     1.4,E
1987, -9999.9,M,    -9.0,E,    -4.8,E,     7.3,E,    13.4,E,    18.0, ,    17.5,E,    14.1,E,    13.6,E,     3.6,E,    -1.9,E,    -9.6, , -9999.9,M, -9999.9,M,     5.3,E,    16.5,E,     5.1,E
1988,   -18.4,E,   -14.4,E, -9999.9,M,     4.4, ,    14.5,E,    20.4,E,    18.8, ,    16.3, ,    11.0,E,     4.0, ,    -4.8, ,   -12.1, , -9999.9,M,   -14.1,E, -9999.9,M,    18.5,E,     3.4,E
1989,   -15.3,E,   -17.5,E,   -11.5,E,     4.0, ,    11.5,E,    16.2, ,    20.1,E,    17.8,E,    11.6, ,     4.4, ,    -7.9,E,   -17.8, ,     1.3,E,   -15.0,E,     1.3,E,    18.0,E,     2.7,E
1990,   -14.1,E,   -15.8, ,    -3.1, ,     3.1,E,    10.8,E,    16.8, ,    17.3, ,    17.8,E,    13.1, ,     2.4, ,    -8.9,E, -9999.9,M, -9999.9,M,   -15.9,E,     3.6,E,    17.3,E,     2.2,E
1991,   -18.4,E,    -8.0,E,    -7.6,E,     5.3,E,    11.1,E,    16.3,E,    18.2,E,    19.6,E,    11.3,E, -9999.9,M,   -10.5,E,   -13.3,E, -9999.9,M, -9999.9,M,     2.9,E,    18.0,E, -9999.9,M
1992,   -10.9,E,   -10.3, ,    -2.0, ,     3.6, ,    10.4, ,    14.3,E,    15.5,E,    14.3, ,     9.0, ,     3.9, ,    -3.7, ,   -18.9,E,     2.1,E,   -11.5,E,     4.0, ,    14.7,E,     3.1, 
1993,   -18.1,E,   -14.0, ,    -1.9, ,     3.7, ,    11.0, ,    13.0,E,    15.1,E,    15.5, ,     9.2,E,     3.5, ,    -8.3,E,   -11.3,E,     1.5,E,   -17.0,E,     4.3, ,    14.5,E,     1.5,E
1994,   -22.9,E,   -21.1,E,    -2.2,E,     4.2, ,    10.7, ,    15.3,E,    17.3, ,    16.2,E,    13.5, ,     5.6, ,    -6.5,E,   -13.9,E,     1.4,E,   -18.4,E,     4.2,E,    16.3,E,     4.2,E
1995,   -15.9, ,   -13.5,E,    -7.8, ,    -1.8, ,    10.4, ,    17.1, ,    16.7, ,    15.9, ,    11.8, ,     4.5, ,   -10.9, ,   -16.7,E,      .8,E,   -14.4,E,      .3, ,    16.6, ,     1.8, 
1996,   -23.9, ,   -12.9,E,   -11.0,E,     1.7, ,     7.9, ,    15.9, ,    17.2,E,    17.7,E,    10.4, ,     2.4, ,   -12.7, ,   -19.8, ,     -.6,E,   -17.8,E,     -.5,E,    16.9,E,      .0, 
1997,   -21.4, ,   -11.9,E,   -10.1, ,      .2, ,     9.4, ,    16.6, ,    17.8, ,    17.6,E,    13.2, ,     3.2, , -9999.9,M,    -6.3, , -9999.9,M,   -17.7,E,     -.2, ,    17.3,E, -9999.9,M
1998,   -18.6,E,    -5.6, ,    -8.2, ,     6.7, ,    12.4, ,    14.1, ,    17.9, ,    19.5, , -9999.9,M,     4.4, ,    -4.9, ,   -14.2, , -9999.9,M,   -10.2,E,     3.6, ,    17.2, , -9999.9,M
1999,   -17.7, ,   -11.2, ,    -5.0, ,     6.0, ,    10.4, ,    13.9,E,    16.0, ,    17.3, ,    10.3, ,     3.7, ,    -2.1, ,    -8.9, ,     2.7,E,   -14.4, ,     3.8, ,    15.7,E,     4.0, 
2000,   -18.8, ,   -11.4, ,    -2.7, ,     3.7, ,    10.0, ,    13.4, ,    17.9, ,    16.6, ,    11.6, ,     4.8, ,    -7.0, ,   -20.7, ,     1.5, ,   -13.0, ,     3.7, ,    16.0, ,     3.1, 
2001,   -10.1, ,   -18.4, ,    -5.0, ,     3.6, ,    12.2, ,    15.1, ,    18.6, ,    19.5, ,    13.7, ,     2.3, ,    -1.9, ,   -13.6, ,     3.0, ,   -16.4, ,     3.6, ,    17.7, ,     4.7, 
2002,   -16.2, ,    -9.9, ,   -14.3, ,    -1.3, ,     8.2, ,    17.1, , -9999.9,M,    16.5,E,    11.2, ,    -1.5, ,    -6.5, ,    -9.9, , -9999.9,M,   -13.2, ,    -2.5, , -9999.9,M,     1.1, 
2003,   -17.7, ,   -17.8, ,    -9.8, ,     4.1, ,    12.3, ,    16.0, ,    18.4, ,    20.3, ,    11.1, ,     6.2, ,   -10.0, ,   -10.1, ,     1.9, ,   -15.1, ,     2.2, ,    18.2, ,     2.4, 
2004,   -20.8, ,   -10.9, ,    -7.3, ,     3.8, ,     8.0, ,    13.8, ,    16.8, ,    13.9, ,    10.8, ,     3.5, ,    -2.8, ,   -15.2, ,     1.1, ,   -13.9, ,     1.5, ,    14.8, ,     3.8, 
2005,   -19.0, ,   -12.6, ,    -7.2, ,     6.2, ,     9.8, ,    14.4, ,    17.6, ,    15.3, ,    11.5, ,     5.2, ,    -3.1, ,    -9.3, ,     2.4, ,   -15.6, ,     2.9, ,    15.8, ,     4.5, 
2006,    -9.4, ,   -14.4, ,    -8.1, ,     6.4, ,    11.5, ,    16.7, ,    19.6, ,    17.8,E,    11.8, ,     1.2, ,    -9.6, ,   -11.1, ,     2.7,E,   -11.0, ,     3.3, ,    18.0,E,     1.1, 
2007,   -14.1, ,   -17.7, ,    -6.0, ,     2.5, ,    10.9, ,    15.0, ,    20.9, ,    15.3, ,    10.6,E,     5.6, ,    -6.9, ,   -16.5, ,     1.6,E,   -14.3, ,     2.5, ,    17.1, ,     3.1,E
2008,   -16.8, ,   -16.8, ,    -8.4, ,      .9, ,    10.1, ,    15.1, ,    17.4, ,    17.5, ,    11.4, ,     5.4, ,    -2.8, ,   -20.0, ,     1.1, ,   -16.7, ,      .9, ,    16.7, ,     4.7, 
2009,   -17.6, ,   -15.4, ,   -11.6, ,     1.6, ,     7.9, ,    15.1, ,    15.4, ,    15.1, ,    15.5, , -9999.9,M, -9999.9,M,   -17.6, , -9999.9,M,   -17.7, ,     -.7, ,    15.2, , -9999.9,M
2010,   -13.8, ,   -14.9, ,    -3.0, ,     5.6, ,     9.4, ,    15.4, ,    17.9, ,    16.4, ,    10.2, ,     6.7, ,    -6.9, ,   -14.2, ,     2.4, ,   -15.4, ,     4.0, ,    16.6, ,     3.3, 
2011,   -16.3, ,   -15.8, ,   -11.9, ,     2.1, ,    10.6, ,    15.4, ,    18.2, ,    17.7, ,    14.2, , -9999.9,M, -9999.9,M, -9999.9,M, -9999.9,M,   -15.4, ,      .3, ,    17.1, , -9999.9,M
