4011846,COTE           ,SK, station joined    , Monthly mean of homogenized daily mean temperature                     , °C,          Updated to December 2012
4011846,COTE           ,SK, station jointe    , Moyenne mensuelle des températures homogénéisées moyennes quotidiennes , °C, Mise à jour jusqu à décembre 2012
Year,     Jan, ,     Feb, ,     Mar, ,     Apr, ,     May, ,     Jun, ,     Jul, ,     Aug, ,     Sep, ,     Oct, ,     Nov, ,     Dec, ,  Annual, ,  Winter, ,  Spring, ,  Summer, ,  Autumn
Year,    Janv, ,     Fév, ,    Mars, ,     Avr, ,     Mai, ,    Juin, ,    Juil, ,    Août, ,    Sept, ,     Oct, ,     Nov, ,     Déc, ,  Annuel, ,   Hiver, ,Printemp, ,     Eté, , Automne
1907, -9999.9,M, -9999.9,M, -9999.9,M, -9999.9,M, -9999.9,M, -9999.9,M, -9999.9,M,    13.8, , -9999.9,M, -9999.9,M, -9999.9,M, -9999.9,M, -9999.9,M, -9999.9,M, -9999.9,M, -9999.9,M, -9999.9,M
1908, -9999.9,M, -9999.9,M, -9999.9,M, -9999.9,M, -9999.9,M, -9999.9,M,    17.0, ,    13.0, ,    11.0, ,     3.0, , -9999.9,M,   -14.1, , -9999.9,M, -9999.9,M, -9999.9,M, -9999.9,M, -9999.9,M
1909,   -24.3, ,   -21.7, , -9999.9,M,    -4.0, ,     8.6, ,    15.2, ,    17.7, ,    16.5, ,    12.6, ,     3.0, ,   -10.3, ,   -18.6, , -9999.9,M,   -20.0, , -9999.9,M,    16.5, ,     1.8, 
1910,   -16.2, ,   -20.7, ,      .1, ,     6.0, ,     7.2, ,    16.5, ,    17.4, , -9999.9,M, -9999.9,M, -9999.9,M, -9999.9,M, -9999.9,M, -9999.9,M,   -18.5, ,     4.4, , -9999.9,M, -9999.9,M
1911, -9999.9,M, -9999.9,M, -9999.9,M, -9999.9,M, -9999.9,M, -9999.9,M, -9999.9,M, -9999.9,M, -9999.9,M, -9999.9,M, -9999.9,M, -9999.9,M, -9999.9,M, -9999.9,M, -9999.9,M, -9999.9,M, -9999.9,M
1912, -9999.9,M, -9999.9,M, -9999.9,M, -9999.9,M, -9999.9,M, -9999.9,M, -9999.9,M, -9999.9,M,     8.6, ,     4.9, ,    -1.7, ,   -14.1, , -9999.9,M, -9999.9,M, -9999.9,M, -9999.9,M,     3.9, 
1913,   -24.8, ,   -18.0, ,   -15.3, ,     4.7, ,     8.8, ,    16.1, ,    16.3, ,    16.8, ,    10.7, ,      .1, ,    -4.3, ,    -9.2, ,      .2, ,   -19.0, ,     -.6, ,    16.4, ,     2.2, 
1914,   -16.3, ,   -25.1, , -9999.9,M,     1.2, ,    10.3, ,    15.5, ,    20.6, ,    14.2, ,    11.9, ,     6.5, , -9999.9,M, -9999.9,M, -9999.9,M,   -16.9, , -9999.9,M,    16.8, , -9999.9,M
1915, -9999.9,M, -9999.9,M, -9999.9,M,     6.2, ,    10.2, ,    11.8, ,    14.7, ,    16.0, ,     7.6, ,     3.3, ,    -7.0, , -9999.9,M, -9999.9,M, -9999.9,M, -9999.9,M,    14.2, ,     1.3, 
1916,   -30.5, ,   -18.7, , -9999.9,M,     1.7, ,     8.1, ,    12.2, ,    19.2, ,    14.8, ,     8.2, ,      .7, ,    -7.1, , -9999.9,M, -9999.9,M, -9999.9,M, -9999.9,M,    15.4, ,      .6, 
1917, -9999.9,M, -9999.9,M, -9999.9,M,    -1.3, ,     9.9, ,    12.0, ,    17.3, ,    14.6, ,    10.7, ,     -.5, , -9999.9,M, -9999.9,M, -9999.9,M, -9999.9,M, -9999.9,M,    14.6, , -9999.9,M
1918, -9999.9,M,   -17.4, ,      .1, ,     6.4, ,     8.2, ,    17.8, ,    15.2, ,    16.1, ,     9.7, ,     4.3, , -9999.9,M,   -13.6, , -9999.9,M, -9999.9,M,     4.9, ,    16.4, , -9999.9,M
1919,   -19.7, ,   -22.1, ,   -13.7, ,     2.0, , -9999.9,M,    12.8, ,    14.8, , -9999.9,M, -9999.9,M, -9999.9,M, -9999.9,M,   -18.6, , -9999.9,M,   -18.5, , -9999.9,M, -9999.9,M, -9999.9,M
1920,   -23.1, , -9999.9,M,   -12.0, ,    -6.3, ,    11.0, ,    14.1, ,    18.2, ,    17.7, ,    12.5, ,     7.3, ,    -4.3, ,   -11.5, , -9999.9,M, -9999.9,M,    -2.4, ,    16.7, ,     5.2, 
1921,   -14.9, ,   -16.2, ,   -12.7, ,      .3, ,    12.3, ,    18.4, ,    18.9, ,    14.9, ,    10.5, ,     5.8, ,   -10.6, ,   -18.6, ,      .7, ,   -14.2, ,      .0, ,    17.4, ,     1.9, 
1922,   -22.5, ,   -25.7, ,   -10.7, ,     3.1, ,    12.8, ,    15.6, ,    16.6, ,    17.2, ,    12.9, ,     4.0, ,    -3.4, ,   -20.2, ,      .0, ,   -22.3, ,     1.7, ,    16.5, ,     4.5, 
1923,   -18.1, ,   -20.5, ,   -15.9, ,     -.7, ,    11.6, ,    16.9, ,    19.2, ,    14.6, ,    11.5, ,     4.3, ,    -1.2, ,    -7.8, ,     1.2, ,   -19.6, ,    -1.7, ,    16.9, ,     4.9, 
1924,   -22.0, ,   -13.2, ,    -7.9, ,     1.4, ,     6.8, ,    13.2, ,    17.5, ,    13.6, ,    11.0, ,     7.9, ,    -9.1, ,   -21.9, ,     -.2, ,   -14.3, ,      .1, ,    14.8, ,     3.3, 
1925,   -20.9, ,   -17.6, ,    -7.6, ,     5.9, ,    10.3, ,    13.7, ,    17.4, ,    16.4, ,    10.4, ,    -2.0, ,    -6.4, ,   -10.5, ,      .8, ,   -20.1, ,     2.9, ,    15.8, ,      .7, 
1926,   -13.5, ,   -11.7, ,    -8.4, ,     2.6, ,    12.3, ,    13.4, ,    18.8, ,    15.5, ,     7.8, ,     2.8, ,   -10.4, ,   -16.6, ,     1.1, ,   -11.9, ,     2.2, ,    15.9, ,      .1, 
1927,   -19.0, ,   -17.1, ,    -6.2, ,     2.1, ,     7.6, ,    14.9, ,    17.5, ,    15.9, ,    11.5, ,     5.5, ,   -11.7, ,   -23.8, ,     -.2, ,   -17.6, ,     1.2, ,    16.1, ,     1.8, 
1928, -9999.9,M, -9999.9,M, -9999.9,M, -9999.9,M, -9999.9,M, -9999.9,M, -9999.9,M, -9999.9,M, -9999.9,M, -9999.9,M, -9999.9,M, -9999.9,M, -9999.9,M, -9999.9,M, -9999.9,M, -9999.9,M, -9999.9,M
1929,   -28.0, ,   -22.3, ,    -7.3, ,     2.0, ,     7.0, ,    14.7, ,    18.6, ,    17.3, ,     9.3, ,     6.7, ,    -7.1, ,   -18.7, ,     -.7, , -9999.9,M,      .6, ,    16.9, ,     3.0, 
1930,   -25.2, ,   -12.8, ,    -9.9, ,     5.7, ,     9.4, ,    15.5, ,    18.6, ,    18.5, ,    10.6, ,     1.1, ,    -7.1, ,   -11.4, ,     1.1, ,   -18.9, ,     1.7, ,    17.5, ,     1.5, 
1931,   -13.7, ,   -10.5, ,   -10.7, ,     4.4, ,     9.4, ,    17.1, ,    18.9, ,    17.5, ,    12.5, ,     6.4, ,    -6.2, ,    -9.9, ,     2.9, ,   -11.9, ,     1.0, ,    17.8, ,     4.2, 
1932,   -18.1, ,   -17.0, ,   -13.7, ,     3.8, ,    13.2, ,    18.3, ,    19.0, ,    17.6, ,    12.2, ,     1.6, ,    -9.4, ,   -17.6, ,      .8, ,   -15.0, ,     1.1, ,    18.3, ,     1.5, 
1933,   -18.9, ,   -19.5, ,   -10.2, ,     2.6, ,    11.9, ,    17.5, ,    18.6, ,    19.1, ,    11.8, ,     1.2, ,    -9.0, ,   -21.6, ,      .3, ,   -18.7, ,     1.4, ,    18.4, ,     1.3, 
1934,   -15.2, ,   -12.1, ,    -9.2, ,     3.5, ,    13.7, ,    15.4, ,    17.7, ,    16.0, ,     7.9, ,     5.6, ,    -3.1, ,   -16.6, ,     2.0, ,   -16.3, ,     2.7, ,    16.4, ,     3.5, 
1935,   -23.8, ,   -11.8, , -9999.9,M,      .4, ,     9.7, ,    13.8, ,    20.4, ,    14.4, ,    10.1, ,     1.4, ,   -13.7, ,   -15.6, , -9999.9,M,   -17.4, , -9999.9,M,    16.2, ,     -.7, 
1936,   -26.2, ,   -29.0, ,    -8.2, ,    -1.4, ,    12.9, ,    14.6, ,    21.4, ,    16.0, ,     9.9, ,      .8, ,    -6.4, ,   -17.2, ,    -1.1, ,   -23.6, ,     1.1, ,    17.3, ,     1.4, 
1937,   -28.9, ,   -18.9, ,    -8.7, ,     3.0, ,    11.9, ,    16.4, ,    20.7, ,    18.4, ,    10.4, ,     3.5, ,    -7.5, ,   -16.9, ,      .3, ,   -21.7, ,     2.1, ,    18.5, ,     2.1, 
1938,   -19.0, ,   -17.4, ,    -5.8, ,     1.7, ,     9.8, ,    15.3, ,    17.4, ,    15.4, ,    13.8, ,     6.9, ,    -8.6, ,   -13.5, ,     1.3, ,   -17.8, ,     1.9, ,    16.0, ,     4.0, 
1939,   -14.0, ,   -25.4, ,   -10.5, ,     2.6, ,    12.2, ,    12.6, ,    17.6, ,    17.0, ,    13.9, ,      .8, ,    -2.9, ,    -7.3, ,     1.4, ,   -17.6, ,     1.4, ,    15.7, ,     3.9, 
1940,   -18.6, ,   -13.1, ,    -6.5, ,     1.0, ,    11.2, ,    13.2, ,    17.3, ,    16.3, ,    13.7, ,     6.8, ,   -10.5, ,   -13.9, ,     1.4, ,   -13.0, ,     1.9, ,    15.6, ,     3.3, 
1941,   -17.5, , -9999.9,M, -9999.9,M,     3.0, ,    11.7, ,    17.1, ,    19.4, ,    16.4, ,    10.2, ,     3.2, , -9999.9,M, -9999.9,M, -9999.9,M, -9999.9,M, -9999.9,M,    17.6, , -9999.9,M
1942, -9999.9,M, -9999.9,M, -9999.9,M,     4.4, ,     8.6, ,    14.7, ,    17.9, ,    16.1, , -9999.9,M, -9999.9,M, -9999.9,M, -9999.9,M, -9999.9,M, -9999.9,M, -9999.9,M,    16.2, , -9999.9,M
1943, -9999.9,M, -9999.9,M, -9999.9,M,     3.2, ,     7.5, ,    12.5, ,    18.7, ,    15.6, ,     9.3, ,     6.3, , -9999.9,M, -9999.9,M, -9999.9,M, -9999.9,M, -9999.9,M,    15.6, , -9999.9,M
1944,   -12.7, ,   -17.0, ,   -13.7, ,     4.6, ,    13.7, ,    15.5, ,    18.8, ,    16.5, ,    12.0, ,     7.5, ,    -4.1, ,   -13.7, ,     2.3, , -9999.9,M,     1.5, ,    16.9, ,     5.1, 
1945,   -15.7, ,   -14.9, ,    -3.3, ,     -.2, ,     7.5, ,    13.5, ,    18.0, ,    17.7, ,     9.7, ,     5.3, ,    -9.2, ,   -18.4, ,      .8, ,   -14.8, ,     1.3, ,    16.4, ,     1.9, 
1946,   -18.9, ,   -19.4, ,    -3.7, ,     6.7, ,     9.1, ,    14.3, ,    19.2, ,    16.2, ,    11.4, ,     2.7, ,    -9.4, ,   -17.5, ,      .9, ,   -18.9, ,     4.0, ,    16.6, ,     1.6, 
1947,   -15.4, ,   -19.8, ,    -9.9, ,     1.2, ,     8.3, ,    14.6, ,    20.0, ,    17.7, ,     9.9, ,     8.4, ,    -9.3, ,   -15.5, ,      .9, ,   -17.6, ,     -.1, ,    17.4, ,     3.0, 
1948,   -17.9, ,   -19.3, ,   -13.2, ,    -2.2, ,    11.9, ,    15.9, ,    18.0, ,    17.1, ,    14.1, ,     7.2, ,    -4.8, ,   -15.6, ,      .9, ,   -17.6, ,    -1.2, ,    17.0, ,     5.5, 
1949,   -20.4, ,   -21.1, ,    -7.5, ,     7.2, ,    10.7, ,    14.9, ,    17.5, ,    19.0, ,    11.0, ,     3.2, ,    -1.0, ,   -19.4, ,     1.2, ,   -19.0, ,     3.5, ,    17.1, ,     4.4, 
1950,   -31.2, ,   -17.4, ,   -11.8, ,     -.9, ,     9.3, ,    14.4, ,    17.5, ,    15.6, ,    12.4, ,     5.3, ,   -10.1, ,   -16.7, ,    -1.1, ,   -22.7, ,    -1.1, ,    15.8, ,     2.5, 
1951,   -21.8, ,   -16.2, ,   -14.1, ,     1.7, ,    12.1, ,    13.4, ,    17.0, ,    14.9, ,    10.0, ,     2.6, ,    -9.2, ,   -18.1, ,     -.6, ,   -18.2, ,     -.1, ,    15.1, ,     1.1, 
1952,   -21.6, ,   -12.8, ,    -9.5, ,     8.6, ,    11.4, ,    14.8, ,    17.1, ,    16.3, ,    12.1, ,     4.1, ,    -3.4, ,   -11.2, ,     2.2, ,   -17.5, ,     3.5, ,    16.1, ,     4.3, 
1953,   -17.9, ,   -13.4, ,    -8.8, ,      .8, ,     9.3, ,    15.1, ,    17.7, ,    18.3, ,    10.6, ,     8.1, ,     -.4, ,   -10.9, ,     2.4, ,   -14.2, ,      .4, ,    17.0, ,     6.1, 
1954,   -25.4, ,    -6.5, ,   -11.0, ,    -2.9, ,     7.8, ,    14.2, ,    18.4, ,    16.1, ,    10.1, , -9999.9,M,    -1.3, ,    -8.8, , -9999.9,M,   -14.3, ,    -2.0, ,    16.2, , -9999.9,M
1955,   -17.5, ,   -16.9, ,   -13.9, ,     6.1, ,    11.2, ,    15.8, ,    19.2, ,    18.5, ,    10.0, ,     5.4, ,   -12.6, ,   -20.2, ,      .4, ,   -14.4, ,     1.1, ,    17.8, ,      .9, 
1956,   -18.9, ,   -17.9, ,   -11.3, ,    -2.2, ,    10.2, ,    18.2, ,    16.7, ,    16.3, ,     9.8, ,     5.5, ,    -5.9, ,   -16.7, ,      .3, ,   -19.0, ,    -1.1, ,    17.1, ,     3.1, 
1957,   -22.7, ,   -17.1, ,    -9.2, ,     1.2, ,    11.6, ,    13.8, ,    20.2, ,    15.7, ,    11.0, ,     4.7, ,    -5.1, ,   -12.8, ,      .9, ,   -18.8, ,     1.2, ,    16.6, ,     3.5, 
1958,   -13.2, ,   -16.9, ,    -5.8, ,     5.2, ,    11.7, ,    12.7, ,    17.3, ,    17.4, ,    10.9, ,     5.2, ,    -6.4, ,   -15.4, ,     1.9, ,   -14.3, ,     3.7, ,    15.8, ,     3.2, 
1959,   -23.4, ,   -17.8, ,    -4.2, ,     3.3, ,     9.2, ,    15.9, ,    18.8, ,    16.8, ,    10.2, ,      .9, ,    -9.6, ,    -8.3, ,     1.0, ,   -18.9, ,     2.8, ,    17.2, ,      .5, 
1960,   -20.5, ,   -15.9, ,   -12.5, ,     1.4, ,    11.7, ,    14.8, ,    19.6, ,    18.2, ,    12.5, ,     4.4, ,    -8.1, ,   -13.9, ,     1.0, ,   -14.9, ,      .2, ,    17.5, ,     2.9, 
1961,   -17.5, ,   -12.2, ,    -4.2, ,      .9, ,    11.1, ,    18.4, ,    19.1, ,    20.2, ,     8.9, ,     4.9, ,    -5.7, ,   -20.2, ,     2.0, ,   -14.5, ,     2.6, ,    19.2, ,     2.7, 
1962,   -20.5, ,   -21.4, ,    -9.0, ,     1.0, ,    10.4, ,    17.8, ,    17.0, ,    17.6, ,    10.5, ,     6.9, ,    -2.0, ,   -12.8, ,     1.3, ,   -20.7, ,      .8, ,    17.5, ,     5.1, 
1963,   -22.0, ,   -16.3, ,    -5.9, ,     4.1, ,     9.4, ,    15.8, ,    19.6, ,    18.4, ,    13.7, ,    10.5, ,    -4.9, ,   -17.4, ,     2.1, ,   -17.0, ,     2.5, ,    17.9, ,     6.4, 
1964,   -16.1, ,   -11.1, ,   -14.6, ,     3.7, ,    11.7, ,    15.5, ,    20.0, ,    15.1, ,     9.5, ,     5.8, ,    -6.9, ,   -20.2, ,     1.0, ,   -14.9, ,      .3, ,    16.9, ,     2.8, 
1965,   -22.7, ,   -19.4, ,   -15.7, ,     3.1, ,     9.3, ,    16.5, ,    17.7, ,    16.8, ,     6.0, ,     6.5, ,    -9.4, ,   -12.6, ,     -.3, ,   -20.8, ,    -1.1, ,    17.0, ,     1.0, 
1966,   -28.5, ,   -19.3, ,    -7.3, ,     -.4, ,     8.8, ,    15.6, ,    19.0, ,    16.3, ,    12.7, ,     4.3, ,   -11.7, ,   -15.6, ,     -.5, ,   -20.1, ,      .4, ,    17.0, ,     1.8, 
1967,   -19.5, ,   -19.4, ,   -11.3, ,    -1.9, ,     9.2, ,    15.6, ,    18.1, ,    17.9, ,    15.8, ,     3.5, ,    -5.1, ,   -13.9, ,      .8, ,   -18.2, ,    -1.3, ,    17.2, ,     4.7, 
1968,   -19.3, ,   -16.0, ,    -4.6, ,     3.8, ,     9.9, ,    14.4, ,    16.9, ,    14.8, ,    12.6,E,     4.6, ,    -4.0, ,   -18.1, ,     1.3,E,   -16.4, ,     3.0, ,    15.4, ,     4.4,E
1969,   -25.9, ,   -14.8, ,   -10.8, ,     6.1, ,     9.6, ,    12.7, ,    17.4, ,    19.1, ,    11.2, ,     1.0, ,    -5.4, ,   -10.9, ,      .8, ,   -19.6, ,     1.6, ,    16.4, ,     2.3, 
1970, -9999.9,M, -9999.9,M, -9999.9,M, -9999.9,M, -9999.9,M,    18.5, ,    18.7, ,    16.9, ,    11.2, ,     3.8, ,    -7.4, ,   -19.7, , -9999.9,M, -9999.9,M, -9999.9,M,    18.0, ,     2.5, 
1971,   -24.1, ,   -14.2, ,    -9.5, ,     2.5, ,    11.6, ,    15.9, ,    15.6, ,    18.7, ,    11.4, ,     4.2, ,    -6.3, ,   -17.2, ,      .7, ,   -19.3, ,     1.5, ,    16.7, ,     3.1, 
1972,   -24.5, ,   -21.6, ,    -8.9, , -9999.9,M,    12.8, ,    17.3, ,    14.6, ,    17.9, ,     6.3, ,     -.4, ,    -7.3, ,   -21.3, , -9999.9,M,   -21.1, , -9999.9,M,    16.6, ,     -.5, 
1973, -9999.9,M, -9999.9,M,    -2.0, ,      .4, ,    10.4, ,    14.6, ,    17.1, ,    19.0, ,    10.2, ,     5.4, ,   -11.5, ,   -16.0, , -9999.9,M, -9999.9,M,     2.9, ,    16.9, ,     1.4, 
1974, -9999.9,M,   -17.4, ,   -13.5, ,      .2, ,     6.4, ,    15.7, ,    18.9, ,    14.7, ,     8.4, ,     4.9, ,    -4.4, ,    -9.4, , -9999.9,M, -9999.9,M,    -2.3, ,    16.4, ,     3.0, 
1975,   -15.6, ,   -16.7, ,   -12.7, ,     -.5, ,     9.9, ,    14.9, ,    19.7, ,    14.6, ,     9.9, ,     4.1, ,    -4.7, ,   -14.7, ,      .7, ,   -13.9, ,    -1.1, ,    16.4, ,     3.1, 
1976,   -16.7, ,   -13.8, ,   -11.3, ,     5.2, ,    12.0, ,    16.2, ,    18.4, ,    17.7, ,    12.7, ,     1.0, ,    -8.0, , -9999.9,M, -9999.9,M,   -15.1, ,     2.0, ,    17.4, ,     1.9, 
1977, -9999.9,M,   -10.3, ,    -6.6, ,     6.9, ,    15.7, ,    16.2, ,    17.4, ,    12.7, ,    10.5, ,     6.2, ,    -6.4, ,   -21.1, , -9999.9,M, -9999.9,M,     5.3, ,    15.4, ,     3.4, 
1978, -9999.9,M,   -17.5, ,    -8.6, ,     3.5, ,    14.3, ,    16.1, ,    17.3, ,    16.1, ,    12.5, ,     5.9, ,    -9.9, ,   -19.0, , -9999.9,M, -9999.9,M,     3.1, ,    16.5, ,     2.8, 
1979,   -24.8, ,   -24.2, ,   -10.4, ,    -2.5, ,     7.6, ,    15.9, ,    20.7, ,    16.4, ,    11.9, ,     4.3, ,    -5.2, ,   -12.8, ,     -.3, ,   -22.7, ,    -1.8, ,    17.7, ,     3.7, 
1980,   -20.2, ,   -15.7, ,   -11.1, ,     8.5, ,    15.1, ,    15.4, ,    18.2, ,    15.3, ,    10.7, ,     4.5,E,    -4.5, ,   -18.2, ,     1.5,E,   -16.2, ,     4.2, ,    16.3, ,     3.6,E
1981,   -14.6, ,   -11.6, ,    -1.2, ,     4.0, ,    11.4, ,    15.1, ,    18.9, ,    19.2, ,    11.9,E,     3.4,E,      .0, ,   -14.1, ,     3.5,E,   -14.8, ,     4.7, ,    17.7, ,     5.1,E
1982,   -27.9, ,   -16.7,E,    -8.6, ,     1.8, ,    11.1,E,    14.0, ,    18.3, ,    15.7, ,    11.0,E,     5.1,E,    -8.8,E,   -13.5, ,      .1,E,   -19.6,E,     1.4,E,    16.0, ,     2.4,E
1983,   -14.1,E,   -12.3,E,    -8.5, ,      .3, ,     7.6,E,    15.6,E,    19.3, ,    20.5, ,    10.8, ,     5.4, ,    -2.8, ,   -23.6, ,     1.5,E,   -13.3,E,     -.2,E,    18.5,E,     4.5, 
1984,   -15.8, ,    -6.6,E,    -7.4,E,     6.7, ,     9.3,E,    16.2, ,    18.5, ,    20.0,E,     8.3,E,     3.2,E,    -8.6,E,   -21.7, ,     1.8,E,   -15.3,E,     2.9,E,    18.2,E,     1.0,E
1985,   -19.6,E,   -18.6, ,    -5.8, ,     5.8,E,    12.6,E,    12.5, ,    17.3, ,    14.7,E,     8.6,E,     4.2, ,   -15.1,E,   -17.3,E,     -.1,E,   -20.0,E,     4.2,E,    14.8,E,     -.8,E
1986,   -12.7, ,   -16.1, ,    -4.4, ,     2.9,E,    12.8, ,    15.5, ,    17.2,E,    16.6, ,     9.7,E,     5.1, ,   -10.3, ,   -11.9, ,     2.0,E,   -15.4,E,     3.8,E,    16.4,E,     1.5,E
1987,   -12.1, ,    -8.5,E,    -4.2,E,     7.7, ,    13.5, ,    17.6, ,    17.9,E,    14.8,E,    13.3, ,     2.7, ,    -2.5, ,    -9.5, ,     4.2,E,   -10.8,E,     5.7,E,    16.8,E,     4.5, 
1988,   -20.0, ,   -16.1, ,    -5.9,E,     4.1, ,    13.4,E,    20.8,E,    19.3,E,    16.9, ,    10.2, ,     3.3,E,    -5.8, ,   -13.5,E,     2.2,E,   -15.2, ,     3.9,E,    19.0,E,     2.6,E
1989,   -16.2, ,   -20.2, ,   -11.8, ,     3.2, ,    12.6,E,    15.3, ,    20.2, ,    17.9, ,    11.6,E,     4.2, ,    -9.3,E,   -17.2,E,      .9,E,   -16.6,E,     1.3,E,    17.8, ,     2.2,E
1990,   -14.7,E,   -16.3,E,    -4.7,E,     2.0,E,    10.9, ,    16.8,E,    17.3, ,    17.8,E,    12.3, ,     3.0,E,    -7.8,E,   -20.7,E,     1.3,E,   -16.1,E,     2.7,E,    17.3,E,     2.5,E
1991,   -20.4,E,   -10.5,E,    -7.4,E,     6.2,E,    11.6,E, -9999.9,M,    18.6,E,    19.4,E,    10.5,E,      .2, ,   -10.0, ,   -13.3,E, -9999.9,M,   -17.2,E,     3.5,E, -9999.9,M,      .2,E
1992, -9999.9,M,   -11.7,E,    -5.2,E,     1.6,E,    10.7,E,    13.6,E,    15.3,E,    14.2, ,     9.0,E,     3.2,E,    -4.5, ,   -20.1,E, -9999.9,M, -9999.9,M,     2.4,E,    14.4,E,     2.6,E
1993,   -19.1, ,   -15.8,E,    -3.0,E,     3.0,E,    10.2,E,    13.3,E,    15.7,E,    15.4,E,     8.6, ,     1.5, ,    -8.5,E,   -13.1,E,      .7,E,   -18.3,E,     3.4,E,    14.8,E,      .5,E
1994,   -25.1,E,   -21.5, ,    -3.8,E,     3.0, ,    11.2,E,    15.6,E,    17.2, ,    14.9,E,    13.2,E,     5.8,E,    -5.6,E,   -14.2,E,      .9,E,   -19.9,E,     3.5,E,    15.9,E,     4.5,E
1995,   -17.1,E,   -16.8,E,    -9.2, ,    -2.4, ,     9.5,E,    17.7, ,    16.7, ,    16.0, ,    10.8,E,     3.7, ,   -13.0, ,   -17.6, ,     -.1,E,   -16.0,E,     -.7,E,    16.8, ,      .5,E
1996,   -26.4, ,   -17.5,E,   -14.2,E,    -1.4,E,     8.3, ,    16.5, ,    17.4,E,    17.7, ,    11.3,E,     3.2,E,   -13.2,E,   -21.0, ,    -1.6,E,   -20.5,E,    -2.4,E,    17.2,E,      .4,E
1997,   -22.6, ,   -13.6,E,   -12.2, ,     -.7, ,     8.5, ,    17.1,E,    18.8,E,    16.7,E,    12.5,E,     3.0, ,    -4.7,E,    -6.1,E,     1.4,E,   -19.1,E,    -1.5, ,    17.5,E,     3.6,E
1998,   -18.2,E,    -5.8,E,    -8.8,E,     6.7, ,    11.9,E,    14.1, ,    18.4, ,    19.0, ,    12.8, ,     4.8, ,    -4.4, ,   -16.7, ,     2.8,E,   -10.0,E,     3.3,E,    17.2, ,     4.4, 
1999,   -19.2, ,   -10.6, ,    -4.7, ,     6.6, ,    10.8, ,    14.1, ,    16.6, ,    15.5, ,     8.6, ,     3.4, ,    -1.3, ,    -9.4, ,     2.5, ,   -15.5, ,     4.2, ,    15.4, ,     3.6, 
2000,   -17.4, ,   -11.9, ,    -1.1, ,     3.5, ,    10.3, ,    12.9, ,    18.6, ,    16.6, ,    10.4, ,     4.8, ,    -9.2, ,   -23.6, ,     1.2, ,   -12.9, ,     4.2, ,    16.0, ,     2.0, 
2001,   -12.1, ,   -20.1, ,    -7.6, ,     3.7, ,    11.4, ,    14.7, ,    18.8, ,    18.4, ,    12.9, ,     1.9, ,    -1.5, ,   -13.4, ,     2.3, ,   -18.6, ,     2.5, ,    17.3, ,     4.4, 
2002,   -16.8, ,   -12.8, ,   -16.5, ,     -.4, ,     7.6, ,    16.8, ,    19.2, ,    16.4, ,    10.9, ,    -2.5, ,    -7.9, ,   -10.4, ,      .3, ,   -14.3, ,    -3.1, ,    17.5, ,      .2, 
2003,   -20.3, ,   -20.3, ,   -11.5, ,     4.2, ,    11.7, ,    15.6, ,    18.6, ,    19.3, ,    10.2, ,     5.2,E,   -11.1, ,   -12.0, ,      .8,E,   -17.0, ,     1.5, ,    17.8, ,     1.4,E
2004,   -22.0, ,   -12.1, ,    -6.9, ,     2.4, ,     6.7, ,    13.4, ,    17.3, ,    13.3, ,    11.8, ,     3.1, ,    -4.2, ,   -15.3, ,      .6, ,   -15.4, ,      .7, ,    14.7, ,     3.6, 
2005,   -19.9,E,   -15.2, ,    -8.1, ,     6.2, ,     9.5, ,    15.7, ,    17.9, ,    15.4, ,    12.1, ,     3.7, ,    -4.2, ,    -9.6, ,     2.0,E,   -16.8,E,     2.5, ,    16.3, ,     3.9, 
2006,    -8.2, ,   -16.2, ,    -7.4, , -9999.9,M, -9999.9,M, -9999.9,M, -9999.9,M, -9999.9,M, -9999.9,M, -9999.9,M, -9999.9,M, -9999.9,M, -9999.9,M,   -11.3, , -9999.9,M, -9999.9,M, -9999.9,M
