4048520,WASECA         ,SK, station not joined, Monthly mean of homogenized daily mean temperature                     , °C,          Updated to December 2012
4048520,WASECA         ,SK, station non-jointe, Moyenne mensuelle des températures homogénéisées moyennes quotidiennes , °C, Mise à jour jusqu à décembre 2012
Year,     Jan, ,     Feb, ,     Mar, ,     Apr, ,     May, ,     Jun, ,     Jul, ,     Aug, ,     Sep, ,     Oct, ,     Nov, ,     Dec, ,  Annual, ,  Winter, ,  Spring, ,  Summer, ,  Autumn
Year,    Janv, ,     Fév, ,    Mars, ,     Avr, ,     Mai, ,    Juin, ,    Juil, ,    Août, ,    Sept, ,     Oct, ,     Nov, ,     Déc, ,  Annuel, ,   Hiver, ,Printemp, ,     Eté, , Automne
1907, -9999.9,M, -9999.9,M, -9999.9,M, -9999.9,M, -9999.9,M, -9999.9,M,    13.8, ,    11.7, ,     6.9, ,     5.9, ,    -3.0, ,   -10.5, , -9999.9,M, -9999.9,M, -9999.9,M, -9999.9,M,     3.3, 
1908,   -13.8, ,   -13.6, ,   -15.0, ,     2.4, ,    11.3, ,    12.7, ,    16.7, ,    13.0, ,     9.6, ,     2.1, ,    -3.4, ,   -12.9, ,      .8, ,   -12.6, ,     -.4, ,    14.1, ,     2.8, 
1909,   -22.3, ,   -18.8, ,    -9.7, ,    -4.3, ,     9.7, ,    14.2, ,    16.3, ,    14.1, ,    12.5, ,     2.7, ,   -11.9, ,   -15.8, ,    -1.1, ,   -18.0, ,    -1.4, ,    14.9, ,     1.1, 
1910,   -14.8, ,   -18.6, ,      .5, ,     5.6, ,     9.1, ,    13.7, ,    16.8, ,    12.8, ,     8.7, ,     4.7, ,    -9.2, ,   -14.2, ,     1.3, ,   -16.4, ,     5.1, ,    14.4, ,     1.4, 
1911,   -26.6, ,   -16.3, ,    -5.8, ,     2.1, ,     9.5, ,    14.4, ,    13.7, ,    11.8, ,     7.8, ,     4.1, ,   -10.9, ,   -14.2, ,     -.9, ,   -19.0, ,     1.9, ,    13.3, ,      .3, 
1912,   -21.8, ,   -12.6, ,   -12.9, ,     4.4, ,     9.8, ,    16.1, ,    14.3, ,    14.3, ,     7.0, ,     3.5, ,    -4.1, ,   -10.5, ,      .6, ,   -16.2, ,      .4, ,    14.9, ,     2.1, 
1913,   -22.6, ,   -15.0, ,   -11.6, ,     5.6, ,     7.8, ,    14.5, ,    15.2, ,    14.7, ,    10.5, ,      .5, ,    -4.0, ,    -8.6, ,      .6, ,   -16.0, ,      .6, ,    14.8, ,     2.3, 
1914,   -16.6, ,   -20.2, ,    -6.7, ,     3.9, ,     9.8, ,    14.3, ,    18.3, ,    14.8, ,     9.9, ,     5.9, ,    -3.6, ,   -15.4, ,     1.2, ,   -15.1, ,     2.3, ,    15.8, ,     4.1, 
1915,   -15.4, ,   -13.2, ,    -5.9, ,     7.7, ,    10.5, ,    11.2, ,    14.2, ,    17.9, ,     7.8, ,     5.2, ,    -6.6, ,   -11.8, ,     1.8, ,   -14.7, ,     4.1, ,    14.4, ,     2.1, 
1916,   -27.2, ,   -13.4, ,   -10.0, ,     3.5, ,     7.2, ,    12.7, ,    16.9, ,    13.9, ,     9.0, ,     3.7, ,    -3.3, ,   -18.1, ,     -.4, ,   -17.5, ,      .2, ,    14.5, ,     3.1, 
1917,   -19.7, ,   -21.1, ,    -9.1, ,     -.6, ,    10.8, ,    12.2, ,    18.0, ,    14.4, ,    11.4, , -9999.9,M,     2.5, ,   -24.2, , -9999.9,M,   -19.6, ,      .4, ,    14.9, , -9999.9,M
1918,   -19.9, ,   -16.5, ,    -6.1, ,     4.9, ,     6.8, ,    13.8, ,    14.9, ,    15.5, ,     9.3, ,     3.9, ,    -4.4, ,    -9.7, ,     1.0, ,   -20.2, ,     1.9, ,    14.7, ,     2.9, 
1919,   -10.1, ,   -18.0, ,   -13.8, ,     6.0, ,    11.2, ,    16.3, ,    17.4, ,    16.5, ,    10.5, ,    -4.0, ,   -12.2, ,   -14.9, ,      .4, ,   -12.6, ,     1.1, ,    16.7, ,    -1.9, 
1920,   -20.2, ,   -10.8, ,    -9.1, ,    -3.8, ,     9.6, ,    12.5, ,    17.7, ,    16.2, ,    10.2, ,     4.2, ,    -4.7, ,   -12.4, ,      .8, ,   -15.3, ,    -1.1, ,    15.5, ,     3.2, 
1921,   -15.3, ,   -12.3, ,   -10.6, ,     1.3, ,     9.5, ,    16.1, ,    16.3, ,    14.4, ,     8.2, ,     5.5, ,   -11.0, ,   -13.3, ,      .7, ,   -13.3, ,      .1, ,    15.6, ,      .9, 
1922,   -17.5, ,   -21.1, ,    -9.2, ,     3.2, ,    10.7, ,    14.5, ,    16.5, ,    16.5, ,    11.5, ,     4.0, ,    -4.3, ,   -17.5, ,      .6, ,   -17.3, ,     1.6, ,    15.8, ,     3.7, 
1923,   -18.8, ,   -16.9, ,   -11.3, ,     2.1, ,     9.3, ,    14.9, ,    16.6, ,    14.0, ,    10.3, ,     5.4, ,    -2.0, ,    -9.3, ,     1.2, ,   -17.7, ,      .0, ,    15.2, ,     4.6, 
1924,   -19.9, ,    -9.8, ,    -7.8, ,      .0, ,     8.6, ,    12.0, ,    16.8, ,    13.8, ,    10.6, ,     5.5, ,    -7.9, ,   -19.4, ,      .2, ,   -13.0, ,      .3, ,    14.2, ,     2.7, 
1925,   -20.2, ,   -17.5, ,    -9.2, ,     4.9, ,    10.3, ,    13.9, ,    17.0, ,    15.1, ,     9.3, ,    -1.7, ,    -5.9, ,   -10.1, ,      .5, ,   -19.0, ,     2.0, ,    15.3, ,      .6, 
1926,   -10.1, ,   -10.8, ,    -5.6, ,     4.7, ,    10.1, ,    13.3, ,    18.0, ,    14.3, ,     5.4, ,     2.8, ,   -10.1, ,   -16.6, ,     1.3, ,   -10.3, ,     3.1, ,    15.2, ,     -.6, 
1927,   -18.6, ,   -18.0, ,    -6.2, ,      .9, ,     7.8, ,    14.0, ,    16.5, ,    15.7, ,     9.8, ,     4.5, ,   -15.0, ,   -22.8, ,    -1.0, ,   -17.7, ,      .8, ,    15.4, ,     -.2, 
1928,   -12.7, ,    -9.4, ,    -5.7, ,     -.4, ,    12.0, ,    13.1, ,    16.7, ,    12.8, ,     9.2, ,     1.4, ,    -3.1, ,    -8.1, ,     2.2, ,   -15.0, ,     2.0, ,    14.2, ,     2.5, 
1929,   -23.7, ,   -17.0, ,    -4.2, ,      .0, ,     8.6, ,    14.7, ,    17.4, ,    16.9, ,     9.1, ,     6.2, ,    -3.2, ,   -16.2, ,      .7, ,   -16.3, ,     1.5, ,    16.3, ,     4.0, 
1930,   -22.2, ,    -9.8, ,    -6.4, ,     5.6, ,     9.4, ,    14.7, ,    17.1, ,    16.0, ,    10.0, ,      .6, ,    -3.3, ,    -7.2, ,     2.0, ,   -16.1, ,     2.9, ,    15.9, ,     2.4, 
1931,    -8.9, ,    -4.6, ,    -8.1, ,     4.7, ,    10.6, ,    14.5, ,    17.1, ,    15.9, ,     9.8, ,     5.1, ,    -7.2, ,    -9.6, ,     3.3, ,    -6.9, ,     2.4, ,    15.8, ,     2.6, 
1932,   -15.9, ,   -16.8, ,   -13.6, ,     3.1, ,    11.9, ,    15.4, ,    16.3, ,    16.4, ,    11.1, ,      .6, ,    -8.1, ,   -14.3, ,      .5, ,   -14.1, ,      .5, ,    16.0, ,     1.2, 
1933,   -18.1, ,   -16.7, ,    -8.7, ,     2.2, ,    11.3, ,    15.1, ,    17.1, ,    17.4, ,     9.2, ,     1.6, ,    -3.7, ,   -23.5, ,      .3, ,   -16.4, ,     1.6, ,    16.5, ,     2.4, 
1934,   -11.9, ,    -9.0, ,    -5.6, ,     5.9, ,    13.3, ,    13.4, ,    16.6, ,    15.4, ,     7.0, ,     5.1, ,    -5.1, ,   -16.1, ,     2.4, ,   -14.8, ,     4.5, ,    15.1, ,     2.3, 
1935,   -23.7, ,    -8.0, ,   -11.7, ,    -1.4, ,     9.3, ,    13.6, ,    18.4, ,    14.1, ,    10.3, ,     3.2, ,   -12.5, ,   -12.9, ,     -.1, ,   -15.9, ,    -1.3, ,    15.4, ,      .3, 
1936,   -23.4, ,   -29.3, ,    -7.3, ,      .3, ,    13.3, ,    15.1, ,    19.7, ,    16.4, ,     9.0, ,     3.4, ,    -2.5, ,   -16.3, ,     -.1, ,   -21.9, ,     2.1, ,    17.1, ,     3.3, 
1937,   -27.1, ,   -17.9, ,    -7.9, ,     4.8, ,    11.4, ,    15.7, ,    17.9, ,    14.7, ,    11.1, ,     5.0, ,    -8.5, ,   -18.2, ,      .1, ,   -20.4, ,     2.8, ,    16.1, ,     2.5, 
1938,   -13.7, ,   -18.6, ,    -4.2, ,     3.1, ,     9.9, ,    15.7, ,    18.0, ,    14.2, ,    15.5, ,     6.6, ,    -8.3, ,   -13.2, ,     2.1, ,   -16.8, ,     2.9, ,    16.0, ,     4.6, 
1939,   -12.2, ,   -23.3, ,   -10.1, ,     3.7, ,    11.8, ,    11.4, ,    17.8, ,    16.8, ,    10.2, ,      .9, ,    -1.9, ,    -7.7, ,     1.5, ,   -16.2, ,     1.8, ,    15.3, ,     3.1, 
1940,   -19.3, ,   -13.3, ,    -7.7, ,      .8, ,    12.7, ,    12.8, ,    15.8, ,    16.5, ,    13.4, ,     5.6, ,   -11.7, ,   -12.7, ,     1.1, ,   -13.4, ,     1.9, ,    15.0, ,     2.4, 
1941,   -18.6, ,   -15.1, ,    -7.5, ,     5.9, ,     9.9, ,    15.3, ,    20.1, ,    16.2, ,     7.9, ,     4.4, ,    -3.2, ,   -13.1, ,     1.9, ,   -15.5, ,     2.8, ,    17.2, ,     3.0, 
1942,   -10.0, ,   -13.0, ,    -3.3, ,     3.5, ,     9.6, ,    14.0, ,    17.1, ,    15.9, ,     9.0, ,     4.2, ,   -11.4, ,   -18.4, ,     1.4, ,   -12.0, ,     3.3, ,    15.7, ,      .6, 
1943,   -22.1, ,   -11.2, ,   -11.9, ,     5.4, ,     8.4, ,    12.8, ,    17.5, ,    15.6, ,    10.7, ,     6.8, ,    -2.6, ,    -8.5, ,     1.7, ,   -17.2, ,      .6, ,    15.3, ,     5.0, 
1944,   -12.6, ,   -14.6, ,   -10.9, ,     6.9, ,    12.6, ,    14.6, ,    16.4, ,    15.4, ,    11.4, ,     6.9, ,    -7.0, ,   -12.9, ,     2.2, ,   -11.9, ,     2.9, ,    15.5, ,     3.8, 
1945,   -15.4, ,   -14.7, ,    -3.5, ,    -1.0, , -9999.9,M, -9999.9,M,    16.9, ,    16.0, ,     7.8, ,     3.8, ,   -12.0, ,   -16.1, , -9999.9,M,   -14.3, , -9999.9,M, -9999.9,M,     -.1, 
1946,   -14.2, ,   -15.3, ,    -1.7, ,     7.5, ,     9.3, ,    13.4, ,    18.7, ,    15.7, ,    10.8, ,     1.8, ,    -8.7, ,   -17.8, ,     1.6, ,   -15.2, ,     5.0, ,    15.9, ,     1.3, 
1947,   -14.3, ,   -19.1, ,    -8.3, ,     3.2, ,     9.1, ,    15.0, ,    20.4, ,    15.5, ,     9.5, ,     6.5, ,    -8.1, ,   -12.7, ,     1.4, ,   -17.1, ,     1.3, ,    17.0, ,     2.6, 
1948,   -12.6, ,   -19.6, ,   -13.5, ,    -4.7, ,    11.2, ,    15.6, ,    17.2, ,    15.5, ,    11.7, ,     4.9, ,    -5.7, ,   -17.6, ,      .2, ,   -15.0, ,    -2.3, ,    16.1, ,     3.6, 
1949,   -19.2, ,   -22.1, ,    -7.6, ,     6.8, ,    10.7, ,    13.5, ,    16.2, ,    17.4, ,    10.8, ,     1.7, ,      .7, ,   -19.7, ,      .8, ,   -19.6, ,     3.3, ,    15.7, ,     4.4, 
1950,   -31.7, ,   -15.9, ,   -10.8, ,      .7, ,     9.4, ,    14.2, ,    16.7, ,    13.6, ,    11.1, ,     1.6, ,   -11.4, ,   -14.5, ,    -1.4, ,   -22.4, ,     -.2, ,    14.8, ,      .4, 
1951,   -20.7, ,   -16.6, ,   -13.9, ,     1.7, ,    11.2, ,    11.8, ,    16.3, ,    13.1, ,     8.6, ,     -.1, ,    -9.2, ,   -20.2, ,    -1.5, ,   -17.3, ,     -.3, ,    13.7, ,     -.2, 
1952,   -22.4, ,   -11.2, ,    -9.9, ,     6.8, ,    11.2, ,    13.4, ,    16.0, ,    14.4, ,    11.2, ,     4.5, ,    -3.0, ,   -11.4, ,     1.6, ,   -17.9, ,     2.7, ,    14.6, ,     4.2, 
1953,   -18.7, ,    -9.5, ,    -8.0, ,     -.1, ,     9.3, ,    13.0, ,    15.9, ,    16.1, ,    10.5, ,     7.0, ,    -2.6, ,    -9.1, ,     2.0, ,   -13.2, ,      .4, ,    15.0, ,     5.0, 
1954,   -25.4, ,    -6.3, ,    -9.6, ,    -4.3, ,     8.2, ,    12.1, ,    16.3, ,    14.0, ,     9.6, ,     4.8, ,      .0, ,    -6.5, ,     1.1, ,   -13.6, ,    -1.9, ,    14.1, ,     4.8, 
1955,   -13.4, ,   -16.4, ,   -13.3, ,     3.1, ,     9.5, ,    14.5, ,    16.9, ,    16.2, ,     8.9, ,     4.5, ,   -16.3, ,   -20.3, ,     -.5, ,   -12.1, ,     -.2, ,    15.9, ,    -1.0, 
1956,   -20.6, ,   -16.0, ,    -9.3, ,     -.5, ,    11.6, ,    15.6, ,    16.4, ,    15.7, ,     9.4, ,     4.1, ,    -1.9, ,   -13.1, ,     1.0, ,   -19.0, ,      .6, ,    15.9, ,     3.9, 
1957,   -17.9, ,   -14.3, ,    -6.9, ,     3.2, ,    11.3, ,    13.2, ,    17.5, ,    14.6, ,    11.4, ,     2.0, ,    -3.7, ,   -10.3, ,     1.7, ,   -15.1, ,     2.5, ,    15.1, ,     3.2, 
1958,   -10.0, ,   -15.5, ,    -6.2, ,     4.7, ,    12.0, ,    13.0, ,    17.0, ,    17.2, ,    10.0, ,     5.5, ,    -7.3, ,   -12.7, ,     2.3, ,   -11.9, ,     3.5, ,    15.7, ,     2.7, 
1959,   -22.8, ,   -14.4, ,    -1.5, ,     4.0, ,     7.9, ,    13.7, ,    18.1, ,    13.6, ,     8.7, ,      .5, ,    -6.8, ,    -6.2, ,     1.2, ,   -16.6, ,     3.5, ,    15.1, ,      .8, 
1960,   -17.7, ,   -13.9, ,   -10.1, ,     3.7, ,     9.5, ,    13.2, ,    18.8, ,    16.0, ,    11.4, ,     5.0, ,    -7.2, ,   -10.4, ,     1.5, ,   -12.6, ,     1.0, ,    16.0, ,     3.1, 
1961,   -13.4, ,   -11.6, ,    -5.5, ,      .8, ,    11.2, ,    17.5, ,    17.0, ,    19.7, ,     7.3, ,     3.3, ,    -8.0, ,   -21.7, ,     1.4, ,   -11.8, ,     2.2, ,    18.1, ,      .9, 
1962,   -15.8, ,   -19.3, ,   -10.7, ,     2.7, ,    10.3, ,    15.5, ,    15.6, ,    15.8, ,    11.0, ,     7.1, ,    -2.7, ,   -11.6, ,     1.5, ,   -18.9, ,      .8, ,    15.6, ,     5.1, 
1963,   -19.7, ,   -13.1, ,    -4.9, ,     3.1, ,     9.5, ,    15.3, ,    18.6, ,    17.5, ,    13.8, ,     8.7, ,    -7.6, ,   -13.1, ,     2.3, ,   -14.8, ,     2.6, ,    17.1, ,     5.0, 
1964,   -14.0, ,    -6.9, ,   -13.6, ,     3.4, ,    11.4, ,    14.6, ,    18.3, ,    14.9, ,     8.0, ,     5.9, ,    -6.1, ,   -21.5, ,     1.2, ,   -11.3, ,      .4, ,    15.9, ,     2.6, 
1965,   -20.4, ,   -18.5, ,   -12.8, ,     2.1, ,     9.5, ,    14.0, ,    18.4, ,    16.9, ,     5.6, ,     6.5, ,    -9.5, ,   -11.9, ,      .0, ,   -20.1, ,     -.4, ,    16.4, ,      .9, 
1966,   -26.5, ,   -15.7, ,    -5.9, ,      .4, ,    11.1, ,    13.0, ,    16.3, ,    14.7, ,    12.9, ,     3.4, ,   -12.1, ,   -13.0, ,     -.1, ,   -18.0, ,     1.9, ,    14.7, ,     1.4, 
1967,   -18.4, ,   -15.6, ,   -11.5, ,    -2.1, ,     9.3, ,    12.8, ,    17.0, ,    17.5, ,    15.0, ,     3.0, ,    -5.0, ,   -14.4, ,      .6, ,   -15.7, ,    -1.4, ,    15.8, ,     4.3, 
1968,   -18.7, ,   -11.2, ,    -1.6, ,     3.2, ,     9.1, ,    14.2, ,    16.6, ,    13.4, ,    10.4, ,     3.8, ,    -3.1, ,   -17.5, ,     1.6, ,   -14.8, ,     3.6, ,    14.7, ,     3.7, 
1969,   -28.2, ,   -15.8, ,    -9.2, ,     5.5, ,     9.7, ,    13.2, ,    16.2, ,    17.2, ,     9.9, ,      .4, ,    -3.9, ,   -10.0, ,      .4, ,   -20.5, ,     2.0, ,    15.5, ,     2.1, 
1970,   -20.0, ,   -10.8, ,   -11.1, ,     2.5, ,     9.9, ,    17.4, ,    17.5, ,    15.9, ,    10.2, ,     2.7, ,    -9.6, ,   -20.0, ,      .4, ,   -13.6, ,      .4, ,    16.9, ,     1.1, 
1971,   -23.3, ,   -12.1, ,    -9.4, ,     2.8, ,    12.7, ,    14.4, ,    15.5, ,    17.8, ,     9.3, ,     3.9, ,    -6.6, ,   -19.1, ,      .5, ,   -18.5, ,     2.0, ,    15.9, ,     2.2, 
1972,   -21.8, ,   -18.8, ,    -7.5, ,     2.1, ,    12.2, ,    15.8, ,    14.2, ,    17.3, ,     5.7, ,     1.6, ,    -5.2, ,   -18.9, ,     -.3, ,   -19.9, ,     2.3, ,    15.8, ,      .7, 
1973,   -14.0, ,   -12.9, ,    -3.5, ,     1.9, ,    11.1, ,    14.3, ,    16.1, ,    15.8, ,     9.7, ,     4.5, ,   -14.3, ,   -16.2, ,     1.0, ,   -15.3, ,     3.2, ,    15.4, ,      .0, 
1974,   -21.9, ,   -12.6, ,   -12.1, ,     2.9, ,     7.3, ,    15.0, ,    16.5, ,    13.6, ,     8.8, ,     6.5, ,    -4.0, ,    -7.0, ,     1.1, ,   -16.9, ,     -.6, ,    15.0, ,     3.8, 
1975,   -14.2, ,   -16.1, ,   -12.0, ,    -1.0, ,     9.4, ,    13.8, ,    18.5, ,    12.7, ,    10.9, ,     3.6, ,    -5.2, ,   -13.8, ,      .6, ,   -12.4, ,    -1.2, ,    15.0, ,     3.1, 
1976,   -14.3, ,    -9.9, ,    -7.2, ,     6.7, ,    11.9, ,    13.5, ,    16.6, ,    17.2, ,    13.0, ,     2.4, ,    -4.1, ,   -13.1, ,     2.7, ,   -12.7, ,     3.8, ,    15.8, ,     3.8, 
1977,   -18.7, ,    -4.8, ,    -4.8, ,     6.9, ,    12.3, ,    15.2, ,    15.5, ,    12.5, ,     9.9, ,     5.4, ,    -7.4, ,   -19.4, ,     1.9, ,   -12.2, ,     4.8, ,    14.4, ,     2.6, 
1978,   -22.1, ,   -14.6, ,    -5.6, ,     3.4, ,    10.8, ,    15.4, ,    16.6, ,    14.2, ,    10.3, ,     6.8, ,    -7.6, ,   -14.6, ,     1.1, ,   -18.7, ,     2.9, ,    15.4, ,     3.2, 
1979,   -18.9, ,   -23.8, , -9999.9,M, -9999.9,M,     8.5, ,    14.2, ,    18.2, ,    16.0, ,    12.3, ,     6.1, ,    -4.2, ,   -10.7, , -9999.9,M,   -19.1, , -9999.9,M,    16.1, ,     4.7, 
1980,   -18.2, ,   -12.8, ,    -9.2, ,     7.8, ,    12.8, ,    14.6, ,    16.5, ,    14.0, ,     9.9, ,     6.6, ,    -2.5, ,   -17.1, ,     1.9, ,   -13.9, ,     3.8, ,    15.0, ,     4.7, 
1981,    -9.3, ,    -9.7, ,    -2.5, ,     4.4, ,    12.1, ,    14.4, ,    17.7, ,    19.7, ,    12.2, ,     3.1, ,     -.9, ,   -13.7,E,     4.0,E,   -12.0, ,     4.7, ,    17.3, ,     4.8, 
1982,   -26.4,E,   -16.2, ,    -9.0, ,      .1, ,     9.4, ,    15.0, ,    16.8, ,    14.2, ,    10.7, ,     4.9, ,   -10.5, ,   -12.1, ,     -.3,E,   -18.8,E,      .2, ,    15.3, ,     1.7, 
1983,   -13.3, ,   -10.3, ,    -6.3, ,     3.6, ,     8.9, ,    14.5, ,    17.2, ,    18.6, ,     8.6, ,     3.9, ,    -4.4, ,   -22.6, ,     1.5, ,   -11.9, ,     2.1, ,    16.8, ,     2.7, 
1984,   -11.7, ,    -6.1, ,    -6.1, ,     6.8, ,     9.0, ,    14.8, ,    18.0, ,    18.1, ,     8.1, ,     1.9, ,   -10.1, ,   -19.7, ,     1.9, ,   -13.5, ,     3.2, ,    17.0, ,      .0, 
1985,   -13.6, ,   -16.2, ,    -3.8, ,     4.2, ,    12.6, ,    12.2,E,    17.4, ,    14.4, ,     7.4, ,     3.1, ,   -15.9, ,   -10.8, ,      .9,E,   -16.5, ,     4.3, ,    14.7,E,    -1.8, 
1986,    -8.9,E,   -15.5, ,    -1.1, ,     3.1, ,    11.6, ,    14.7, ,    15.4, ,    16.3, ,     8.3, ,     6.0,E,   -10.6, ,    -9.1, ,     2.5,E,   -11.7,E,     4.5, ,    15.5, ,     1.2,E
1987,    -9.4, ,    -7.8, ,    -5.8, ,     6.8, ,    12.7, ,    17.1, ,    16.8, ,    13.3, ,    12.8, ,     4.6, ,    -1.4, ,    -8.1,E,     4.3,E,    -8.8, ,     4.6, ,    15.7, ,     5.3, 
1988,   -16.6, ,   -11.7, ,    -2.2, ,     5.3, ,    13.8, ,    18.0,E,    17.2, ,    15.3, ,    10.6, ,     4.6, ,    -5.5, ,   -10.9, ,     3.2,E,   -12.1,E,     5.6, ,    16.8,E,     3.2, 
1989,   -13.0, ,   -16.3, ,   -10.6, ,     4.3, ,    10.4,E,    15.3, ,    18.9, ,    17.1, ,    11.1, ,     4.7,E,    -5.5, ,   -13.1, ,     1.9,E,   -13.4, ,     1.4,E,    17.1, ,     3.4,E
1990,   -11.9, ,   -14.7, ,    -2.5, ,     4.3, ,    11.0, ,    16.1, ,    16.5, ,    16.5, ,    13.0, ,     2.4, ,    -8.9, ,   -19.1, ,     1.9, ,   -13.2, ,     4.3, ,    16.4, ,     2.2, 
1991,   -15.9,E,    -6.4,E,    -7.8,E,     5.7,E,    10.7, ,    15.2,E,    17.5, ,    19.9, ,    11.1, ,     -.1, ,    -8.6,E,   -11.8, ,     2.5,E,   -13.8,E,     2.9,E,    17.5,E,      .8,E
1992,    -9.8, ,    -9.1, ,      .4, ,     4.7, ,     9.6, ,    14.8, ,    15.6, ,    14.6, ,     8.8, , -9999.9,M,    -3.9,E,   -19.1,E, -9999.9,M,   -10.2, ,     4.9, ,    15.0, , -9999.9,M
1993,   -17.1, ,   -11.7, ,    -1.3, ,     4.9, ,    11.3, ,    13.5, ,    15.1,E,    15.2, ,     9.9,E,     4.5, ,    -6.3, ,    -9.6, ,     2.4,E,   -16.0,E,     5.0, ,    14.6,E,     2.7,E
1994,   -19.4, ,   -21.5,E,    -2.7,E,     4.4, ,    11.1, ,    14.6, ,    16.8, ,    15.7, ,    13.1, ,     4.4, ,    -6.7, ,   -14.6, ,     1.3,E,   -16.8,E,     4.3,E,    15.7, ,     3.6, 
1995,   -14.4, ,   -12.1, ,    -6.4, ,     1.1, ,    10.6, ,    16.1, ,    17.0, ,    14.2, ,    12.0, ,     4.1, ,   -10.6, ,   -16.6,E,     1.3,E,   -13.7, ,     1.8, ,    15.8, ,     1.8, 
1996,   -22.6, ,   -11.8,E,   -10.2, ,     3.5,E,     7.9, ,    14.7, ,    17.0, ,    17.7, ,     9.4, ,     2.5, ,   -12.6, ,   -18.6, ,     -.3,E,   -17.0,E,      .4,E,    16.5, ,     -.2, 
1997,   -19.6, ,   -10.1,E,    -8.1, ,      .9, ,    10.0, ,    15.7, ,    17.3, ,    17.3, ,    13.1, ,     3.2, ,    -3.6, ,    -4.8,E,     2.6,E,   -16.1,E,      .9, ,    16.8, ,     4.2, 
1998,   -19.1, ,    -6.8,E,    -7.5, ,     7.1, ,    13.8, ,    14.7, ,    18.3, ,    19.2, ,    12.5, ,     5.0, ,    -5.2, ,   -12.4, ,     3.3,E,   -10.2,E,     4.5, ,    17.4, ,     4.1, 
1999,   -16.4, ,   -10.1, ,    -5.0, ,     5.3, ,     9.4, ,    14.2, ,    15.4, ,    16.9, ,    10.2, ,     4.5, ,    -2.6, ,    -6.4, ,     3.0, ,   -13.0, ,     3.2, ,    15.5, ,     4.0, 
2000,   -15.7, ,   -10.0, ,    -3.5, ,     4.0, ,     9.6, ,    13.7, ,    17.3, ,    15.2, ,    10.9, ,     4.5, ,    -5.2, ,   -18.2,E,     1.9,E,   -10.7, ,     3.4, ,    15.4, ,     3.4, 
2001,    -6.0, ,   -14.7, ,    -2.3, ,     4.1, ,    11.6, ,    14.2, ,    17.6, ,    18.8, ,    12.9, ,     2.6, ,    -2.4, ,   -12.3, ,     3.7, ,   -13.0,E,     4.5, ,    16.9, ,     4.4, 
2002,   -14.1, ,    -7.2, ,   -12.9, ,    -1.5, ,     9.0, ,    17.4, ,    19.8, ,    16.2, ,    10.8, ,     -.2, ,    -3.2, ,    -8.7, ,     2.1, ,   -11.2, ,    -1.8, ,    17.8, ,     2.5, 
2003,   -15.2, ,   -13.7, ,    -8.9, ,     4.1, ,    11.1, ,    14.7, ,    18.7, ,    19.8, ,    10.8, ,     6.2,E,    -9.0, ,    -9.2, ,     2.5,E,   -12.5, ,     2.1, ,    17.7, ,     2.7,E
2004,   -18.6, ,    -8.7, ,    -3.6, ,     4.6, ,     8.3, ,    13.0, ,    16.7, ,    13.7, ,    10.1, ,     2.3, ,    -1.5, ,   -11.6, ,     2.1, ,   -12.2, ,     3.1, ,    14.5, ,     3.6, 
2005,   -16.9,E, -9999.9,M,    -4.4,E,     5.7, ,     9.6, ,    14.2, ,    16.6, ,    14.1, ,    10.5, ,     4.9, ,    -1.8, ,    -7.5, , -9999.9,M, -9999.9,M,     3.6,E,    15.0, ,     4.5, 
2006,    -7.5, ,   -10.3, ,    -7.5, ,     7.5, ,    11.5, ,    16.1, ,    19.0, ,    16.8, ,    11.6, ,     1.9, ,   -11.2, ,    -9.3, ,     3.2, ,    -8.4, ,     3.8, ,    17.3, ,      .8, 
2007,   -10.6, ,   -18.1, ,    -5.4,E,     3.8, ,    10.9, ,    14.6, ,    20.4, , -9999.9,M,    10.4,E,     5.2, ,    -6.0, , -9999.9,M, -9999.9,M,   -12.7, ,     3.1,E, -9999.9,M,     3.2,E
2008,   -15.6, ,   -14.6, ,    -6.2, ,     -.1, ,    11.4, ,    15.5, ,    17.0, ,    16.0, ,    11.0, ,     6.2, ,    -2.1, ,   -17.7, ,     1.7, , -9999.9,M,     1.7, ,    16.2, ,     5.0, 
2009,   -15.5, ,   -13.9, ,   -10.9, ,     2.4, ,     9.2, ,    14.2, ,    16.1, ,    15.9, ,    15.4, ,     1.0, ,     -.4, ,   -19.3, ,     1.2, ,   -15.7, ,      .2, ,    15.4, ,     5.3, 
2010,   -12.7, ,   -12.1, ,     -.7, ,     5.1, ,     9.5, ,    15.3, ,    17.1, ,    15.3, ,     9.6, ,     6.4, ,    -7.7, ,   -15.5, ,     2.5, ,   -14.7, ,     4.6, ,    15.9, ,     2.8, 
2011,   -14.6, , -9999.9,M,   -10.8, ,     2.8, ,    11.3, ,    15.1, ,    17.0, , -9999.9,M,    14.0, ,     6.2, ,    -6.0, ,    -5.6, , -9999.9,M, -9999.9,M,     1.1, , -9999.9,M,     4.7, 
2012,   -10.1, ,    -9.0, ,    -1.6, ,     4.0, ,    10.4, ,    15.8, ,    18.6, ,    17.2, ,    12.9, ,      .9, ,    -8.9, ,   -17.4, ,     2.7, ,    -8.2, ,     4.3, ,    17.2, ,     1.6, 
