4013660,KELLIHER       ,SK, station joined    , Monthly mean of homogenized daily mean temperature                     , °C,          Updated to December 2012
4013660,KELLIHER       ,SK, station jointe    , Moyenne mensuelle des températures homogénéisées moyennes quotidiennes , °C, Mise à jour jusqu à décembre 2012
Year,     Jan, ,     Feb, ,     Mar, ,     Apr, ,     May, ,     Jun, ,     Jul, ,     Aug, ,     Sep, ,     Oct, ,     Nov, ,     Dec, ,  Annual, ,  Winter, ,  Spring, ,  Summer, ,  Autumn
Year,    Janv, ,     Fév, ,    Mars, ,     Avr, ,     Mai, ,    Juin, ,    Juil, ,    Août, ,    Sept, ,     Oct, ,     Nov, ,     Déc, ,  Annuel, ,   Hiver, ,Printemp, ,     Eté, , Automne
1908,   -13.9, ,   -14.0, ,   -14.7, ,      .6, ,     7.6, ,    11.3, ,    15.6, ,    13.0, ,     9.9, ,     1.9, ,    -4.4, ,   -13.5, ,     -.1, , -9999.9,M,    -2.2, ,    13.3, ,     2.5, 
1909,   -22.2, ,   -19.3, ,   -10.0, ,    -4.6, ,     8.1, ,    13.5, ,    16.4, ,    15.8, ,    12.3, ,     2.5, , -9999.9,M,   -17.4, , -9999.9,M,   -18.3, ,    -2.2, ,    15.2, , -9999.9,M
1910,   -15.7, ,   -19.5, ,     -.5, ,     4.6, ,     6.5, ,    14.9, ,    16.4, ,    13.1, ,     8.3, ,     3.9, ,    -9.7, , -9999.9,M, -9999.9,M,   -17.5, ,     3.5, ,    14.8, ,      .8, 
1911, -9999.9,M,   -17.6, ,    -7.2, , -9999.9,M, -9999.9,M, -9999.9,M,    13.3, , -9999.9,M, -9999.9,M, -9999.9,M, -9999.9,M, -9999.9,M, -9999.9,M, -9999.9,M, -9999.9,M, -9999.9,M, -9999.9,M
1912,   -25.0, ,   -15.7, ,   -15.5, ,     2.4, ,     8.3, ,    14.6, , -9999.9,M,    14.3, ,     6.8, ,     3.4, , -9999.9,M,   -12.8, , -9999.9,M, -9999.9,M,    -1.6, , -9999.9,M, -9999.9,M
1913,   -23.6, ,   -19.9, ,   -15.5, ,     3.5, ,     7.3, ,    15.1, ,    14.8, ,    15.2, ,    10.7, ,      .2, ,    -3.6, ,    -8.2, ,     -.3, ,   -18.8, ,    -1.6, ,    15.0, ,     2.4, 
1914,   -15.8, ,   -22.9, ,    -9.0, ,     1.1, ,     9.0, ,    13.5, ,    19.7, , -9999.9,M,    10.6, ,     6.1, ,    -5.2, ,   -17.4, , -9999.9,M,   -15.6, ,      .4, , -9999.9,M,     3.8, 
1915,   -18.1, ,   -11.0, ,    -7.7, ,     7.2, ,     8.5, ,    11.0, ,    13.2, ,    15.9, ,     7.8, ,     4.5, ,    -6.8, ,   -13.2, ,      .9, ,   -15.5, ,     2.7, ,    13.4, ,     1.8, 
1916,   -27.0, ,   -16.7, ,   -11.6, ,      .5, ,     7.4, ,    11.6, , -9999.9,M,    13.4, ,     8.7, ,      .1, ,    -5.0, ,   -19.3, , -9999.9,M,   -19.0, ,    -1.2, , -9999.9,M,     1.3, 
1917,   -24.0, ,   -23.3, , -9999.9,M,    -2.6, ,     8.9, ,    11.8, , -9999.9,M,    14.0, ,     9.5, ,    -1.0, ,      .7, ,   -24.3, , -9999.9,M,   -22.2, , -9999.9,M, -9999.9,M,     3.1, 
1918,   -20.8, ,   -17.2, ,    -4.7, ,     3.1, ,     5.5, ,    14.0, ,    14.2, ,    14.9, ,     7.2, ,     3.9, ,    -4.2, ,   -13.9, ,      .2, ,   -20.8, ,     1.3, ,    14.4, ,     2.3, 
1919,   -11.8, ,   -21.4, ,   -14.3, ,     3.1, ,    11.0, ,    15.9, , -9999.9,M,    15.5, , -9999.9,M,    -4.1, ,   -12.0, ,   -17.4, , -9999.9,M,   -15.7, ,     -.1, , -9999.9,M, -9999.9,M
1920,   -21.4, ,   -13.2, ,   -10.4, ,    -5.9, ,     9.7, , -9999.9,M,    17.0, ,    16.2, ,    10.6, ,     5.6, ,    -4.1, ,   -12.6, , -9999.9,M,   -17.3, ,    -2.2, , -9999.9,M,     4.0, 
1921,   -15.3, ,   -13.2, ,   -11.0, ,     1.1, ,     9.1, ,    16.9, ,    17.5, ,    14.8, ,     9.7, ,     4.7, ,   -10.4, ,   -13.5, ,      .9, ,   -13.7, ,     -.3, ,    16.4, ,     1.3, 
1922,   -18.3, ,   -22.9, ,    -9.3, ,     1.4, ,    11.0, , -9999.9,M,    15.5, ,    16.5, ,    11.5, ,     3.5, ,    -3.6, ,   -18.9, , -9999.9,M,   -18.2, ,     1.0, , -9999.9,M,     3.8, 
1923,   -18.5, ,   -20.1, ,   -14.9, ,    -2.2, ,     9.1, ,    15.7, , -9999.9,M,    13.6, ,    10.7, ,     3.7, ,    -1.5, ,   -10.1, , -9999.9,M,   -19.2, ,    -2.7, , -9999.9,M,     4.3, 
1924,   -21.8, ,   -11.4, ,    -8.0, ,      .0, ,     5.5, ,    11.5, ,    16.6, ,    13.2, ,    10.0, ,     6.7, ,    -8.6, ,   -20.6, ,     -.6, ,   -14.4, ,     -.8, ,    13.8, ,     2.7, 
1925,   -18.6, , -9999.9,M,   -10.2, ,     3.4, ,     9.8, ,    12.4, , -9999.9,M,    15.3, ,     9.9, ,    -2.7, ,    -5.6, ,   -10.8, , -9999.9,M, -9999.9,M,     1.0, , -9999.9,M,      .5, 
1926,   -11.4, ,   -10.6, ,    -7.7, ,     1.9, ,    10.6, ,    11.8, ,    17.2, ,    14.0, ,     6.6, ,     1.3, ,   -10.7, ,   -16.8, ,      .5, ,   -10.9, ,     1.6, ,    14.3, ,     -.9, 
1927,   -18.4, ,   -17.3, ,    -7.2, ,      .5, ,     6.6, ,    13.9, ,    15.8, ,    14.6, ,     9.4, , -9999.9,M,   -13.1, ,   -22.8, , -9999.9,M,   -17.5, ,      .0, ,    14.8, , -9999.9,M
1928,   -14.4, ,   -12.7, ,    -8.7, ,    -2.4, ,    11.2, , -9999.9,M,    16.4, ,    13.4, ,     8.9, ,     1.8, ,    -3.7, ,    -9.2, , -9999.9,M,   -16.6, ,      .0, , -9999.9,M,     2.3, 
1929,   -25.6, ,   -20.1, ,    -6.7, ,      .7, ,     6.0, ,    13.2, ,    16.8, ,    16.0, ,     7.6, ,     5.6, ,    -7.0, ,   -17.0, ,     -.9, ,   -18.3, ,      .0, ,    15.3, ,     2.1, 
1930,   -23.5, ,   -11.8, ,    -9.9, ,     3.8, ,     7.4, ,    14.1, ,    17.5, ,    17.5, ,     9.6, ,      .3, ,    -5.8, ,    -9.2, ,      .8, ,   -17.4, ,      .4, ,    16.4, ,     1.4, 
1931,   -10.5, ,    -6.5, ,    -8.3, ,     3.5, ,     8.8, ,    16.5, ,    17.7, ,    15.7, ,    10.8, ,     5.3, ,    -6.1, ,    -9.3, ,     3.1, ,    -8.7, ,     1.3, ,    16.6, ,     3.3, 
1932,   -16.7, , -9999.9,M,   -13.1, ,     2.8, ,    10.8, ,    16.0, ,    17.4, ,    16.2, ,    10.5, ,      .2, ,    -9.6, ,   -15.8, , -9999.9,M, -9999.9,M,      .2, ,    16.5, ,      .4, 
1933,   -18.0, ,   -18.9, ,    -8.7, ,      .5, ,    10.4, ,    16.8, ,    17.3, ,    16.0, ,    10.3, ,      .6, ,    -6.8, ,   -20.9, ,     -.1, ,   -17.6, ,      .7, ,    16.7, ,     1.4, 
1934,   -13.6, ,   -11.3, ,    -7.7, ,     3.4, ,    11.9, ,    13.2, ,    15.8, ,    14.7, ,     6.0, ,     5.3, ,    -3.8, ,   -15.4, ,     1.5, ,   -15.3, ,     2.5, ,    14.6, ,     2.5, 
1935,   -22.8, ,    -9.7, ,   -10.8, ,      .0, ,     7.9, ,    12.2, ,    19.1, ,    13.7, ,     9.7, , -9999.9,M, -9999.9,M,   -13.8, , -9999.9,M,   -16.0, ,    -1.0, ,    15.0, , -9999.9,M
1936,   -25.5, ,   -29.5, ,    -7.8, ,    -2.4, ,    12.5, ,    13.9, ,    20.5, ,    16.1, ,    10.7, ,     1.2, ,    -4.5, ,   -14.9, ,     -.8, ,   -22.9, ,      .8, ,    16.8, ,     2.5, 
1937,   -27.0, ,   -18.4, ,    -8.3, ,     2.5, ,    10.8, ,    15.8, ,    20.0, ,    17.5, ,    10.5, ,     3.6, ,    -7.1, ,   -15.8, ,      .3, ,   -20.1, ,     1.7, ,    17.8, ,     2.3, 
1938,   -16.5, ,   -18.7, ,    -3.7, ,      .7, , -9999.9,M,    14.4, ,    17.6, ,    15.5, ,    14.0, ,     7.3, ,    -9.3, ,   -12.8, , -9999.9,M,   -17.0, , -9999.9,M,    15.8, ,     4.0, 
1939,   -14.7, ,   -23.9, ,   -10.5, ,     1.6, ,    11.7, ,    11.6, ,    18.5, ,    16.9, ,    10.6, ,      .9, ,    -1.1, ,    -6.5, ,     1.3, ,   -17.1, ,      .9, ,    15.7, ,     3.5, 
1940,   -17.5, ,   -13.7, ,    -8.6, ,     1.1, ,    11.6, ,    13.5, ,    16.9, ,    16.2, ,    13.7, ,     6.9, ,    -9.5, ,   -12.1, ,     1.5, ,   -12.6, ,     1.4, ,    15.5, ,     3.7, 
1941,   -16.9, ,   -16.0, ,    -9.1, ,     3.0, ,    11.5, ,    15.8, ,    18.5, ,    15.9, ,     9.3, ,     4.2, ,    -5.0, ,   -11.1, ,     1.7, ,   -15.0, ,     1.8, ,    16.7, ,     2.8, 
1942,   -12.0, ,   -14.1, ,    -6.0, ,     3.1, ,     8.8, ,    12.6, ,    15.3, ,    15.3, ,     9.0, ,     5.4, ,    -8.2, ,   -17.5, ,     1.0, ,   -12.4, ,     2.0, ,    14.4, ,     2.1, 
1943,   -21.7, ,   -13.2, ,   -13.8, ,     4.0, ,     7.2, ,    12.3, ,    18.1, ,    15.2, ,     9.7, ,     7.2, ,    -3.1, ,    -9.6, ,     1.0, ,   -17.5, ,     -.9, ,    15.2, ,     4.6, 
1944,   -11.1, ,   -16.2, ,   -13.1, ,     3.8, ,    12.0, ,    13.2, ,    16.8, ,    15.5, ,    11.2, ,     7.4, , -9999.9,M, -9999.9,M, -9999.9,M,   -12.3, ,      .9, ,    15.2, , -9999.9,M
1945, -9999.9,M, -9999.9,M, -9999.9,M, -9999.9,M,     5.5, ,    11.7, ,    15.8, ,    15.5, ,     8.1, ,     3.9, ,   -10.8, ,   -18.3, , -9999.9,M, -9999.9,M, -9999.9,M,    14.3, ,      .4, 
1946,   -16.6, ,   -19.4, ,    -4.4, ,     4.6, ,     8.2, ,    12.7, ,    17.1, ,    14.8, ,     9.1, , -9999.9,M, -9999.9,M, -9999.9,M, -9999.9,M,   -18.1, ,     2.8, ,    14.9, , -9999.9,M
1947, -9999.9,M, -9999.9,M, -9999.9,M, -9999.9,M, -9999.9,M, -9999.9,M, -9999.9,M, -9999.9,M, -9999.9,M, -9999.9,M,    -8.0, ,   -14.6, , -9999.9,M, -9999.9,M, -9999.9,M, -9999.9,M, -9999.9,M
1948,   -16.6, ,   -19.6, ,   -13.0, ,    -4.0, ,     9.4, ,    14.1, ,    17.5, ,    17.3, ,    12.8, ,     6.0, , -9999.9,M, -9999.9,M, -9999.9,M,   -16.9, ,    -2.5, ,    16.3, , -9999.9,M
1949, -9999.9,M, -9999.9,M, -9999.9,M, -9999.9,M, -9999.9,M, -9999.9,M, -9999.9,M, -9999.9,M, -9999.9,M, -9999.9,M, -9999.9,M, -9999.9,M, -9999.9,M, -9999.9,M, -9999.9,M, -9999.9,M, -9999.9,M
1950, -9999.9,M, -9999.9,M, -9999.9,M, -9999.9,M, -9999.9,M, -9999.9,M, -9999.9,M,    15.5, ,    11.5, ,     4.0, ,    -9.8, ,   -15.1, , -9999.9,M, -9999.9,M, -9999.9,M, -9999.9,M,     1.9, 
1951,   -20.1, ,   -15.8, ,   -13.7, ,      .2, ,    11.4, , -9999.9,M,    16.4, ,    14.4, ,     9.2, , -9999.9,M, -9999.9,M, -9999.9,M, -9999.9,M,   -17.0, ,     -.7, , -9999.9,M, -9999.9,M
1952, -9999.9,M, -9999.9,M, -9999.9,M, -9999.9,M, -9999.9,M, -9999.9,M, -9999.9,M, -9999.9,M, -9999.9,M,     3.7, ,    -2.9, ,    -9.5, , -9999.9,M, -9999.9,M, -9999.9,M, -9999.9,M, -9999.9,M
1953,   -16.0, ,   -13.2, ,    -8.7, ,     -.8, ,     8.0, ,    14.8, , -9999.9,M, -9999.9,M, -9999.9,M,     8.0, ,     -.9, ,   -10.4, , -9999.9,M,   -12.9, ,     -.5, , -9999.9,M, -9999.9,M
1954,   -24.5, ,    -5.9, , -9999.9,M,    -3.7, ,     7.1, ,    13.2, ,    17.6, ,    15.2, ,     9.7, ,     3.6, ,     -.9, , -9999.9,M, -9999.9,M,   -13.6, , -9999.9,M,    15.3, ,     4.1, 
1955, -9999.9,M,   -17.2, ,   -14.2, ,     4.8, ,    10.0, ,    15.3, ,    18.5, ,    17.7, ,     9.6, ,     5.1, ,   -13.6, ,   -19.4, , -9999.9,M, -9999.9,M,      .2, ,    17.2, ,      .4, 
1956,   -18.7, ,   -18.4, ,   -12.2, ,    -2.5, ,     9.9, ,    17.3, ,    16.4, ,    15.9, ,     9.6, ,     4.5, ,    -4.1, ,   -14.5, ,      .3, ,   -18.8, ,    -1.6, ,    16.5, ,     3.3, 
1957,   -21.0, ,   -16.2, ,    -9.1, ,      .6, ,    11.5, ,    13.8, ,    19.4, ,    15.5, ,    10.9, ,     3.1, ,    -4.6, ,   -11.3, ,     1.1, ,   -17.2, ,     1.0, ,    16.2, ,     3.1, 
1958,   -11.4, ,   -16.3, ,    -6.7, ,     4.3, ,    11.8, ,    12.9, ,    16.7, ,    17.6, ,    10.6, ,     4.8, ,    -6.8, ,   -14.6, ,     1.9, ,   -13.0, ,     3.1, ,    15.7, ,     2.9, 
1959,   -22.1, ,   -16.6, ,    -2.9, ,     3.1, ,     8.6, ,    15.4, ,    18.4, ,    17.0, ,     9.3, ,      .5, ,    -9.0, ,    -6.8, ,     1.2, ,   -17.8, ,     2.9, ,    16.9, ,      .3, 
1960,   -18.6, ,   -15.4, ,   -11.7, ,     2.2, ,    10.6, ,    13.3, ,    19.4, ,    17.4, ,    12.3, ,     5.0, ,    -6.4, ,   -11.8, ,     1.4, ,   -13.6, ,      .4, ,    16.7, ,     3.6, 
1961,   -14.9, ,   -10.8, ,    -3.9, ,     1.0, ,    10.5, ,    18.0, ,    18.5, ,    19.8, ,     8.0, ,     3.8, ,    -6.3, ,   -19.8, ,     2.0, ,   -12.5, ,     2.5, ,    18.8, ,     1.8, 
1962,   -18.5, ,   -19.8, ,    -9.2, ,     2.2, ,     9.0, ,    16.4, ,    15.9, ,    16.6, ,    10.4, ,     6.4, ,    -1.3, ,   -12.0, ,     1.3, ,   -19.4, ,      .7, ,    16.3, ,     5.2, 
1963,   -21.2, ,   -14.9, ,    -4.9, ,     3.7, ,     8.4, ,    14.1, ,    18.6, ,    18.0, ,    13.5, ,     9.7, ,    -4.3, ,   -14.9, ,     2.2, ,   -16.0, ,     2.4, ,    16.9, ,     6.3, 
1964,   -14.2, ,    -9.1, ,   -13.2, ,     4.2, ,    11.0, ,    14.4, ,    19.0, ,    14.8, ,     8.7, ,     5.4, ,    -6.6, ,   -20.0, ,     1.2, ,   -12.7, ,      .7, ,    16.1, ,     2.5, 
1965,   -20.7, ,   -18.3, ,   -14.9, ,     2.1, ,     8.4, ,    15.0, ,    16.9, ,    16.6, ,     4.7, ,     6.4, ,    -8.1, ,   -11.6, ,     -.3, ,   -19.7, ,    -1.5, ,    16.2, ,     1.0, 
1966,   -26.6, ,   -17.5, ,    -6.1, ,     -.8, ,     9.0, ,    14.2, ,    17.8, ,    15.5, ,    12.2, ,     4.1, , -9999.9,M,   -13.8, , -9999.9,M,   -18.6, ,      .7, ,    15.8, , -9999.9,M
1967,   -18.4, ,   -17.6, ,   -11.6, ,    -2.9, ,     8.1, ,    14.0, ,    17.2, ,    17.5, ,    15.0, ,     3.2, ,    -5.5, ,   -14.3, ,      .4, ,   -16.6, ,    -2.1, ,    16.2, ,     4.2, 
1968,   -18.6, ,   -13.6, ,    -2.4, ,     3.2, ,     8.8, ,    13.6, ,    16.3, ,    13.8, ,    11.6, ,     4.0, ,    -3.6, ,   -17.4, ,     1.3, ,   -15.5, ,     3.2, ,    14.6, ,     4.0, 
1969,   -25.5, ,   -14.8, ,   -11.0, ,     5.6, ,     9.6, ,    11.4, ,    15.6, ,    17.9, ,    11.0, ,     -.2, ,    -4.7, ,   -10.0, ,      .4, ,   -19.2, ,     1.4, ,    15.0, ,     2.0, 
1970,   -20.0, ,   -15.2, ,   -12.8, ,      .7, ,     8.1, ,    17.4, ,    18.1, ,    17.0, ,    10.2, ,     3.2, ,    -7.9, ,   -19.0, ,      .0, ,   -15.1, ,    -1.3, ,    17.5, ,     1.8, 
1971,   -22.8, ,   -13.4, ,    -9.6, ,     2.1, ,    11.3, ,    14.9, ,    14.9, ,    18.4, ,    10.5, ,     3.3, ,    -6.3, ,   -17.5, ,      .5, ,   -18.4, ,     1.3, ,    16.1, ,     2.5, 
1972,   -23.7, ,   -20.6, ,    -8.2, ,     2.3, ,    12.1, ,    16.1, ,    14.3, ,    18.3, ,     6.5,E,      .5,E,    -6.2, ,   -20.1, ,     -.7,E,   -20.6, ,     2.1, ,    16.2, ,      .3,E
1973,   -13.0, ,   -14.2, ,    -1.4, ,      .6, ,     9.5, ,    14.8, ,    16.8, ,    17.6, ,     9.9, ,     5.3, ,   -12.5, ,   -16.5, ,     1.4, ,   -15.8, ,     2.9, ,    16.4, ,      .9, 
1974,   -23.1, ,   -14.8, ,   -13.2, ,     1.2, ,     6.3, ,    15.9, ,    18.5, ,    13.9, ,     8.4, ,     6.0, ,    -3.4, ,    -7.6, ,      .7, ,   -18.1, ,    -1.9, ,    16.1, ,     3.7, 
1975,   -15.1, ,   -16.7, ,   -11.8, ,     -.9, ,     9.3, ,    14.3, ,    20.1, ,    14.0, ,     9.7, ,     4.3, ,    -4.1, ,   -12.8, ,      .9, ,   -13.1, ,    -1.1, ,    16.1, ,     3.3, 
1976,   -15.4, ,   -11.9, ,   -10.3, ,     5.3, ,    12.0, ,    15.1, ,    17.8, ,    17.3, ,    12.5, ,     1.5, ,    -5.8, ,   -15.0, ,     1.9, ,   -13.4, ,     2.3, ,    16.7, ,     2.7, 
1977,   -20.7, ,    -7.0, ,    -3.3, ,     6.9, ,    14.4, ,    15.9, ,    17.3, ,    13.1, ,    10.2, ,     5.8, ,    -6.8, ,   -18.8, ,     2.3, ,   -14.2, ,     6.0, ,    15.4, ,     3.1, 
1978,   -22.0, ,   -16.3, ,    -6.8, ,     3.1, ,    12.4, ,    15.7, ,    17.2, ,    15.8, ,    11.6, ,     5.6, ,    -9.5, ,   -16.4, ,      .9, ,   -19.0, ,     2.9, ,    16.2, ,     2.6, 
1979,   -21.5, ,   -23.1, ,    -9.0, ,    -2.7, ,     7.5, ,    15.7, ,    20.0, ,    16.5, ,    12.8, ,     4.4, ,    -5.3, ,   -10.5, ,      .4, ,   -20.3, ,    -1.4, ,    17.4, ,     4.0, 
1980,   -18.5, ,   -14.1, ,    -9.8, ,     8.4, ,    14.6, ,    15.0, ,    17.9, ,    14.8, ,    10.7, ,     4.9, ,    -2.6, ,   -15.7, ,     2.1, ,   -14.4, ,     4.4, ,    15.9, ,     4.3, 
1981,   -10.9, ,    -9.9, ,     -.6, ,     4.5, ,    10.9,E,    14.3, ,    18.4, ,    19.3, ,    12.3, ,     3.0, ,     -.2, ,   -13.4, ,     4.0,E,   -12.2, ,     4.9,E,    17.3, ,     5.0, 
1982,   -25.8, ,   -15.5, ,    -8.4, ,     1.4, ,     9.7,E,    14.2, ,    17.4, ,    15.8, ,    10.8, ,     4.6, ,    -8.0, ,   -11.9, ,      .4,E,   -18.2, ,      .9,E,    15.8, ,     2.5, 
1983,   -12.7, ,   -11.6, ,    -8.0, ,      .2, ,     7.5, ,    14.7, ,    18.3, ,    20.3, ,     9.5, ,     4.8, ,    -3.6, ,   -22.6, ,     1.4, ,   -12.1, ,     -.1, ,    17.8, ,     3.6, 
1984,   -13.8, ,    -5.8, ,    -7.5, ,     5.9, ,     8.7, ,    15.4, ,    18.4, ,    19.5,E,     7.4, ,     1.7,E,    -8.5, ,   -19.8,E,     1.8,E,   -14.1, ,     2.4, ,    17.8,E,      .2,E
1985,   -17.0, ,   -17.0, ,    -4.9, ,     5.0,E,    11.8, ,    11.4, ,    17.2, ,    14.2, ,     7.1, ,     3.3, ,   -15.7, ,   -14.9,E,      .0,E,   -17.9,E,     4.0,E,    14.3, ,    -1.8, 
1986,   -10.4, ,   -15.5, ,    -2.4, ,     2.5, ,    12.0, ,    15.1, ,    16.6,E,    16.3, ,     8.5, ,     4.8, ,   -10.0, ,    -9.6, ,     2.3,E,   -13.6,E,     4.0, ,    16.0,E,     1.1, 
1987,    -9.9, ,    -8.0, ,    -4.3, ,     7.3, ,    12.9, ,    17.0, ,    16.7,E,    13.9, ,    12.4, ,     2.9, ,    -1.3, ,    -8.7, ,     4.2,E,    -9.2, ,     5.3, ,    15.9,E,     4.7, 
1988,   -17.9, ,   -13.7,E,    -4.9, ,     4.3, ,    13.3, ,    20.5, ,    18.5, ,    16.2, ,    10.1, ,     3.5, ,    -5.5, ,   -11.7,E,     2.7,E,   -13.4,E,     4.2, ,    18.4, ,     2.7, 
1989,   -13.8, ,   -18.8, ,   -10.8, ,     3.7, ,    12.0, ,    15.0, ,    20.3,E,    17.9, ,    11.1, ,     3.9,E,    -6.9, ,   -17.2, ,     1.4,E,   -14.8,E,     1.6, ,    17.7,E,     2.7,E
1990,   -12.5, ,   -14.8, ,    -4.6, ,     2.3, ,    10.3, ,    16.0,E,    17.0,E,    17.3, ,    13.1, ,     3.0,E,    -7.3, ,   -18.6, ,     1.8,E,   -14.8, ,     2.7, ,    16.8,E,     2.9,E
1991,   -18.1,E,    -7.7,E,    -6.2,E,     5.6,E,    10.8,E,    16.3,E,    17.9,E,    18.8,E,    10.6, ,      .1, ,    -8.2,E,   -11.4, ,     2.4,E,   -14.8,E,     3.4,E,    17.7,E,      .8,E
1992,   -10.8, ,    -9.7,E,    -2.2, ,     3.1,E,    10.2, ,    14.0, ,    14.9,E,    14.4, ,     9.2, ,     4.1, ,    -3.6,E,   -17.5, ,     2.2,E,   -10.6,E,     3.7,E,    14.4,E,     3.2,E
1993,   -16.0, ,   -13.4,E,    -2.1, ,     3.7,E,    10.8,E,    13.4,E,    15.1,E,    15.3,E,     8.9, ,     3.1, ,    -8.3, ,   -10.9,E,     1.6,E,   -15.6,E,     4.1,E,    14.6,E,     1.2, 
1994,   -22.0,E,   -19.9, ,    -2.4,E,     3.6, ,    11.2, ,    15.2,E,    16.4, ,    15.4, ,    13.4, ,     5.9, ,    -3.6,E,   -11.4, ,     1.8,E,   -17.6,E,     4.1,E,    15.7,E,     5.2,E
1995,   -14.4,E,   -12.7,E,    -6.6,E,     -.8, ,     9.8, ,    17.4, ,    17.1, ,    15.9, ,    11.5, ,     4.4, ,   -10.1,E,   -15.3, ,     1.4,E,   -12.8,E,      .8,E,    16.8, ,     1.9,E
1996,   -22.0, , -9999.9,M,   -10.9,E,     1.1, ,     8.1,E,    16.1, ,    17.2,E,    18.0, ,    10.0, ,     3.2, ,   -11.7, ,   -19.0, , -9999.9,M, -9999.9,M,     -.6,E,    17.1,E,      .5, 
1997,   -20.7, ,   -11.4,E,    -8.7, ,      .8, ,     9.5, ,    17.2, ,    18.4, ,    17.8, ,    13.3, ,     3.5, ,    -4.6,E,    -5.5,E,     2.5,E,   -17.0,E,      .5, ,    17.8, ,     4.1,E
1998,   -17.3, ,    -5.5,E,    -7.7, ,     7.2, ,    11.9, ,    13.5, ,    18.2, ,    19.3, , -9999.9,M,     4.8, ,    -4.2, ,   -12.9, , -9999.9,M,    -9.4,E,     3.8, ,    17.0, , -9999.9,M
1999,   -16.8, ,    -9.3, ,    -4.7, ,     5.9, ,    10.3, ,    14.4, ,    16.7, ,    17.2, ,     9.8, ,     3.8, ,     -.8, ,    -6.9, ,     3.3, ,   -13.0, ,     3.8, ,    16.1, ,     4.3, 
2000,   -15.9, ,    -9.5, ,     -.7, ,     3.5, ,    10.3, ,    13.1, ,    18.7, ,    16.7, ,    11.3, ,     5.6, ,    -7.9, ,   -20.9, ,     2.0, ,   -10.8, ,     4.4, ,    16.2, ,     3.0, 
2001,    -9.5, ,   -18.0, ,    -5.5, ,     3.2, ,    11.6, ,    15.1, ,    19.0, ,    19.5, ,    13.2, ,     2.8, ,     -.6, ,   -11.5, ,     3.3, ,   -16.1, ,     3.1, ,    17.9, ,     5.1, 
2002,   -14.0, ,    -8.5, ,   -13.8, ,     -.9, ,     7.7, ,    16.2, ,    19.3, ,    16.0, ,    11.5, ,    -2.2, ,    -5.8, ,    -8.7, ,     1.4, ,   -11.3, ,    -2.3, ,    17.2, ,     1.2, 
2003,   -16.3, ,   -17.3, ,    -9.3, ,     4.5, ,    12.1, ,    16.0, ,    19.0, ,    20.1, ,    10.7, ,     5.9, ,   -10.5, ,    -9.4, ,     2.1, ,   -14.1, ,     2.4, ,    18.4, ,     2.0, 
2004,   -20.1, ,   -10.8, ,    -6.5, ,     3.6, ,     6.6, ,    13.0, ,    16.9, ,    13.7, ,    11.8, ,     3.2, ,    -2.0, ,   -13.1, ,     1.4, ,   -13.4, ,     1.2, ,    14.5, ,     4.3, 
2005,   -18.1, ,   -11.5, ,    -6.2, ,     6.0, ,     9.1, ,    15.1, ,    18.2, ,    15.7, ,    11.9, ,     5.0, ,    -3.7, ,    -9.0, ,     2.7, ,   -14.2, ,     3.0, ,    16.3, ,     4.4, 
2006,    -7.6, ,   -13.7, ,    -7.0, ,     7.7, ,    11.3, ,    16.6,E,    19.6,E,    18.2,E,    12.1, ,     1.3,E,    -7.6, ,   -10.4, ,     3.4,E,   -10.1, ,     4.0, ,    18.1,E,     1.9,E
2007,   -12.9, ,   -17.1, ,    -4.2,E,     3.3, ,    11.2, ,    15.1,E,    21.3, ,    15.4, ,    11.5,E,     5.7, ,    -6.2, ,   -15.0, ,     2.3,E,   -13.5, ,     3.4,E,    17.3,E,     3.7,E
2008,   -15.6, ,   -16.1, ,    -7.4, ,     2.8, ,     9.7, ,    14.8, ,    17.8, ,    17.7, ,    11.5, ,     5.5, ,    -3.7, ,   -19.3, ,     1.5, ,   -15.6, ,     1.7, ,    16.8, ,     4.4, 
2009,   -17.3, ,   -15.2, ,   -10.3, ,     2.0, ,     8.2, ,    14.7, ,    15.5, ,    16.0, ,    15.9, ,      .9, ,      .5, ,   -17.5, ,     1.1, ,   -17.3, ,      .0, ,    15.4, ,     5.8, 
2010,   -13.1, ,   -13.1, ,    -2.1, ,     6.6, ,     8.7, ,    15.5, ,    18.1, ,    16.6, ,    10.3, ,     6.6, ,    -7.1, ,   -15.3, ,     2.6, ,   -14.6, ,     4.4, ,    16.7, ,     3.3, 
2011,   -16.7, ,   -13.9, ,   -11.0, ,     1.6, ,    10.2, ,    15.0, ,    19.2, ,    18.3, ,    14.4, ,     6.8, ,    -5.7, ,    -8.3, ,     2.5, ,   -15.3, ,      .3, ,    17.5, ,     5.2, 
2012,   -10.9, ,    -9.5, ,     -.7, ,     3.7, ,     9.6, ,    16.0, ,    19.9, ,    17.6, ,    12.8, ,     1.7, ,    -8.4, ,   -17.1, ,     2.9, ,    -9.6, ,     4.2, ,    17.8, ,     2.0, 
