4019040,YELLOW GRASS   ,SK, station not joined, Monthly mean of homogenized daily mean temperature                     , °C,          Updated to December 2012
4019040,YELLOW GRASS   ,SK, station non-jointe, Moyenne mensuelle des températures homogénéisées moyennes quotidiennes , °C, Mise à jour jusqu à décembre 2012
Year,     Jan, ,     Feb, ,     Mar, ,     Apr, ,     May, ,     Jun, ,     Jul, ,     Aug, ,     Sep, ,     Oct, ,     Nov, ,     Dec, ,  Annual, ,  Winter, ,  Spring, ,  Summer, ,  Autumn
Year,    Janv, ,     Fév, ,    Mars, ,     Avr, ,     Mai, ,    Juin, ,    Juil, ,    Août, ,    Sept, ,     Oct, ,     Nov, ,     Déc, ,  Annuel, ,   Hiver, ,Printemp, ,     Eté, , Automne
1911, -9999.9,M, -9999.9,M, -9999.9,M, -9999.9,M, -9999.9,M, -9999.9,M, -9999.9,M,    14.5, ,     9.8, ,     4.2, ,   -10.0, ,   -11.4, , -9999.9,M, -9999.9,M, -9999.9,M, -9999.9,M,     1.3, 
1912,   -20.1, ,   -12.9, ,   -13.2, , -9999.9,M,    10.0, ,    16.7, ,    15.8, ,    15.8, ,     8.4, ,     4.8, ,     -.9, ,    -9.0, , -9999.9,M,   -14.8, , -9999.9,M,    16.1, ,     4.1, 
1913,   -19.7, ,   -16.1, ,   -10.2, ,     6.6, ,     9.5, ,    16.6, ,    16.3, ,    17.5, , -9999.9,M,     2.0, ,    -3.4, ,    -9.2, , -9999.9,M,   -14.9, ,     2.0, ,    16.8, , -9999.9,M
1914,   -12.7, ,   -18.9, ,    -5.8, ,     3.9, ,    10.9, ,    15.1, ,    21.3, ,    16.4, ,    13.4, ,     7.1, ,    -2.2, ,   -15.2, ,     2.8, ,   -13.6, ,     3.0, ,    17.6, ,     6.1, 
1915,   -14.8, ,    -8.3, ,    -5.9, ,     9.1, ,    10.4, ,    13.0, ,    15.3, ,    18.5, ,     9.2, ,     6.4, ,    -4.7, ,   -11.7, ,     3.0, ,   -12.8, ,     4.5, ,    15.6, ,     3.6, 
1916,   -25.7, ,   -17.1, ,   -11.8, ,     1.9, ,     8.6, ,    13.1, ,    19.8, ,    16.1, ,    10.3, ,     1.9, ,    -3.9, , -9999.9,M, -9999.9,M,   -18.2, ,     -.4, ,    16.3, ,     2.8, 
1917, -9999.9,M, -9999.9,M, -9999.9,M,      .8, ,    10.4, ,    14.9, ,    20.0, ,    16.9, ,    11.9, ,     -.4, ,     2.5, ,   -19.5, , -9999.9,M, -9999.9,M, -9999.9,M,    17.3, ,     4.7, 
1918,   -20.7, ,   -13.1, ,     -.5, ,     4.6, ,     8.4, ,    16.4, ,    17.0, ,    17.1, ,    10.0, ,     6.1, ,    -2.7, ,    -8.8, ,     2.8, ,   -17.8, ,     4.2, ,    16.8, ,     4.5, 
1919,    -7.3, ,   -18.3, ,   -11.4, ,     5.0, ,    12.4, ,    19.4, ,    20.1, ,    18.6, ,    12.1, ,    -3.9, ,   -11.3, , -9999.9,M, -9999.9,M,   -11.5, ,     2.0, ,    19.4, ,    -1.0, 
1920, -9999.9,M,   -12.2, ,    -8.3, ,    -1.4, ,    11.9, ,    17.8, ,    20.9, ,    20.1, ,    12.9, ,     7.4, ,    -3.5, ,   -10.5, , -9999.9,M, -9999.9,M,      .7, ,    19.6, ,     5.6, 
1921,   -11.4, ,    -9.2, ,    -5.9, ,     2.5, ,    11.0, ,    19.2, ,    19.4, ,    17.8, ,    12.0, ,     6.7, ,    -8.7, ,    -9.0, ,     3.7, ,   -10.4, ,     2.5, ,    18.8, ,     3.3, 
1922,   -16.1, ,   -22.3, ,    -5.6, ,     4.2, ,    12.0, ,    17.2, ,    17.8, ,    19.2, ,    14.7, ,     6.2, ,    -1.4, ,   -14.6, ,     2.6, ,   -15.8, ,     3.5, ,    18.1, ,     6.5, 
1923,   -15.1, ,   -18.1, ,    -8.0, ,     2.5, ,    11.6, ,    18.2, ,    20.5, ,    17.5, ,    13.8, ,     4.8, ,     1.7, ,    -8.9, ,     3.4, ,   -15.9, ,     2.0, ,    18.7, ,     6.8, 
1924,   -15.5, , -9999.9,M, -9999.9,M,     3.4, ,     7.6, ,    13.4, ,    17.5, ,    15.5, ,    11.9, ,     7.8, ,    -6.1, ,   -19.8, , -9999.9,M, -9999.9,M, -9999.9,M,    15.5, ,     4.5, 
1925,   -15.7, ,   -12.1, ,    -7.2, ,     6.5, ,    11.6, ,    15.2, ,    18.1, ,    18.1, ,    11.7, ,    -1.3, ,    -3.1, ,    -9.7, ,     2.7, ,   -15.9, ,     3.6, ,    17.1, ,     2.4, 
1926,   -10.0, , -9999.9,M,    -4.1, ,     5.4, ,    12.7, ,    14.4, ,    20.0, ,    15.8, ,     8.4, ,     4.4, ,    -8.5, ,   -15.7, , -9999.9,M, -9999.9,M,     4.7, ,    16.7, ,     1.4, 
1927,   -14.7, ,   -17.0, ,    -4.3, , -9999.9,M,     8.7, ,    16.3, ,    17.3, ,    16.8, ,    11.4, ,     6.6, ,   -12.0, ,   -21.7, , -9999.9,M,   -15.8, , -9999.9,M,    16.8, ,     2.0, 
1928,   -13.1, ,    -8.8, ,    -4.1, ,      .1, ,    13.9, ,    13.3, ,    18.0, ,    15.9, ,    10.3, ,     3.0, ,    -1.4, ,    -8.2, ,     3.2, ,   -14.5, ,     3.3, ,    15.7, ,     4.0, 
1929,   -21.7, ,   -17.9, ,     -.9, ,     3.3, ,     7.1, ,    15.3, ,    19.6, ,    19.2, ,    10.1, ,     6.9, ,    -5.4, ,   -14.5, ,     1.8, ,   -15.9, ,     3.2, ,    18.0, ,     3.9, 
1930,   -21.7, ,    -7.1, ,    -5.9, ,     7.0, ,     8.5, ,    15.7, ,    19.5, , -9999.9,M,    11.0, ,     1.6, ,    -4.9, ,    -6.4, , -9999.9,M,   -14.4, ,     3.2, , -9999.9,M,     2.6, 
1931,    -5.9, ,    -3.5, ,    -5.9, ,     6.2, ,    10.9, ,    18.5, ,    19.6, ,    18.1, ,    13.4, ,     6.3, ,    -4.5, ,    -7.8, ,     5.5, ,    -5.3, ,     3.7, ,    18.7, ,     5.1, 
1932,   -15.2, ,   -12.5, ,   -10.4, ,     6.5, , -9999.9,M,    17.6, ,    19.5, ,    17.5, ,    12.5, ,     1.0, ,    -6.5, ,   -12.9, , -9999.9,M,   -11.8, , -9999.9,M,    18.2, ,     2.3, 
1933,   -15.4, ,   -14.2, ,    -3.4, ,     2.7, ,    11.6, ,    19.0, ,    19.0, ,    18.5, ,    12.5, ,     2.4, ,    -2.0, ,   -16.2, ,     2.9, ,   -14.2, ,     3.6, ,    18.8, ,     4.3, 
1934,    -9.5, ,    -7.8, ,    -4.1, ,     5.1, ,    15.1, ,    15.0, ,    19.4, ,    17.1, ,     8.2, ,     7.4, ,    -1.7, ,   -11.4, ,     4.4, ,   -11.2, ,     5.4, ,    17.2, ,     4.6, 
1935,   -19.2, ,    -9.0, , -9999.9,M,     1.8, ,     9.2, ,    14.3, ,    20.7, ,    16.3, ,    12.1, ,     3.8, ,   -10.2, ,   -10.9, , -9999.9,M,   -13.2, , -9999.9,M,    17.1, ,     1.9, 
1936,   -22.6, ,   -28.2, ,    -6.3, ,      .0, ,    14.6, ,    16.3, ,    23.6, ,    17.1, ,    12.9, ,     2.9, ,    -3.5, ,   -12.6, ,     1.2, ,   -20.6, ,     2.8, ,    19.0, ,     4.1, 
1937,   -27.6, , -9999.9,M,    -7.3, ,     4.7, ,    11.9, ,    18.0, ,    21.4, ,    19.5, ,    12.7, ,     5.7, ,    -5.3, ,   -13.0, , -9999.9,M, -9999.9,M,     3.1, ,    19.6, ,     4.4, 
1938,   -14.5, ,   -17.1, ,    -1.9, ,     4.5, ,     9.9, ,    16.6, ,    19.4, ,    18.2, ,    15.7, ,     8.4, ,    -6.7, ,    -9.8, ,     3.6, ,   -14.9, ,     4.2, ,    18.1, ,     5.8, 
1939,   -12.6, ,   -22.0, ,    -7.7, ,     4.4, ,    13.5, ,    13.5, ,    20.4, ,    18.2, ,    13.2, ,     2.4, ,      .4, ,    -5.2, ,     3.2, ,   -14.8, ,     3.4, ,    17.4, ,     5.3, 
1940,   -19.6, ,   -12.6, ,    -6.9, ,     1.1, ,    12.7, ,    14.8, ,    19.3, ,    18.4, ,    14.5, ,     8.6, ,    -8.6, ,   -10.1, ,     2.6, ,   -12.5, ,     2.3, ,    17.5, ,     4.8, 
1941,   -14.9, ,   -15.2, ,    -7.6, ,     4.8, ,    12.6, ,    16.8, ,    20.0, ,    17.8, ,    10.6, ,     5.5, ,    -2.9, ,    -8.9, ,     3.2, ,   -13.4, ,     3.3, ,    18.2, ,     4.4, 
1942,    -8.5, ,   -12.0, ,    -4.0, ,     5.3, ,     9.7, ,    14.0, ,    17.6, ,    17.0, ,    10.6, ,     6.1, ,    -4.5, ,   -14.9, ,     3.0, ,    -9.8, ,     3.7, ,    16.2, ,     4.1, 
1943,   -21.2, , -9999.9,M, -9999.9,M,     6.6, ,     8.7, ,    13.3, ,    19.9, ,    17.9, ,    11.7, ,     7.4, ,    -1.8, ,    -6.7, , -9999.9,M, -9999.9,M, -9999.9,M,    17.0, ,     5.8, 
1944,    -8.9, ,   -13.5, ,   -11.6, ,     5.1, ,    13.6, ,    14.8, ,    17.8, ,    17.1, ,    12.1, ,     7.7, ,    -5.5, ,   -11.9, ,     3.1, ,    -9.7, ,     2.4, ,    16.6, ,     4.8, 
1945,   -13.4, ,   -12.5, ,    -1.4, ,      .2, ,     5.5, ,    14.0, ,    18.3, ,    17.7, ,    10.1, ,     5.3, ,    -9.5, ,   -15.7, ,     1.6, ,   -12.6, ,     1.4, ,    16.7, ,     2.0, 
1946,   -12.9, ,   -13.7, ,    -1.4, ,     7.3, ,     9.1, ,    15.0, ,    19.4, ,    17.1, ,    11.3, ,     2.7, ,    -8.1, ,   -15.1, ,     2.6, ,   -14.1, ,     5.0, ,    17.2, ,     2.0, 
1947,   -14.0, ,   -19.5, ,   -11.0, ,     3.9, ,     9.1, ,    15.1, ,    21.3, ,    18.0, ,    10.9, ,     8.5, , -9999.9,M,   -12.2, , -9999.9,M,   -16.2, ,      .7, ,    18.1, , -9999.9,M
1948,   -13.3, ,   -17.5, ,   -12.7, ,    -1.4, ,    12.7, ,    16.4, ,    18.8, ,    19.3, ,    15.0, ,     6.4, ,    -3.3, ,   -15.9, ,     2.0, ,   -14.3, ,     -.5, ,    18.2, ,     6.0, 
1949,   -20.8, ,   -20.3, ,    -7.9, ,     8.5, ,    12.6, ,    15.2, ,    18.3, ,    20.5, ,    11.2, ,     4.3, ,     2.5, ,   -14.8, ,     2.4, ,   -19.0, ,     4.4, ,    18.0, ,     6.0, 
1950,   -27.4, ,   -14.2, ,    -9.6, ,      .1, ,     9.4, ,    14.9, ,    17.3, ,    16.0, ,    12.1, ,     5.8, , -9999.9,M,   -13.5, , -9999.9,M,   -18.8, ,      .0, ,    16.1, , -9999.9,M
1951,   -19.1, ,   -17.2, ,   -16.3, ,      .3, ,    12.5, ,    13.8, ,    18.7, ,    15.2, ,    10.2, ,     3.3, ,    -7.0, ,   -17.8, ,     -.3, ,   -16.6, ,    -1.2, ,    15.9, ,     2.2, 
1952,   -18.4, ,   -11.1, , -9999.9,M,     8.5, ,    11.2, ,    15.0, , -9999.9,M,    16.6, ,    13.4, ,     4.8, , -9999.9,M,    -8.2, , -9999.9,M,   -15.8, , -9999.9,M, -9999.9,M, -9999.9,M
1953,   -13.1, ,   -10.1, ,    -5.5, ,      .7, ,     9.4, ,    15.7, ,    18.3, ,    18.5, ,    12.2, ,     8.9, ,      .6, ,    -7.9, ,     4.0, ,   -10.5, ,     1.5, ,    17.5, ,     7.2, 
1954,   -23.0, ,    -2.5, ,    -6.6, ,     -.8, ,     7.8, ,    13.4, ,    18.3, ,    16.5, ,    10.5, ,     5.4, ,     1.2, ,    -5.4, ,     2.9, ,   -11.1, ,      .1, ,    16.1, ,     5.7, 
1955, -9999.9,M,   -15.1, ,   -11.7, ,     6.2, ,    10.7, ,    15.0, ,    18.9, ,    18.6, ,    10.6, ,     6.3, ,   -13.0, ,   -17.4, , -9999.9,M, -9999.9,M,     1.7, ,    17.5, ,     1.3, 
1956,   -17.8, ,   -16.8, ,    -9.5, ,      .1, ,    10.6, ,    18.1, ,    17.1, ,    16.9, ,    10.7, ,     5.4, ,    -3.2, ,   -11.9, ,     1.6, ,   -17.3, ,      .4, ,    17.4, ,     4.3, 
1957,   -18.9, ,   -12.9, ,    -5.9, ,     3.4, ,    12.6, ,    15.0, ,    20.7, ,    17.0, ,    12.3, ,     3.0, ,    -3.6, ,    -7.7, ,     2.9, ,   -14.6, ,     3.4, ,    17.6, ,     3.9, 
1958,    -8.6, ,   -13.7, ,    -7.4, ,     6.0, ,    13.3, ,    13.8, ,    17.7, ,    19.3, ,    12.0, ,     5.8, ,    -5.7, ,   -12.2, ,     3.4, ,   -10.0, ,     4.0, ,    16.9, ,     4.0, 
1959,   -19.3, ,   -15.3, ,     -.4, ,     4.2, ,     9.3, ,    17.4, ,    19.9, ,    18.2, ,    10.7, ,     1.4, ,    -7.0, ,    -6.6, ,     2.7, ,   -15.6, ,     4.4, ,    18.5, ,     1.7, 
1960,   -18.0, ,   -15.0, ,   -10.4, ,     4.3, ,    11.8, ,    15.0, ,    20.7, ,    18.7, ,    13.8, ,     5.8, ,    -6.0, ,   -10.8, ,     2.5, ,   -13.2, ,     1.9, ,    18.1, ,     4.5, 
1961,   -11.9, ,   -10.5, ,    -2.8, ,     2.0, ,    11.1, ,    18.7, ,    19.6, ,    21.3, ,     8.8, ,     4.7, ,    -3.9, ,   -17.9, ,     3.3, ,   -11.1, ,     3.4, ,    19.9, ,     3.2, 
1962,   -15.5, ,   -16.9, ,    -9.0, ,     5.3, ,     9.9, ,    17.4, ,    17.0, ,    18.2, ,    11.7, ,     7.2, ,      .4, ,    -9.5, ,     3.0, ,   -16.8, ,     2.1, ,    17.5, ,     6.4, 
1963,   -19.9, ,   -12.5, ,    -1.8, ,     4.5, ,     9.8, ,    16.2, ,    20.3, ,    19.1, ,    15.6, ,    10.8, ,    -3.1, ,   -13.2, ,     3.8, ,   -14.0, ,     4.2, ,    18.5, ,     7.8, 
1964,   -10.6, ,    -6.8, ,   -11.1, ,     5.5, ,    12.1, ,    15.2, ,    20.4, ,    17.0, ,    10.7, ,     6.6, ,    -5.8, ,   -20.7, ,     2.7, ,   -10.2, ,     2.2, ,    17.5, ,     3.8, 
1965,   -19.7, ,   -16.8, ,   -13.0, ,     4.2, ,    10.0, ,    16.4, ,    19.2, ,    18.7, ,     6.3, ,     7.6, ,    -7.3, ,    -9.5, ,     1.3, ,   -19.1, ,      .4, ,    18.1, ,     2.2, 
1966,   -24.1, ,   -15.3, ,    -2.4, ,      .8, ,    11.1, ,    15.7, ,    20.6, ,    17.3, ,    14.2, ,     5.4, ,    -9.7, ,   -11.8, ,     1.8, ,   -16.3, ,     3.2, ,    17.9, ,     3.3, 
1967,   -14.5, ,   -16.2, ,    -9.1, ,      .3, ,     9.9, ,    15.4, ,    19.4, ,    19.1, ,    15.7, ,     5.1, ,    -2.6, ,   -11.7, ,     2.6, ,   -14.2, ,      .4, ,    18.0, ,     6.1, 
1968,   -16.4, ,   -12.3, ,      .4, ,     4.1, ,     9.8, ,    15.3, ,    18.8, ,    15.3, ,    12.5, ,     5.1, ,    -2.6, ,   -15.3, ,     2.9, ,   -13.5, ,     4.8, ,    16.5, ,     5.0, 
1969,   -23.9, ,   -14.7, ,   -10.3, ,     6.0, ,    11.2, ,    12.9, ,    17.8, ,    20.1, ,    12.9, ,     1.8, ,    -2.0, ,    -9.5, ,     1.9, ,   -18.0, ,     2.3, ,    16.9, ,     4.2, 
1970,   -18.8, ,   -13.2, ,   -11.7, ,     1.8, ,     9.0, ,    18.8, ,    20.2, ,    18.4, ,    11.7, ,     3.9, ,    -6.8, ,   -16.1, ,     1.4, ,   -13.8, ,     -.3, ,    19.1, ,     2.9, 
1971,   -20.6, ,   -11.5, ,    -6.7, ,     4.1, ,    11.6, ,    16.1, ,    16.4, ,    20.1, ,    12.6, ,     4.9, ,    -3.7, ,   -15.8, ,     2.3, ,   -16.1, ,     3.0, ,    17.5, ,     4.6, 
1972,   -19.2, ,   -17.4, ,    -6.3, ,     4.2, ,    12.5, ,    17.4, ,    16.2, ,    20.0, ,     9.3, ,     3.4, ,    -3.4, ,   -16.0, ,     1.7, ,   -17.5, ,     3.5, ,    17.9, ,     3.1, 
1973,    -8.6, ,    -9.0, ,     1.6, ,     3.0, ,    11.6, ,    16.5, ,    19.4, ,    20.4, ,    11.5, ,     6.7, , -9999.9,M,   -14.0, , -9999.9,M,   -11.2, ,     5.4, ,    18.8, , -9999.9,M
1974,   -18.4, ,   -11.9, ,   -10.0, ,     2.2, ,     8.5, ,    17.7, ,    20.6, ,    15.3, ,     9.8, ,     7.2, ,    -1.9, ,    -6.2, ,     2.7, ,   -14.8, ,      .2, ,    17.9, ,     5.0, 
1975,   -13.8, ,   -15.0, ,    -8.8, ,     -.1, ,    11.2, ,    16.3, ,    21.9, ,    16.1, ,    11.4, ,     6.1, ,    -3.9, ,   -12.6, ,     2.4, ,   -11.7, ,      .8, ,    18.1, ,     4.5, 
1976,   -13.6, ,    -8.4, ,    -8.1, ,     6.2, ,    13.0, ,    16.5, ,    19.4, ,    19.0, ,    13.6, ,     4.3, ,    -5.1, ,   -12.1, ,     3.7, ,   -11.5, ,     3.7, ,    18.3, ,     4.3, 
1977,   -20.1, ,    -4.2, ,    -1.3, ,     8.3, ,    15.5, ,    16.8, ,    19.1, ,    14.7, ,    11.4, ,     6.8, ,    -5.3, , -9999.9,M, -9999.9,M,   -12.1, ,     7.5, ,    16.9, ,     4.3, 
1978, -9999.9,M,   -16.3, ,    -4.6, ,     4.9, ,    13.0, ,    16.8, ,    18.3, ,    17.0, ,    14.0, ,     6.6, ,    -8.1, ,   -15.3, , -9999.9,M, -9999.9,M,     4.4, ,    17.4, ,     4.2, 
1979,   -21.8, ,   -21.4, ,    -7.3, ,    -1.6, ,     8.2, ,    17.1, ,    20.0, ,    16.9, ,    13.8, ,     6.0,E,    -4.9, ,    -6.9, ,     1.5,E,   -19.5, ,     -.2, ,    18.0, ,     5.0,E
1980,   -16.5, ,   -12.2, ,    -6.6, ,     8.4, ,    14.4, ,    16.5, ,    19.5, ,    15.7, ,    11.7, ,     5.4, ,    -1.0, ,   -13.1, ,     3.5, ,   -11.9, ,     5.4, ,    17.2, ,     5.4, 
1981,   -10.5, ,    -8.1,E,      .3, ,     6.3, ,    11.9, ,    14.7, ,    19.9, ,    19.8, ,    12.6, ,     4.0, ,      .1,E,   -13.4,E,     4.8,E,   -10.6,E,     6.2, ,    18.1, ,     5.6,E
1982,   -25.8,E,   -15.4,E,    -9.2,E,      .9,E,    10.1,E,    15.2, ,    18.2, ,    17.0,E, -9999.9,M,     4.9, ,    -6.4, , -9999.9,M, -9999.9,M,   -18.2,E,      .6,E,    16.8,E, -9999.9,M
1983,   -10.6, ,    -8.7,E,    -6.5, ,     1.7, ,     9.4, ,    16.1, ,    20.5, ,    22.1, ,    11.0, ,     5.9,E,    -1.0, ,   -21.1,E,     3.2,E, -9999.9,M,     1.5, ,    19.6, ,     5.3,E
1984,   -11.1,E,    -3.7, ,    -5.1,E,     6.5,E,    10.6,E,    16.7, ,    20.6,E,    21.7,E,     9.0, ,     3.0,E,    -6.1, ,   -16.5,E,     3.8,E,   -12.0,E,     4.0,E,    19.7,E,     2.0,E
1985,   -15.9, ,   -14.7,E,     -.7, ,     7.1,E,    13.1, ,    13.2, , -9999.9,M,    16.5,E,     9.0, ,     4.9, ,   -12.7,E,   -12.9, , -9999.9,M,   -15.7,E,     6.5,E, -9999.9,M,      .4,E
1986,    -7.8, , -9999.9,M, -9999.9,M,     4.1,E,    12.8, ,    16.7, ,    17.8, ,    17.5, ,     9.7, ,     5.9,E,    -7.2,E, -9999.9,M, -9999.9,M, -9999.9,M, -9999.9,M,    17.3, ,     2.8,E
1987,    -8.2, ,    -5.4,E, -9999.9,M,     9.2,E,    14.8, ,    18.3, , -9999.9,M,    15.6, ,    13.7,E,     5.4,E,     -.7,E,    -5.8,E, -9999.9,M, -9999.9,M, -9999.9,M, -9999.9,M,     6.1,E
1988,   -15.3,E,   -12.0, ,    -2.3, ,     5.6,E,    14.5, ,    23.2,E,    20.4,E,    18.8, ,    11.6,E,     5.6,E,    -4.5,E, -9999.9,M, -9999.9,M,   -11.0,E,     5.9,E,    20.8,E,     4.2,E
1989,   -13.8, ,   -19.2,E,   -10.3, , -9999.9,M,    12.6,E, -9999.9,M, -9999.9,M, -9999.9,M, -9999.9,M, -9999.9,M,    -3.3, ,   -14.3, , -9999.9,M, -9999.9,M, -9999.9,M, -9999.9,M, -9999.9,M
1990,    -8.0, ,    -9.5,E,    -1.2, ,     4.8,E,    11.2,E,    16.7,E,    17.5,E,    18.9, ,    14.9,E,     5.1, ,    -4.3,E,   -15.6,E,     4.2,E,   -10.6,E,     4.9,E,    17.7,E,     5.2,E
1991,   -15.7,E,    -4.6,E,    -3.7,E,     7.0,E,    12.0,E,    18.0,E,    19.3,E,    20.2,E,    12.4, ,     2.9,E,    -5.6,E,    -9.3,E,     4.4,E,   -12.0,E,     5.1,E,    19.2,E,     3.2,E
1992,    -8.0,E,    -5.8, ,      .2,E,     4.9,E,    11.9,E,    16.0,E,    15.9,E,    15.7,E,    11.3,E, -9999.9,M,    -2.6,E,   -15.0,E, -9999.9,M,    -7.7,E,     5.7,E,    15.9,E, -9999.9,M
1993,   -15.5,E,   -11.7,E,    -1.7,E,     5.0,E,    11.8,E,    14.4,E,    15.7,E,    16.5,E,    10.6,E,     4.4, ,    -6.8, ,    -8.8,E,     2.8,E,   -14.1,E,     5.0,E,    15.5,E,     2.7,E
1994,   -19.8, ,   -19.6, ,    -1.3,E,     4.9, ,    13.1, ,    16.4, ,    17.7, ,    17.7,E,    14.6, ,     7.0, ,    -2.9,E,   -10.1,E,     3.1,E,   -16.1,E,     5.6,E,    17.3,E,     6.2,E
1995,   -14.1, ,    -9.5, ,    -4.0, ,     1.8,E,    10.5, ,    18.2, ,    18.7, ,    17.6,E,    11.8,E,     5.3,E,    -7.0, ,   -14.8, ,     2.9,E,   -11.2,E,     2.8,E,    18.2,E,     3.4,E
1996,   -21.3,E,   -11.5,E,   -10.1, ,     1.8,E,     9.0, ,    17.2,E,    18.2,E,    19.3,E,    11.1,E,     3.5,E,   -10.9, ,   -17.8, ,      .7,E,   -15.9,E,      .2,E,    18.2,E,     1.2,E
1997,   -20.1, ,   -10.1, ,    -8.6, ,     1.9, ,    10.6, ,    19.2, ,    19.8,E,    19.0,E,    15.1, ,     5.3, ,    -3.2, ,    -3.7,E,     3.8,E,   -16.0, ,     1.3, ,    19.3,E,     5.7, 
1998,   -15.2,E,    -3.5, ,    -6.9, ,     8.1, ,    12.8,E,    14.8, ,    19.9, ,    21.1, ,    15.4, ,     6.3, ,    -3.1, ,   -11.2, ,     4.9,E,    -7.5,E,     4.7,E,    18.6, ,     6.2, 
1999,   -15.7, ,    -7.5, ,    -4.2, ,     6.3, ,    11.4, ,    16.1,E,    18.9, ,    19.0, ,    11.2, ,     5.8, ,     1.8, ,    -4.2, ,     4.9,E,   -11.5, ,     4.5, ,    18.0,E,     6.3, 
2000,   -14.2, ,    -8.5, ,      .7, ,     4.9, ,    11.8, ,    14.6, ,    20.1, ,    18.9, ,    12.6, ,     6.3, ,    -8.2, ,   -18.1, ,     3.4, ,    -9.0, ,     5.8, ,    17.9, ,     3.6, 
2001,    -8.6, ,   -17.0, ,    -3.9, ,     4.8, ,    12.6, ,    16.1, ,    19.5, ,    20.2, ,    14.4, ,     3.8, ,      .5, ,   -11.2, ,     4.3, ,   -14.6, ,     4.5, ,    18.6, ,     6.2, 
2002,   -11.6, ,    -6.5, ,   -11.8, ,      .2, ,     8.4, ,    16.6, ,    20.5, ,    16.8, ,    13.3, ,     -.1, ,    -3.6, ,    -7.2, ,     2.9, ,    -9.8, ,    -1.1, ,    18.0, ,     3.2, 
2003,   -13.8, ,   -15.1, ,    -7.0, ,     5.4, ,    11.5, ,    16.1, ,    20.6, ,    21.4, ,    12.0, ,     7.2, ,   -11.0, ,    -9.5, ,     3.2, ,   -12.0, ,     3.3, ,    19.4, ,     2.7, 
2004,   -18.4, ,   -11.5, ,    -3.7, ,     4.9, ,     7.8, ,    13.7, ,    17.5, ,    14.9, ,    12.4, ,     4.7, ,     -.1, ,    -9.0, ,     2.8, ,   -13.1, ,     3.0, ,    15.4, ,     5.7, 
2005,   -16.5,E,    -9.6, ,    -3.2, ,     7.6, ,    10.2, ,    17.0, ,    19.6, ,    17.8, ,    13.7, ,     6.3, ,    -1.7, ,    -8.4, ,     4.4,E,   -11.7,E,     4.9, ,    18.1, ,     6.1, 
2006,    -3.7, ,    -9.8, ,    -2.9, ,     8.5, ,    12.7, ,    17.5, ,    21.3, ,    19.8,E,    13.1, ,     2.7, ,    -4.8, ,    -8.7,E,     5.5,E,    -7.3, ,     6.1, ,    19.5,E,     3.7, 
2007,   -10.7, ,   -15.4,E,     -.4,E,     4.6, ,    12.4,E,    17.0,E,    23.2,E,    18.1,E,    13.3,E,     7.1, ,    -3.2, , -9999.9,M, -9999.9,M,   -11.6,E,     5.5,E,    19.4,E,     5.7,E
2008, -9999.9,M, -9999.9,M,    -4.2, ,     4.6, ,    10.9, ,    15.3, , -9999.9,M,    19.5, ,    12.8, ,     6.3, ,    -1.1, ,   -16.3, , -9999.9,M, -9999.9,M,     3.8, , -9999.9,M,     6.0, 
2009,   -17.1, ,   -14.1, ,    -8.3, ,     3.7, ,    10.0, ,    15.8, ,    17.1, ,    16.9, ,    17.0, ,     2.6, ,     1.0, ,   -17.7, ,     2.2, ,   -15.8, ,     1.8, ,    16.6, ,     6.9, 
2010,   -12.0, ,   -13.8, ,     -.6, ,     7.3, ,     9.8, ,    16.6, ,    19.2, ,    18.1, ,    11.9, ,     7.6, ,    -5.9, ,   -12.9, ,     3.8, ,   -14.5, ,     5.5, ,    18.0, ,     4.5, 
2011,   -14.2, ,   -13.3, ,    -9.3, ,     3.0, ,    10.7, ,    16.4, ,    20.7, ,    20.4, ,    15.4, ,     8.5, ,    -3.0, ,    -4.4, ,     4.2, ,   -13.5, ,     1.5, ,    19.2, ,     7.0, 
2012,    -7.3, ,    -5.7, ,     2.2, ,     6.2, ,    11.6, ,    17.9, ,    22.0, ,    19.8, ,    14.5, ,     3.1, ,    -5.2, ,   -14.0, ,     5.4, ,    -5.8, ,     6.7, ,    19.9, ,     4.1, 
