5010485,BRANDON        ,MB, station not joined, Monthly mean of homogenized daily mean temperature                     , °C,          Updated to December 2012
5010485,BRANDON        ,MB, station non-jointe, Moyenne mensuelle des températures homogénéisées moyennes quotidiennes , °C, Mise à jour jusqu à décembre 2012
Year,     Jan, ,     Feb, ,     Mar, ,     Apr, ,     May, ,     Jun, ,     Jul, ,     Aug, ,     Sep, ,     Oct, ,     Nov, ,     Dec, ,  Annual, ,  Winter, ,  Spring, ,  Summer, ,  Autumn
Year,    Janv, ,     Fév, ,    Mars, ,     Avr, ,     Mai, ,    Juin, ,    Juil, ,    Août, ,    Sept, ,     Oct, ,     Nov, ,     Déc, ,  Annuel, ,   Hiver, ,Printemp, ,     Eté, , Automne
1890,   -25.4, ,   -21.3, ,   -12.7, ,     3.8, ,     6.0, ,    18.0, ,    17.8, ,    14.6, ,    10.1, ,     5.8, ,    -1.4, ,    -9.0, ,      .5, , -9999.9,M,    -1.0, ,    16.8, ,     4.8, 
1891,   -12.8, ,   -21.4, ,   -12.0, ,     7.3, ,     9.9, ,    14.3, ,    15.4, ,    15.9, ,    13.6, ,     4.9, ,    -9.2, ,   -11.2, ,     1.2, ,   -14.4, ,     1.7, ,    15.2, ,     3.1, 
1892,   -20.3, ,   -18.1, ,    -7.4, ,     1.4, ,     7.0, ,    14.5, ,    18.6, ,    17.5, ,    13.0, ,     6.3, ,    -9.5, ,   -18.6, ,      .4, ,   -16.5, ,      .3, ,    16.9, ,     3.3, 
1893,   -21.6, ,   -22.4, ,   -13.7, ,    -2.9, ,    10.6, ,    16.7, ,    17.7, ,    17.7, ,    11.6, ,     1.9, ,    -8.8, ,   -21.5, ,    -1.2, ,   -20.9, ,    -2.0, ,    17.4, ,     1.6, 
1894,   -24.4, ,   -18.1, ,   -10.1, ,     3.9, ,    10.8, ,    19.0, ,    19.4, ,    18.2, ,    10.9, , -9999.9,M,    -7.3, ,   -11.6, , -9999.9,M,   -21.3, ,     1.5, ,    18.9, , -9999.9,M
1895,   -23.6, ,   -17.7, ,    -8.5, ,     8.8, ,    11.7, ,    14.1, ,    17.4, ,    15.7, ,    10.1, ,     2.9, ,    -9.8, ,   -14.2, ,      .6, ,   -17.6, ,     4.0, ,    15.7, ,     1.1, 
1896,   -20.6, ,   -12.9, ,   -10.7, ,     2.3, ,    12.1, ,    16.6, ,    17.6, ,    15.7, ,    10.2, ,     2.5, ,   -16.1, ,   -12.4, ,      .4, ,   -15.9, ,     1.2, ,    16.6, ,    -1.1, 
1897,   -19.4, ,   -18.9, ,   -14.6, ,     3.9, ,    12.1, ,    15.4, ,    19.1, ,    16.7, ,    16.4, ,     6.1, ,    -9.8, ,   -16.5, ,      .9, ,   -16.9, ,      .5, ,    17.1, ,     4.2, 
1898,   -16.5, ,   -16.2, ,   -10.0, ,     3.5, ,    10.9, ,    15.2, ,    17.7, ,    16.2, ,    12.1, ,     2.5, ,    -8.7, ,   -14.1, ,     1.1, ,   -16.4, ,     1.5, ,    16.4, ,     2.0, 
1899,   -20.1, ,   -22.2, ,   -17.6, ,     1.2, ,     8.8, ,    15.2, ,    18.5, ,    15.8, ,    11.3, ,     4.0, ,      .4, ,   -13.5, ,      .2, ,   -18.8, ,    -2.5, ,    16.5, ,     5.2, 
1900,   -13.2, ,   -20.3, ,   -10.2, ,     8.7, ,    13.8, ,    17.6, ,    17.7, ,    18.7, ,    11.6, ,     8.1, ,    -9.6, ,   -12.0, ,     2.6, ,   -15.7, ,     4.1, ,    18.0, ,     3.4, 
1901,   -19.7, ,   -18.4, ,    -7.8, ,     5.7, ,    14.6, ,    13.7, ,    19.5, ,    17.8, ,    10.2, ,     6.6, ,    -5.7, ,   -12.8, ,     2.0, ,   -16.7, ,     4.2, ,    17.0, ,     3.7, 
1902,   -12.9, ,   -13.3, ,    -4.7, ,     2.6, ,    12.1, ,    13.0, ,    18.7, ,    17.0, ,    10.2, ,     4.7, ,    -6.1, ,   -18.4, ,     1.9, ,   -13.0, ,     3.3, ,    16.2, ,     2.9, 
1903,   -17.4, ,   -19.4, ,   -10.2, ,     4.6, ,    10.7, ,    15.9, ,    17.0, ,    16.0, ,     7.9, ,     6.5, ,    -7.0, ,   -14.5, ,      .8, ,   -18.4, ,     1.7, ,    16.3, ,     2.5, 
1904,   -18.7, ,   -22.7, ,   -12.4, ,     2.1, ,    11.7, ,    15.2, ,    16.4, ,    14.9, ,    10.1, ,     5.8, ,     -.5, ,   -13.8, ,      .7, ,   -18.6, ,      .5, ,    15.5, ,     5.1, 
1905,   -21.2, ,   -16.9, ,    -2.4, ,     3.4, ,     9.3, ,    14.1, ,    17.5, ,    18.2, ,    12.9, ,     2.1, ,    -2.5, ,   -11.0, ,     2.0, ,   -17.3, ,     3.4, ,    16.6, ,     4.2, 
1906,   -14.7, ,   -16.7, ,    -8.1, ,     7.7, ,     9.2, ,    16.6, ,    18.7, ,    17.7, ,    14.8, ,     5.3, ,    -5.0, ,   -18.0, ,     2.3, ,   -14.1, ,     2.9, ,    17.7, ,     5.0, 
1907,   -25.7, ,   -15.9, ,    -9.1, ,    -2.6, ,     4.3, ,    15.1, ,    17.3, ,    15.1, ,     8.7, ,     4.4, ,    -4.4, ,   -11.8, ,     -.4, ,   -19.9, ,    -2.5, ,    15.8, ,     2.9, 
1908,   -13.7, ,   -13.7, ,   -12.2, ,     4.0, ,     9.8, ,    14.6, ,    18.4, ,    14.9, ,    13.3, ,     4.2, ,    -3.1, ,   -13.1, ,     2.0, ,   -13.1, ,      .5, ,    16.0, ,     4.8, 
1909,   -20.1, ,   -17.9, ,    -8.8, ,    -1.6, ,    10.1, ,    15.2, ,    18.9, ,    19.1, ,    14.2, ,     4.0, ,    -6.7, ,   -17.3, ,      .8, ,   -17.0, ,     -.1, ,    17.7, ,     3.8, 
1910,   -15.6, ,   -19.5, ,     1.5, ,     5.8, ,     7.9, ,    18.2, ,    19.5, ,    16.3, ,    11.4, ,     7.2, ,    -7.6, ,   -14.8, ,     2.5, ,   -17.5, ,     5.1, ,    18.0, ,     3.7, 
1911,   -25.5, ,   -17.6, ,    -5.5, ,     5.4, ,    11.4, ,    18.0, ,    16.9, ,    15.7, ,    10.7, ,     5.3, ,   -11.9, ,   -11.8, ,      .9, ,   -19.3, ,     3.8, ,    16.9, ,     1.4, 
1912,   -24.8, ,   -15.0, ,   -12.1, ,     4.9, ,    11.0, ,    16.9, ,    17.4, ,    15.6, ,    10.0, ,     5.3, ,    -1.4, ,   -12.4, ,     1.3, ,   -17.2, ,     1.3, ,    16.6, ,     4.6, 
1913,   -22.6, ,   -19.3, ,   -14.0, ,     6.9, ,     9.4, ,    17.2, ,    16.8, ,    17.7, ,    12.2, ,     1.2, ,    -2.4, ,    -9.0, ,     1.2, ,   -18.1, ,      .8, ,    17.2, ,     3.7, 
1914,   -16.5, ,   -23.2, ,    -6.6, ,     2.1, ,    10.5, ,    14.3, ,    21.4, ,    16.7, ,    13.0, ,     8.6, ,    -4.5, ,   -16.1, ,     1.6, ,   -16.2, ,     2.0, ,    17.5, ,     5.7, 
1915,   -18.1, ,   -10.3, ,    -4.9, ,     8.8, ,    11.1, ,    13.2, ,    16.0, ,    18.2, ,    10.6, ,     6.3, ,    -5.9, ,   -13.7, ,     2.6, ,   -14.8, ,     5.0, ,    15.8, ,     3.7, 
1916,   -25.1, ,   -18.3, ,   -11.2, ,     1.7, ,     9.4, ,    13.6, ,    20.8, ,    16.9, ,    11.3, ,     2.2, ,    -4.3, ,   -17.8, ,     -.1, ,   -19.0, ,      .0, ,    17.1, ,     3.1, 
1917,   -23.2, ,   -21.4, ,    -6.9, ,      .8, ,     9.8, ,    14.4, ,    20.1, ,    16.5, ,    12.3, ,      .1, ,      .7, ,   -20.4, ,      .2, ,   -20.8, ,     1.2, ,    17.0, ,     4.4, 
1918,   -20.4, ,   -17.2, ,    -2.1, ,     5.3, ,     7.9, ,    16.0, ,    16.9, ,    17.0, ,     9.2, ,     5.7, ,    -3.3, ,   -12.2, ,     1.9, ,   -19.3, ,     3.7, ,    16.6, ,     3.9, 
1919,   -12.7, ,   -17.2, ,   -12.1, ,     4.3, ,    13.3, ,    18.7, ,    19.4, ,    18.4, ,    12.3, ,    -1.4, ,   -12.2, ,   -17.0, ,     1.2, ,   -14.0, ,     1.8, ,    18.8, ,     -.4, 
1920,   -22.2, ,   -15.2, ,   -10.0, ,    -2.2, ,    11.2, ,    15.7, ,    18.5, ,    19.4, ,    12.9, ,     7.4, ,    -4.2, ,   -13.6, ,     1.5, ,   -18.1, ,     -.3, ,    17.9, ,     5.4, 
1921,   -14.8, ,   -12.7, ,    -9.4, ,     2.1, ,    11.1, ,    18.9, ,    20.5, ,    17.7, ,    12.1, ,     6.5, ,    -8.2, ,   -12.5, ,     2.6, ,   -13.7, ,     1.3, ,    19.0, ,     3.5, 
1922,   -18.2, ,   -20.0, ,    -4.7, ,     5.1, ,    13.1, ,    17.1, ,    17.5, ,    18.6, ,    13.3, ,     5.3, ,    -2.5, ,   -18.3, ,     2.2, ,   -16.9, ,     4.5, ,    17.7, ,     5.4, 
1923,   -18.4, ,   -19.1, ,   -15.3, ,     -.7, ,    10.8, ,    17.9, ,    20.0, ,    14.8, ,    13.4, ,     4.7, ,     -.2, ,    -8.6, ,     1.6, ,   -18.6, ,    -1.7, ,    17.6, ,     6.0, 
1924,   -20.7, ,   -12.8, ,    -6.1, ,     1.3, ,     7.0, ,    13.3, ,    17.8, ,    15.2, ,    11.1, , -9999.9,M,    -7.1, ,   -19.9, , -9999.9,M,   -14.0, ,      .7, ,    15.4, , -9999.9,M
1925,   -18.0, ,   -16.4, ,    -6.9, ,     6.3, ,    10.5, ,    14.7, ,    18.0, ,    16.9, ,    11.6, ,     -.6, ,    -4.6, ,   -10.8, ,     1.7, ,   -18.1, ,     3.3, ,    16.5, ,     2.1, 
1926,   -11.7, ,   -10.5, ,    -7.1, ,     2.9, ,    12.9, ,    13.8, ,    18.7, ,    16.2, ,     9.3, ,     3.4, ,    -8.6, ,   -17.3, ,     1.8, ,   -11.0, ,     2.9, ,    16.2, ,     1.4, 
1927,   -18.8, ,   -16.7, ,    -5.5, ,     2.7, ,     7.9, ,    15.7, ,    17.6, ,    16.2, ,    12.5, ,     6.2, ,   -11.1, ,   -23.3, ,      .3, ,   -17.6, ,     1.7, ,    16.5, ,     2.5, 
1928,   -15.2, ,   -13.2, ,    -7.2, ,     -.2, ,    12.8, ,    14.1, ,    18.2, ,    15.9, ,    10.4, ,     3.5, ,    -2.6, ,    -9.1, ,     2.3, ,   -17.2, ,     1.8, ,    16.1, ,     3.8, 
1929,   -26.3, ,   -19.9, ,    -4.7, ,     3.0, ,     7.8, ,    14.9, ,    19.0, ,    17.9, ,     9.4, ,     6.7, ,    -6.9, ,   -15.8, ,      .4, ,   -18.4, ,     2.0, ,    17.3, ,     3.1, 
1930,   -22.6, ,   -11.2, ,    -6.8, ,     6.0, ,     9.4, ,    16.7, ,    19.7, ,    19.1, ,    11.1, ,     2.8, ,    -4.0, ,   -10.0, ,     2.5, ,   -16.5, ,     2.9, ,    18.5, ,     3.3, 
1931,   -10.8, ,    -6.0, ,    -6.1, ,     5.3, ,    10.5, ,    18.2, ,    18.9, ,    18.3, ,    13.7, ,     7.4, ,    -3.1, ,    -8.3, ,     4.8, ,    -8.9, ,     3.2, ,    18.5, ,     6.0, 
1932,   -16.1, ,   -15.0, ,   -11.0, ,     3.8, ,    12.8, ,    19.1, ,    18.7, ,    18.1, ,    11.9, ,     1.0, ,    -8.1, ,   -16.5, ,     1.6, ,   -13.1, ,     1.9, ,    18.6, ,     1.6, 
1933,   -17.0, ,   -17.4, ,    -7.2, ,     2.6, ,    12.4, ,    19.4, ,    20.1, ,    18.7, ,    12.4, ,     1.5, ,    -6.7, ,   -20.4, ,     1.5, ,   -17.0, ,     2.6, ,    19.4, ,     2.4, 
1934,   -13.6, ,   -11.6, ,    -6.3, ,     4.5, ,    14.1, ,    16.4, ,    19.3, ,    16.9, ,     9.6, ,     7.4, ,    -2.2, ,   -14.4, ,     3.3, ,   -15.2, ,     4.1, ,    17.5, ,     4.9, 
1935,   -22.1, ,   -10.2, ,    -7.8, ,     2.5, ,     9.9, ,    13.8, ,    21.7, ,    16.3, ,    11.0, ,     3.9, ,   -11.6, ,   -14.9, ,     1.0, ,   -15.6, ,     1.5, ,    17.3, ,     1.1, 
1936,   -25.6, ,   -27.5, ,    -7.2, ,     -.8, ,    14.2, ,    15.7, ,    23.4, ,    18.5, ,    12.8, ,     3.0, ,    -4.5, ,   -13.2, ,      .7, ,   -22.7, ,     2.1, ,    19.2, ,     3.8, 
1937,   -26.3, ,   -16.9, ,    -7.0, ,     3.4, ,    12.5, ,    16.9, ,    20.2, ,    19.4, ,    11.9, ,     5.3, ,    -6.0, ,   -15.7, ,     1.5, ,   -18.8, ,     3.0, ,    18.8, ,     3.7, 
1938,   -18.7, ,   -18.1, ,    -3.5, ,     2.8, ,    10.2, ,    16.1, ,    19.8, ,    18.8, ,    14.7, ,     7.4, ,    -8.3, ,   -12.3, ,     2.4, ,   -17.5, ,     3.2, ,    18.2, ,     4.6, 
1939,   -16.0, ,   -24.2, ,    -9.5, ,     3.6, ,    13.6, ,    13.6, ,    20.6, ,    19.0, ,    12.7, ,     2.5, ,     -.9, ,    -5.3, ,     2.5, ,   -17.5, ,     2.6, ,    17.7, ,     4.8, 
1940,   -17.4, ,   -12.6, ,    -7.8, ,     2.8, ,    11.4, ,    15.5, ,    20.4, ,    18.9, ,    15.5, ,     8.3, ,    -7.5, ,   -11.7, ,     3.0, ,   -11.8, ,     2.1, ,    18.3, ,     5.4, 
1941,   -16.2, ,   -15.3, ,    -7.3, ,     5.0, ,    13.1, ,    17.5, ,    20.5, ,    17.8, ,    11.3, ,     5.3, ,    -4.3, ,   -10.0, ,     3.1, ,   -14.4, ,     3.6, ,    18.6, ,     4.1, 
1942,   -10.3, ,   -14.5, ,    -2.3, ,     5.4, ,     9.3, ,    15.2, ,    17.7, ,    17.3, ,    11.0, ,     6.9, ,    -6.1, ,   -16.4, ,     2.8, ,   -11.6, ,     4.1, ,    16.7, ,     3.9, 
1943,   -22.0, ,   -13.7, ,   -12.4, ,     5.3, ,     8.6, ,    13.9, ,    20.2, ,    18.0, ,    11.6, ,     7.9, ,    -3.3, ,    -8.8, ,     2.1, ,   -17.4, ,      .5, ,    17.4, ,     5.4, 
1944,    -9.1, ,   -15.3, ,   -10.2, ,     4.5, ,    13.6, ,    14.9, ,    18.4, ,    16.7, ,    12.3, ,     7.4, ,    -3.4, ,   -11.2, ,     3.2, ,   -11.1, ,     2.6, ,    16.7, ,     5.4, 
1945,   -14.9, ,   -13.6, ,    -1.6, ,      .3, ,     7.1, ,    14.4, ,    18.4, ,    17.3, ,    11.0, ,     4.7, ,    -9.3, ,   -17.9, ,     1.3, ,   -13.2, ,     1.9, ,    16.7, ,     2.1, 
1946,   -16.9, ,   -17.8, ,    -3.2, ,     6.6, ,    10.2, ,    15.7, ,    19.7, ,    16.8, ,    12.2, ,     2.9, ,    -7.2, ,   -16.4, ,     1.9, ,   -17.5, ,     4.5, ,    17.4, ,     2.6, 
1947,   -14.3, ,   -18.2, ,    -8.5, ,     2.3, ,     7.7, ,    14.7, ,    20.4, ,    19.3, ,    11.0, ,     9.4, ,    -6.9, ,   -15.7, ,     1.8, ,   -16.3, ,      .5, ,    18.1, ,     4.5, 
1948,   -17.5, ,   -17.8, ,   -12.2, ,      .5, ,    11.9, ,    16.5, ,    19.3, ,    18.6, ,    16.1, ,     6.9, ,    -4.2, ,   -16.3, ,     1.8, ,   -17.0, ,      .1, ,    18.1, ,     6.3, 
1949,   -18.8, ,   -21.1, ,    -9.3, ,     6.9, ,    11.9, ,    16.4, ,    18.9, ,    20.6, ,    11.7, ,     4.2, ,      .0, ,   -16.5, ,     2.1, ,   -18.7, ,     3.2, ,    18.6, ,     5.3, 
1950,   -27.4, ,   -16.9, ,    -9.3, ,     -.2, ,     9.0, ,    14.5, ,    17.7, ,    16.1, ,    12.9, ,     6.6, ,    -8.8, ,   -16.2, ,     -.2, ,   -20.3, ,     -.2, ,    16.1, ,     3.6, 
1951,   -19.7, ,   -15.9, ,   -12.9, ,     2.8, ,    12.8, ,    13.5, ,    19.2, ,    16.3, ,    10.4, ,     3.5, ,    -8.2, ,   -16.9, ,      .4, ,   -17.3, ,      .9, ,    16.3, ,     1.9, 
1952,   -19.6, ,   -11.1, ,    -9.2, ,     9.1, ,    11.2, ,    16.2, ,    18.4, ,    18.1, ,    13.4, ,     4.7, ,    -2.9, ,   -10.2, ,     3.2, ,   -15.9, ,     3.7, ,    17.6, ,     5.1, 
1953,   -15.7, ,   -12.3, ,    -8.6, ,     1.9, ,    10.5, ,    15.9, ,    18.6, ,    19.1, ,    12.0, ,     9.1, ,      .7, ,   -10.4, ,     3.4, ,   -12.7, ,     1.3, ,    17.9, ,     7.3, 
1954,   -23.3, ,    -5.1, ,    -7.8, ,      .2, ,     8.2, ,    15.2, ,    19.5, ,    17.6, ,    11.2, ,     5.4, ,     -.3, ,    -6.7, ,     2.8, ,   -12.9, ,      .2, ,    17.4, ,     5.4, 
1955,   -17.1, ,   -17.8, ,   -13.9, ,     7.0, ,    12.2, ,    16.7, ,    20.4, ,    19.9, ,    11.7, ,     5.8, ,   -10.6, ,   -19.0, ,     1.3, ,   -13.9, ,     1.8, ,    19.0, ,     2.3, 
1956,   -18.2, ,   -16.8, ,   -10.6, ,     -.7, ,    10.1, ,    19.2, ,    18.1, ,    18.1, ,    10.7, ,     6.9, ,    -3.4, ,   -14.3, ,     1.6, ,   -18.0, ,     -.4, ,    18.5, ,     4.7, 
1957,   -20.6, ,   -14.9, ,    -6.1, ,     3.7, ,    12.3, ,    14.4, ,    21.7, ,    17.2, ,    11.7, ,     5.8, ,    -4.0, ,   -10.5, ,     2.6, ,   -16.6, ,     3.3, ,    17.8, ,     4.5, 
1958,   -11.8, ,   -16.0, ,    -4.3, ,     5.7, ,    12.5, ,    14.4, ,    17.8, ,    18.4, ,    12.3, ,     6.4, ,    -5.0, ,   -15.9, ,     2.9, ,   -12.8, ,     4.6, ,    16.9, ,     4.6, 
1959,   -20.2, ,   -16.4, ,    -2.3, ,     3.5, ,     9.6, ,    16.7, ,    19.3, ,    18.5, ,    11.3, ,      .5, ,    -9.1, ,    -7.5, ,     2.0, ,   -17.5, ,     3.6, ,    18.2, ,      .9, 
1960,   -18.3, ,   -14.9, ,   -11.9, ,     2.6, ,    11.7, ,    16.1, ,    20.9, ,    19.0, ,    12.6, ,     5.7, ,    -5.1, ,   -14.1, ,     2.0, ,   -13.6, ,      .8, ,    18.7, ,     4.4, 
1961,   -17.1, ,   -12.6, ,    -5.3, ,     1.7, ,    10.9, ,    18.9, ,    19.9, ,    21.3, ,    10.3, ,     6.3, ,    -4.5, ,   -18.2, ,     2.6, ,   -14.6, ,     2.4, ,    20.0, ,     4.0, 
1962,   -18.6, ,   -19.6, ,    -9.2, ,     2.0, ,    10.3, ,    17.8, ,    17.8, ,    18.0, ,    11.1, ,     7.2, ,    -1.2, ,   -11.7, ,     2.0, ,   -18.8, ,     1.0, ,    17.9, ,     5.7, 
1963,   -19.3, ,   -15.7, ,    -4.7, ,     3.8, ,     9.6, ,    17.3, ,    20.7, ,    19.1, ,    14.4, ,    11.7, ,    -3.0, ,   -15.6, ,     3.2, ,   -15.6, ,     2.9, ,    19.0, ,     7.7, 
1964,   -14.2, ,   -11.1, ,   -12.8, ,     5.1, ,    12.6, ,    15.8, ,    20.2, ,    16.1, ,    10.4, ,     6.6, ,    -6.0, ,   -20.0, ,     1.9, ,   -13.6, ,     1.6, ,    17.4, ,     3.7, 
1965,   -21.4, ,   -18.2, ,   -13.9, ,     3.5, ,    10.5, ,    16.6, ,    18.1, ,    17.4, ,     7.3, ,     7.4, ,    -7.3, ,   -10.1, ,      .8, ,   -19.9, ,      .0, ,    17.4, ,     2.5, 
1966,   -27.6, ,   -18.6, ,    -4.2, ,     1.2, ,     8.7, ,    16.5, ,    20.9, ,    17.3, ,    13.3, ,     4.9, ,   -10.3, ,   -15.9, ,      .5, ,   -18.8, ,     1.9, ,    18.2, ,     2.6, 
1967,   -17.8, ,   -19.8, ,    -9.9, ,      .0, ,     8.8, ,    15.6, ,    18.8, ,    17.9, ,    15.9, ,     4.7, ,    -4.3, ,   -12.0, ,     1.5, ,   -17.8, ,     -.4, ,    17.4, ,     5.4, 
1968,   -18.2, ,   -15.3, ,    -2.8, ,     4.9, ,     9.4, ,    15.6, ,    18.1, ,    15.3, ,    12.9, ,     5.6, ,    -3.5, ,   -15.3, ,     2.2, ,   -15.2, ,     3.8, ,    16.3, ,     5.0, 
1969,   -22.5, ,   -14.4, ,   -11.2, ,     4.8, ,    10.2, ,    12.0, ,    18.0, ,    20.6, ,    12.5, ,     2.3, ,    -3.0, ,   -10.0, ,     1.6, ,   -17.4, ,     1.3, ,    16.9, ,     3.9, 
1970,   -19.8, ,   -15.3, ,   -13.5, ,      .7, ,     9.2, ,    18.9, ,    19.8, ,    18.3, ,    12.1, ,     4.6, ,    -5.6, ,   -17.1, ,     1.0, ,   -15.0, ,    -1.2, ,    19.0, ,     3.7, 
1971,   -21.8, ,   -11.8, ,    -5.7, ,     4.2, ,    11.0, ,    16.6, ,    16.7, ,    19.3, ,    12.3, ,     5.5, ,    -5.3, ,   -14.8, ,     2.2, ,   -16.9, ,     3.2, ,    17.5, ,     4.2, 
1972,   -21.4, ,   -18.6, ,    -8.0, ,     3.2, ,    13.4, ,    17.3, ,    16.7, ,    18.9, ,     9.2, ,     3.0, ,    -5.5, ,   -18.7, ,      .8, ,   -18.3, ,     2.9, ,    17.6, ,     2.2, 
1973,   -12.7, ,   -13.3, ,     1.2, ,     3.0, ,    11.2, ,    16.2, ,    18.1, ,    19.6, ,    11.1, ,     7.2, ,    -9.0, ,   -16.2, ,     3.0, ,   -14.9, ,     5.1, ,    18.0, ,     3.1, 
1974,   -22.6, ,   -16.7, ,   -11.9, ,     1.3, ,     7.6, ,    16.5, ,    20.8, ,    16.1, ,     9.7, ,     6.6, ,    -3.3, ,    -8.6, ,     1.3, ,   -18.5, ,    -1.0, ,    17.8, ,     4.3, 
1975,   -15.6, ,   -16.7, ,   -11.4, ,      .6, ,    11.0, ,    16.5, ,    21.1, ,    16.4, ,    11.2, ,     5.9, ,    -3.2, ,   -14.8, ,     1.8, ,   -13.6, ,      .1, ,    18.0, ,     4.6, 
1976,   -16.6, ,   -11.9, ,   -10.9, ,     5.6, ,    12.1, ,    17.3, ,    18.7, ,    18.6, ,    12.5, ,     2.4, ,    -6.2, ,   -15.9, ,     2.1, ,   -14.4, ,     2.3, ,    18.2, ,     2.9, 
1977,   -20.8, ,    -9.8, ,    -2.2, ,     7.7, ,    16.9, ,    16.3, ,    18.7, ,    14.2, ,    11.9, ,     6.8, ,    -4.7, ,   -17.8, ,     3.1, ,   -15.5, ,     7.5, ,    16.4, ,     4.7, 
1978,   -23.0, ,   -16.4, ,    -6.8, ,     4.1, ,    14.0, ,    16.1, ,    18.3, ,    17.2, ,    14.2, ,     6.4, ,    -8.8, ,   -18.0, ,     1.4, ,   -19.1, ,     3.8, ,    17.2, ,     3.9, 
1979,   -24.3, ,   -23.1, ,   -10.0, ,    -1.8, ,     7.7, ,    16.2, ,    19.9, ,    16.8, ,    12.6, ,     4.9, ,    -4.9, ,   -11.1, ,      .2, ,   -21.8, ,    -1.4, ,    17.6, ,     4.2, 
1980,   -20.0, ,   -16.4, ,   -11.2, ,     7.4, ,    14.8, ,    16.5, ,    18.9, ,    15.7, ,    10.9, ,     4.3, ,    -1.2, ,   -15.4, ,     2.0, ,   -15.8, ,     3.7, ,    17.0, ,     4.7, 
1981,   -14.1, ,   -10.1, ,     -.1, ,     4.9, ,    11.1, ,    15.7, ,    19.9, ,    19.8,E,    12.6,E,     5.4,E,      .3, ,   -12.6, ,     4.4,E,   -13.2, ,     5.3, ,    18.5,E,     6.1,E
1982,   -25.7, ,   -15.8,E,    -7.5,E,     2.1, ,    11.5, ,    14.2, ,    18.8, ,    16.5,E,    11.6, ,     5.7, ,    -6.5,E,   -10.3,E,     1.2,E,   -18.0,E,     2.0,E,    16.5,E,     3.6,E
1983,   -11.8, ,   -10.5, ,    -7.1, ,     1.7, ,     8.2, ,    16.4, ,    21.1, ,    21.6,E,    11.9, ,     5.2,E,    -2.1, ,   -21.6, ,     2.8,E,   -10.9,E,      .9, ,    19.7,E,     5.0,E
1984,   -13.1,E,    -4.8, ,    -6.5,E,     6.7,E,    10.1, ,    17.1, ,    19.6, ,    20.4,E,     9.4, ,     4.4, ,    -6.2,E,   -19.4, ,     3.1,E,   -13.2,E,     3.4,E,    19.0,E,     2.5,E
1985,   -17.7, ,   -16.9, ,    -3.3,E,     6.8,E,    13.2, ,    13.8,E,    18.4, ,    15.5, ,     9.2, ,     4.6,E,   -13.0, ,   -16.5, ,     1.2,E,   -18.0, ,     5.6,E,    15.9,E,      .3,E
1986,   -11.6, ,   -15.4, ,    -2.7,E,     4.1,E,    13.4, ,    16.8, ,    18.9, ,    17.5, ,    11.1, ,     5.8, ,    -8.2,E,   -10.3, ,     3.3,E,   -14.5, ,     4.9,E,    17.7, ,     2.9,E
1987,   -11.0, ,    -7.2,E,    -4.8,E,     9.0, ,    14.8, ,    18.8, ,    19.0, ,    16.6, ,    13.8, ,     4.2, ,    -1.0, ,    -7.9, ,     5.4,E,    -9.5,E,     6.3,E,    18.1, ,     5.7, 
1988,   -18.1, ,   -14.4, ,    -3.9, ,     5.6, ,    14.4, ,    22.4, ,    20.5, ,    19.1, ,    12.2, ,     4.0,E,    -5.3, ,   -12.3, ,     3.7,E,   -13.5, ,     5.4, ,    20.7, ,     3.6,E
1989,   -15.5,E,   -18.4, ,   -10.4,E,     4.6, ,    13.4, ,    16.2, ,    21.9, ,    19.3, ,    13.3, ,     5.1, ,    -6.4, ,   -18.4, ,     2.1,E,   -15.4,E,     2.5,E,    19.1, ,     4.0, 
1990,   -11.0,E,   -14.6, ,    -3.6, ,     3.3, ,    10.9, ,    17.8, ,    18.5, ,    19.0, ,    13.5, ,     4.3, ,    -5.0,E,   -18.6,E,     2.9,E,   -14.7,E,     3.5, ,    18.4, ,     4.3,E
1991,   -19.6,E,    -8.6,E,    -6.2,E,     6.9,E,    14.0, ,    18.9,E,    19.4,E,    20.0,E,    11.9,E,     1.6, ,    -9.0,E,   -13.4,E,     3.0,E,   -15.6,E,     4.9,E,    19.4,E,     1.5,E
1992,   -12.4,E,   -10.7,E,    -3.8, ,     3.1, ,    12.6,E,    15.5, ,    16.1, ,    16.1, ,    10.9, ,     4.4, ,    -3.9, ,   -17.6, ,     2.5,E,   -12.2,E,     4.0,E,    15.9, ,     3.8, 
1993,   -17.7,E,   -14.2, ,    -3.8,E,     4.3,E,    11.6,E,    14.6,E,    16.1, ,    16.8, ,    10.0, ,     2.7, ,    -6.5,E,   -11.6,E,     1.9,E,   -16.5,E,     4.0,E,    15.8,E,     2.1,E
1994,   -23.6,E,   -19.6, ,    -2.0,E,     3.5, ,    12.3, ,    16.3, ,    17.4, ,    16.6, ,    14.3, ,     7.3, ,    -2.4, ,   -12.1,E,     2.3,E,   -18.3,E,     4.6,E,    16.8, ,     6.4, 
1995,   -16.4,E,   -14.2, ,    -6.8,E,     -.4, ,    10.8, ,    19.0, ,    19.3, ,    19.5, ,    12.2, ,     4.9, ,   -10.1, ,   -16.3, ,     1.8,E,   -14.2,E,     1.2,E,    19.3, ,     2.3, 
1996,   -23.8, ,   -14.6, ,   -11.3, ,     -.2, ,     8.6, ,    17.5, ,    18.3, ,    18.7, ,    12.4, ,     4.4, ,   -11.5, ,   -18.4, ,      .0, ,   -18.2, ,    -1.0, ,    18.2, ,     1.8, 
1997,   -20.2, ,   -11.4, ,    -9.3, ,     1.5, ,     9.5, ,    18.9, ,    19.7, ,    18.2, ,    14.3, ,     4.9,E,    -5.0, ,    -5.8, ,     2.9,E,   -16.7, ,      .6, ,    18.9, ,     4.7,E
1998,   -17.3, ,    -4.9, ,    -8.8, ,     7.3, ,    11.9, ,    14.8, ,    19.1, ,    20.0, ,    13.8, ,     5.4, ,    -4.7, ,   -14.5, ,     3.5, ,    -9.3, ,     3.5, ,    18.0, ,     4.8, 
1999,   -19.2, ,   -10.5, ,    -4.9, ,     6.2, ,    11.3, ,    15.0, ,    18.4, ,    17.8, ,    10.5, ,     4.6, ,     -.6, ,    -7.9, ,     3.4, ,   -14.7, ,     4.2, ,    17.1, ,     4.8, 
2000,   -17.0, ,   -10.0, ,      .5, ,     4.1, ,    11.1, ,    13.5, ,    18.8, ,    17.7, ,    11.5, ,     5.6, ,    -8.3, ,   -23.4, ,     2.0, ,   -11.6, ,     5.2, ,    16.7, ,     2.9, 
2001,   -12.4, ,   -19.0, ,    -6.8, ,     4.5, ,    12.8, ,    15.2, ,    19.6, ,    19.2, ,    12.9, ,     3.4, ,      .3, ,   -12.2, ,     3.1, ,   -18.3, ,     3.5, ,    18.0, ,     5.5, 
2002,   -14.8, ,   -10.7, ,   -13.1, ,     1.7, ,     7.9, ,    17.6, ,    20.2, ,    17.3, ,    12.2, ,    -1.1, ,    -6.0, ,    -9.5, ,     1.8, ,   -12.6, ,    -1.2, ,    18.4, ,     1.7, 
2003,   -17.7, ,   -19.9, ,    -8.9, ,     5.0, ,    11.6, ,    16.0, ,    20.0, ,    21.6, ,    12.1, ,     6.6, ,   -10.0, ,   -11.0, ,     2.1, ,   -15.7, ,     2.6, ,    19.2, ,     2.9, 
2004,   -21.4, ,   -12.4, ,    -5.4, ,     4.0, ,     7.1, ,    14.2, ,    18.0, ,    13.9, ,    13.6, ,     5.0, ,     -.9, ,   -13.4, ,     1.9, ,   -14.9, ,     1.9, ,    15.4, ,     5.9, 
2005,   -20.2, ,   -14.1, ,    -7.5, ,     7.2, ,     9.9, ,    17.1, ,    19.7, ,    17.1, ,    13.3, ,     5.8, ,    -3.6, ,    -9.4, ,     2.9, ,   -15.9, ,     3.2, ,    18.0, ,     5.2, 
2006,    -6.8, ,   -14.4, ,    -6.2, ,     8.7, ,    12.2, ,    17.8, ,    20.5, ,    19.4,E,    12.5, ,     2.7, ,    -5.4,E,   -10.4,E,     4.2,E,   -10.2, ,     4.9, ,    19.2,E,     3.3,E
2007,   -14.9, ,   -17.6, ,    -4.9, ,     4.5, ,    11.3, ,    16.8, ,    20.9, ,    16.8, ,    12.5, ,     6.2, ,    -4.7, , -9999.9,M, -9999.9,M,   -14.3,E,     3.6, ,    18.2, ,     4.7, 
2008, -9999.9,M, -9999.9,M, -9999.9,M, -9999.9,M, -9999.9,M, -9999.9,M, -9999.9,M, -9999.9,M, -9999.9,M, -9999.9,M, -9999.9,M, -9999.9,M, -9999.9,M, -9999.9,M, -9999.9,M, -9999.9,M, -9999.9,M
2009, -9999.9,M, -9999.9,M, -9999.9,M, -9999.9,M, -9999.9,M, -9999.9,M, -9999.9,M, -9999.9,M, -9999.9,M, -9999.9,M, -9999.9,M, -9999.9,M, -9999.9,M, -9999.9,M, -9999.9,M, -9999.9,M, -9999.9,M
2010, -9999.9,M, -9999.9,M, -9999.9,M, -9999.9,M, -9999.9,M, -9999.9,M, -9999.9,M, -9999.9,M, -9999.9,M, -9999.9,M, -9999.9,M, -9999.9,M, -9999.9,M, -9999.9,M, -9999.9,M, -9999.9,M, -9999.9,M
