5031111,GRAND RAPIDS   ,MB, station joined    , Monthly mean of homogenized daily mean temperature                     , °C,          Updated to December 2012
5031111,GRAND RAPIDS   ,MB, station jointe    , Moyenne mensuelle des températures homogénéisées moyennes quotidiennes , °C, Mise à jour jusqu à décembre 2012
Year,     Jan, ,     Feb, ,     Mar, ,     Apr, ,     May, ,     Jun, ,     Jul, ,     Aug, ,     Sep, ,     Oct, ,     Nov, ,     Dec, ,  Annual, ,  Winter, ,  Spring, ,  Summer, ,  Autumn
Year,    Janv, ,     Fév, ,    Mars, ,     Avr, ,     Mai, ,    Juin, ,    Juil, ,    Août, ,    Sept, ,     Oct, ,     Nov, ,     Déc, ,  Annuel, ,   Hiver, ,Printemp, ,     Eté, , Automne
1960, -9999.9,M, -9999.9,M, -9999.9,M, -9999.9,M, -9999.9,M, -9999.9,M,    18.2, ,    18.1, , -9999.9,M, -9999.9,M, -9999.9,M, -9999.9,M, -9999.9,M, -9999.9,M, -9999.9,M, -9999.9,M, -9999.9,M
1961, -9999.9,M, -9999.9,M, -9999.9,M,    -2.8, , -9999.9,M, -9999.9,M, -9999.9,M, -9999.9,M, -9999.9,M, -9999.9,M, -9999.9,M, -9999.9,M, -9999.9,M, -9999.9,M, -9999.9,M, -9999.9,M, -9999.9,M
1962,   -23.5, ,   -22.2, ,   -10.3, ,    -2.0, ,     7.0, ,    16.3, ,    17.1, ,    16.4, ,    10.4, ,     6.7, ,    -4.8, ,   -16.5, ,     -.5, , -9999.9,M,    -1.8, ,    16.6, ,     4.1, 
1963,   -25.1, ,   -19.9, ,   -11.3, ,      .8, ,     7.4, ,    14.4, ,    19.7, ,    18.3, ,    11.7, ,    10.8, ,    -5.5, ,   -17.2, ,      .3, ,   -20.5, ,    -1.0, ,    17.5, ,     5.7, 
1964,   -16.6, ,   -13.8, ,   -17.1, ,      .6, ,     8.4, ,    13.9, ,    19.5, ,    15.0, ,     9.7, ,     4.9, ,    -7.0, ,   -20.9, ,     -.3, ,   -15.9, ,    -2.7, ,    16.1, ,     2.5, 
1965,   -23.3, ,   -22.2, ,   -15.2, ,     1.5, ,     6.6, ,    14.9, ,    17.4, ,    16.4, ,     7.2, ,     6.1, , -9999.9,M, -9999.9,M, -9999.9,M,   -22.1, ,    -2.4, ,    16.2, , -9999.9,M
1966, -9999.9,M,   -19.4, ,    -8.3, ,    -2.5, ,     5.4, ,    14.6, ,    18.9, ,    17.8, ,    14.1, ,     4.1, ,   -11.7, ,   -18.4, , -9999.9,M, -9999.9,M,    -1.8, ,    17.1, ,     2.2, 
1967,   -20.5, ,   -22.2, ,   -11.7, ,    -5.3, ,     5.5, ,    14.5, ,    18.2, ,    18.0, ,    15.8, ,     3.6, ,    -5.6, , -9999.9,M, -9999.9,M,   -20.4, ,    -3.8, ,    16.9, ,     4.6, 
1968, -9999.9,M,   -17.5, ,    -6.6, ,     1.3, ,     8.0, ,    14.3, , -9999.9,M, -9999.9,M,    12.7, ,     4.2, ,    -4.9, ,   -17.7, , -9999.9,M, -9999.9,M,      .9, , -9999.9,M,     4.0, 
1969,   -24.4, ,   -16.0, ,   -11.1, ,     3.3, ,     6.9, ,    11.2, ,    17.6, ,    19.7, ,    10.3, ,      .5, ,    -5.6, ,   -10.9, ,      .1, ,   -19.4, ,     -.3, ,    16.2, ,     1.7, 
1970,   -19.3, ,   -16.3, , -9999.9,M,    -1.9, ,     6.4, ,    16.1, ,    19.9, ,    18.2, ,    11.1, ,     4.6, ,    -6.5, ,   -20.9, , -9999.9,M,   -15.5, , -9999.9,M,    18.1, ,     3.1, 
1971,   -23.7, ,   -14.0, ,   -10.1, ,      .8, ,     8.9, ,    16.3, ,    15.8, ,    18.7, ,    12.6, ,     4.8, ,    -6.9, ,   -18.4, ,      .4, ,   -19.5, ,     -.1, ,    16.9, ,     3.5, 
1972,   -26.3, ,   -22.2, ,   -10.5, ,      .2, ,     9.8, ,    16.6, ,    16.2, ,    17.7, ,     8.1, ,     1.6, ,    -8.1, ,   -21.2, ,    -1.5, ,   -22.3, ,     -.2, ,    16.8, ,      .5, 
1973,   -15.8, ,   -17.0, ,    -2.7, ,    -1.6, ,     8.8, ,    13.1, ,    18.1, ,    19.8, ,    11.3, ,     6.2, ,    -8.4, ,   -18.5, ,     1.1, ,   -18.0, ,     1.5, ,    17.0, ,     3.0, 
1974,   -24.7, ,   -19.4, ,   -13.7, ,     -.7, ,     5.0, ,    15.2, ,    19.7, ,    16.4, ,     8.0, ,     4.3, ,    -4.1, ,    -9.6, ,     -.3, ,   -20.9, ,    -3.1, ,    17.1, ,     2.7, 
1975,   -19.3, ,   -16.8, ,   -12.1, ,      .7, ,     8.6, ,    15.4, ,    21.0, ,    15.5, ,    10.1, ,     5.2, , -9999.9,M,   -15.7, , -9999.9,M,   -15.2, ,     -.9, ,    17.3, , -9999.9,M
1976,   -20.0, ,   -15.0, ,   -10.8, ,     3.9, ,    10.9, ,    16.0, ,    19.3, ,    18.4, ,    12.5, ,     2.7, ,    -7.1, ,   -19.4, ,     1.0, ,   -16.9, ,     1.3, ,    17.9, ,     2.7, 
1977,   -21.0, ,   -12.1, ,    -6.0, ,     4.7, , -9999.9,M, -9999.9,M,    17.7, ,    13.5, ,    11.6, ,     7.1, , -9999.9,M, -9999.9,M, -9999.9,M,   -17.5, , -9999.9,M, -9999.9,M, -9999.9,M
1978,   -21.2, ,   -16.5, ,    -9.7, ,     -.9, ,    12.1, ,    14.5, ,    18.1, ,    15.5, ,    11.5, ,     5.1, ,    -8.2,E,   -18.0, ,      .2,E, -9999.9,M,      .5, ,    16.0, ,     2.8,E
1979,   -21.9, ,   -24.0, ,   -12.1, ,    -2.4, ,     5.4, ,    14.6, ,    21.2, ,    16.0, ,    11.0, ,     2.9,E,    -5.4,E,   -11.3, ,     -.5,E,   -21.3, ,    -3.0, ,    17.3, ,     2.8,E
1980,   -20.4, ,   -16.5, ,   -11.6, ,     4.8, ,    11.7, ,    14.6, ,    18.3, ,    16.2, ,     9.7, ,     3.6, , -9999.9,M,   -19.0, , -9999.9,M,   -16.1, ,     1.6, ,    16.4, , -9999.9,M
1981,   -14.5, ,   -12.0, ,    -4.6, ,    -1.2, ,     8.4, ,    14.2, ,    19.6,E,    19.2, ,    11.9, ,     3.4, ,    -1.0, ,   -14.4,E,     2.4,E,   -15.2, ,      .9, ,    17.7,E,     4.8, 
1982,   -28.5, ,   -17.9, ,   -11.4, ,    -1.2, ,     8.5, ,    13.1, , -9999.9,M,    15.9, ,    11.8, ,     5.0, ,    -8.6, ,   -15.4, , -9999.9,M,   -20.3,E,    -1.4, , -9999.9,M,     2.7, 
1983,   -16.0, ,   -15.6, ,   -10.5, ,    -2.5, ,     3.9, ,    14.9, ,    19.5,E,    20.7, ,    11.8, ,     5.6, ,    -1.6, ,   -21.2, ,      .8,E,   -15.7, ,    -3.0, ,    18.4,E,     5.3, 
1984,   -18.4, ,    -8.5, ,    -9.3, ,     4.5, ,     6.7, ,    15.9, ,    19.9, ,    20.3, ,     9.1, ,     3.8, ,    -8.4, ,   -20.5, ,     1.3, ,   -16.0, ,      .6, ,    18.7, ,     1.5, 
1985,   -18.9, ,   -20.3, ,    -6.0, ,     2.6, ,    10.1, ,    12.9, ,    17.5, ,    15.6, ,     9.1,E,     4.2, ,   -12.5,E,   -17.3, ,     -.3,E,   -19.9, ,     2.2, ,    15.3, ,      .3,E
1986,   -14.6, ,   -15.5,E,    -6.6, ,      .3, ,    10.5, ,    14.2,E,    17.9, ,    17.4,E,     9.4,E,     4.2, ,   -12.0,E,   -11.5,E,     1.1,E,   -15.8,E,     1.4, ,    16.5,E,      .5,E
1987,   -13.3,E,   -10.3, ,    -7.3, ,     5.3,E,    11.5, ,    17.3, ,    17.6, ,    15.6, ,    12.6, ,     3.2,E,    -3.0,E,    -9.8,E,     3.3,E,   -11.7,E,     3.2,E,    16.8, ,     4.3,E
1988,   -20.9,E,   -17.6,E,    -8.9,E,     1.4,E,     9.1,E,    19.0, ,    19.7, ,    17.7, ,    11.4, ,     3.5, ,    -5.8,E,   -15.0,E,     1.1,E,   -16.1,E,      .5,E,    18.8, ,     3.0,E
1989,   -17.6,E,   -18.2, ,   -13.6, ,      .0,E,     9.7, ,    14.6, ,    21.5, ,    18.2, ,    11.0,E,     4.6,E,   -11.3,E,   -20.8,E,     -.2,E,   -16.9,E,    -1.3,E,    18.1, ,     1.4,E
1990,   -17.5, ,   -18.6, ,    -5.9,E,    -1.5,E,     8.0,E,    14.8,E,    18.5, ,    18.4,E,    12.1, ,     3.0, ,    -6.8,E,   -19.9, ,      .4,E,   -19.0,E,      .2,E,    17.2,E,     2.8,E
1991,   -21.6,E,   -11.5, ,    -7.6, ,     2.5, ,     9.8,E,    16.6, ,    18.9,E,    19.8, ,    10.1,E,      .0,E,   -10.0, ,   -13.8,E,     1.1,E,   -17.7,E,     1.6,E,    18.4,E,      .0,E
1992,   -14.1,E,   -12.4, ,    -6.3, ,     -.2, ,     7.7, ,    11.9,E,    15.4,E,    16.5,E,     9.6,E,     3.2,E,    -4.1,E,   -18.2,E,      .8,E,   -13.4,E,      .4, ,    14.6,E,     2.9,E
1993,   -16.7, ,   -14.9, ,    -4.8, ,     2.2, ,     8.6,E,    13.5,E,    16.8,E,    16.7,E,     9.3,E,     1.4,E,    -8.6,E,   -14.0, ,      .8,E,   -16.6,E,     2.0,E,    15.7,E,      .7,E
1994,   -25.6,E,   -21.3, ,    -5.5,E,      .6, ,     8.5, ,    15.1, ,    16.9, ,    16.2, ,    14.3, ,     6.6, ,    -3.7,E,   -12.3, ,      .8,E,   -20.3,E,     1.2,E,    16.1, ,     5.7,E
1995,   -17.0, ,   -16.4, ,    -8.4, ,    -2.1, ,     8.8, ,    18.8, ,    17.7, ,    18.0,E,    11.9,E,     4.5,E,   -11.3, ,   -16.5, ,      .7,E,   -15.2, ,     -.6, ,    18.2,E,     1.7,E
1996,   -22.9, ,   -14.9,E,   -13.0, ,    -1.9,E,     5.7, ,    15.7, ,    19.1, ,    19.4,E,    12.2,E,     3.6, , -9999.9,M,   -18.8, , -9999.9,M,   -18.1,E,    -3.1,E,    18.1,E, -9999.9,M
1997,   -21.6, ,   -14.2,E,   -11.3, ,    -1.4, ,     6.2, ,    15.4,E,    20.3, ,    17.8, ,    13.2,E,     2.9, ,    -5.8,E,    -7.5,E,     1.2,E,   -18.2,E,    -2.2, ,    17.8,E,     3.4,E
1998,   -18.9,E,    -5.8,E,    -8.2,E,     5.2, ,     9.1, ,    14.6, ,    19.5, ,    20.2, ,    12.9, ,     5.5, ,    -4.2, ,   -15.1, ,     2.9,E,   -10.7,E,     2.0,E,    18.1, ,     4.7, 
1999,   -19.0, ,   -11.6, ,    -5.5, ,     4.6, ,     9.6, ,    14.9, ,    18.6, ,    18.0, ,    10.6, ,     3.8, ,    -1.0, ,   -10.2, ,     2.7, ,   -15.2, ,     2.9, ,    17.2, ,     4.5, 
2000,   -19.0, ,   -10.9, ,    -3.4, ,     1.3, ,     8.4, ,    12.7, ,    19.1, ,    17.6, ,    10.8, ,     5.7, ,    -6.8, ,   -22.0, ,     1.1, ,   -13.4, ,     2.1, ,    16.5, ,     3.2, 
2001,   -10.7, ,   -18.3, ,    -6.3, ,     2.5, ,    10.3, ,    14.1, ,    20.1, ,    19.6, ,    13.6, ,     4.0, ,     -.9, ,   -12.6, ,     3.0, ,   -17.0, ,     2.2, ,    17.9, ,     5.6, 
2002,   -17.8, ,   -12.4, ,   -14.2, ,    -2.7, ,     5.6, ,    15.8, ,    20.4, ,    16.5, ,    11.2, ,    -1.0, ,    -7.8, ,   -10.8, ,      .2, ,   -14.3, ,    -3.8, ,    17.6, ,      .8, 
2003,   -18.3, ,   -21.6, ,   -11.2, ,      .2, ,    10.5, ,    16.3, ,    18.7, ,    20.0, ,    11.1, ,     4.7, ,    -8.3, ,   -10.9, ,      .9, ,   -16.9, ,     -.2, ,    18.3, ,     2.5, 
2004,   -22.5, ,   -12.1, ,    -7.8, ,      .8, ,     3.7, ,    10.8, ,    17.1, ,    13.5, ,    11.4, ,     3.3, ,    -3.8, ,   -19.9, ,     -.5, ,   -15.2, ,    -1.1, ,    13.8, ,     3.6, 
2005,   -20.2,E,   -14.7, ,   -11.0, ,     4.2, ,     8.3, ,    14.7, ,    18.5, ,    16.2, ,    11.7, ,     4.6, ,    -5.6, ,    -9.4, ,     1.4,E,   -18.3,E,      .5, ,    16.5, ,     3.6, 
2006,   -10.1, ,   -16.7, ,    -7.8, ,     5.4, ,     7.9, ,    17.3, ,    20.8, ,    18.6, , -9999.9,M,     3.4, ,    -8.2, ,   -10.5,E, -9999.9,M,   -12.1, ,     1.8, ,    18.9, , -9999.9,M
2007,   -16.0,E,   -19.7, ,    -7.2,E,      .9, ,     9.2,E,    13.8, ,    20.1, ,    16.3, ,    10.3,E,     6.0, ,    -7.2, ,   -16.5, ,      .8,E,   -15.4,E,     1.0,E,    16.7, ,     3.0,E
2008,   -17.7, ,   -19.6, ,   -11.6, ,      .2, ,     6.3, ,    14.9, ,    17.7, ,    19.4, ,    10.8, ,     6.1, ,    -5.1, ,   -20.9, ,      .0, ,   -17.9, ,    -1.7, ,    17.3, ,     3.9, 
2009,   -18.4, ,   -15.5, ,   -11.0, ,      .3, ,     5.6, ,    14.0, ,    16.1, ,    16.2, ,    16.4, , -9999.9,M,      .5, ,   -17.5, , -9999.9,M,   -18.3, ,    -1.7, ,    15.4, , -9999.9,M
2010,   -14.8, ,   -13.4, ,    -2.3, ,     4.6, ,     7.8, ,    14.9, ,    19.8, ,    17.3, ,    10.3, ,     7.1, ,    -5.1, ,   -14.9, ,     2.6, ,   -15.2, ,     3.4, ,    17.3, ,     4.1, 
2011,   -20.6, ,   -15.9, ,   -12.7, ,     1.1, ,     7.6, ,    15.4, ,    19.9, ,    18.7, ,    14.2, ,     6.5, ,    -5.5, ,    -9.7, ,     1.6, ,   -17.1, ,    -1.3, ,    18.0, ,     5.1, 
2012,   -14.9, ,   -11.6, ,    -4.3, ,     1.5, ,     8.2, ,    16.4, ,    22.2, ,    18.2, ,    13.8, ,     3.0, ,    -7.9, ,   -18.5, ,     2.2, ,   -12.1, ,     1.8, ,    18.9, ,     3.0, 
