5030080,ARBORG         ,MB, station not joined, Monthly mean of homogenized daily mean temperature                     , °C,          Updated to December 2012
5030080,ARBORG         ,MB, station non-jointe, Moyenne mensuelle des températures homogénéisées moyennes quotidiennes , °C, Mise à jour jusqu à décembre 2012
Year,     Jan, ,     Feb, ,     Mar, ,     Apr, ,     May, ,     Jun, ,     Jul, ,     Aug, ,     Sep, ,     Oct, ,     Nov, ,     Dec, ,  Annual, ,  Winter, ,  Spring, ,  Summer, ,  Autumn
Year,    Janv, ,     Fév, ,    Mars, ,     Avr, ,     Mai, ,    Juin, ,    Juil, ,    Août, ,    Sept, ,     Oct, ,     Nov, ,     Déc, ,  Annuel, ,   Hiver, ,Printemp, ,     Eté, , Automne
1960, -9999.9,M, -9999.9,M, -9999.9,M, -9999.9,M, -9999.9,M, -9999.9,M, -9999.9,M, -9999.9,M, -9999.9,M, -9999.9,M,    -5.1, ,   -15.8, , -9999.9,M, -9999.9,M, -9999.9,M, -9999.9,M, -9999.9,M
1961,   -17.8, , -9999.9,M,    -5.7, ,      .3, ,     9.4, ,    17.1, ,    18.6, ,    19.5, ,     9.8, ,     4.9, ,    -4.8, ,   -18.6, , -9999.9,M, -9999.9,M,     1.3, ,    18.4, ,     3.3, 
1962,   -22.2, ,   -21.6, ,    -9.6, ,    -1.2, ,     9.4, ,    17.1, ,    17.5, ,    16.7, ,    10.2, ,     7.0, ,    -3.1, ,   -14.7, ,      .5, ,   -20.8, ,     -.5, ,    17.1, ,     4.7, 
1963,   -23.0, ,   -18.8, ,    -9.0, ,     3.1, ,     8.7, ,    16.9, ,    20.0, ,    17.4, ,    12.3, ,    10.7, ,    -3.4, ,   -17.8, ,     1.4, ,   -18.8, ,      .9, ,    18.1, ,     6.5, 
1964,   -16.3, ,   -14.5, ,   -15.2, ,     3.2, ,    11.2, ,    14.3, ,    19.2, ,    14.9, ,     9.5, ,     5.6, ,    -6.1, ,   -20.1, ,      .5, ,   -16.2, ,     -.3, ,    16.1, ,     3.0, 
1965,   -23.4, ,   -20.5, ,   -15.2, , -9999.9,M,     9.4, ,    14.3, ,    16.6, , -9999.9,M,     7.0, ,     6.1, ,    -7.9, ,   -10.2, , -9999.9,M,   -21.3, , -9999.9,M, -9999.9,M,     1.7, 
1966,   -28.3, ,   -20.9, ,    -7.1, ,     -.1, ,     7.1, ,    16.1, ,    19.1, ,    16.7, ,    12.5, ,     4.0, ,   -10.8, , -9999.9,M, -9999.9,M,   -19.8, ,      .0, ,    17.3, ,     1.9, 
1967,   -20.9, , -9999.9,M, -9999.9,M,    -2.3, ,     6.7, ,    15.0, ,    17.4, ,    16.7, ,    14.3, ,     3.3, ,    -5.6, ,   -13.1, , -9999.9,M, -9999.9,M, -9999.9,M,    16.4, ,     4.0, 
1968,   -20.8, ,   -19.5, ,    -6.7, ,     2.3, ,     7.8,E,    13.8, ,    16.8, ,    13.8, ,    12.0, ,     4.7, ,    -4.8, ,   -15.5, ,      .3,E,   -17.8, ,     1.1,E,    14.8, ,     4.0, 
1969,   -22.8, ,   -15.9, ,   -11.0, ,     4.5, ,     8.4, ,    11.3, ,    17.3, ,    19.2, ,    11.4, ,     1.6, ,    -4.3, ,   -11.5, ,      .7, ,   -18.1, ,      .6, ,    15.9, ,     2.9, 
1970,   -21.3, ,   -18.3, ,   -13.8, ,      .1, ,     7.9, ,    17.3, ,    19.1, ,    17.3, ,    11.6, ,     4.6, ,    -5.6, ,   -20.6, ,     -.1, ,   -17.0, ,    -1.9, ,    17.9, ,     3.5, 
1971,   -24.1, ,   -15.1, ,    -8.7, ,     1.7, ,     9.6, ,    16.5, ,    15.7, ,    17.6, ,    11.8, ,     5.7, ,    -6.5, ,   -16.9, ,      .6, ,   -19.9, ,      .9, ,    16.6, ,     3.7, 
1972,   -24.9, ,   -22.1, ,    -9.7, ,     1.1, ,    12.9, ,    16.5, ,    15.9, ,    16.4, ,     8.2, ,     1.8, ,    -7.2, ,   -21.1, ,    -1.0, ,   -21.3, ,     1.4, ,    16.3, ,      .9, 
1973,   -16.3, ,   -16.5, ,    -1.6, ,     1.8, ,    10.1, ,    14.7, ,    17.6, ,    18.7, ,    11.0, ,     6.6, ,    -7.8, ,   -17.7, ,     1.7, ,   -18.0, ,     3.4, ,    17.0, ,     3.3, 
1974,   -25.0, ,   -19.7, ,   -12.5, ,      .6, ,     6.9, ,    15.7, ,    20.3, ,    15.8, ,     8.3, ,     4.7, ,    -4.0, ,    -9.8, ,      .1, ,   -20.8, ,    -1.7, ,    17.3, ,     3.0, 
1975,   -17.6, ,   -18.9, ,   -11.8, ,      .7, ,    10.9, ,    15.9, ,    20.5, ,    16.3, ,    10.4, ,     5.9, ,    -2.1, ,   -16.1, ,     1.2, ,   -15.4, ,     -.1, ,    17.6, ,     4.7, 
1976,   -19.2, ,   -13.1, ,   -11.4, ,     5.0, ,    11.1, ,    17.6, ,    18.9, ,    18.6, ,    11.8, ,     2.1, ,    -7.3, ,   -20.6, ,     1.1, ,   -16.1, ,     1.6, ,    18.4, ,     2.2, 
1977,   -22.0, ,   -13.0, ,    -4.4, ,     5.9, ,    15.9, ,    15.8, ,    18.1, ,    13.0, ,    11.7, ,     6.5, , -9999.9,M,   -19.5, , -9999.9,M,   -18.5, ,     5.8, ,    15.6, , -9999.9,M
1978,   -23.3, ,   -18.4, ,    -9.9, ,     1.5, ,    13.4, ,    14.7, ,    17.8, ,    16.2, ,    13.1, ,     5.5, , -9999.9,M,   -18.4,E, -9999.9,M,   -20.4, ,     1.7, ,    16.2, , -9999.9,M
1979,   -24.1, ,   -22.8, ,   -10.8, ,    -1.4, ,     6.1, ,    14.9, ,    20.5, ,    15.5, ,    11.7, ,     4.0, ,    -6.2, ,   -11.6, ,     -.4, ,   -21.8,E,    -2.0, ,    17.0, ,     3.2, 
1980,   -20.1, ,   -17.8, ,   -12.5, ,     5.7, ,    14.5, ,    15.4, ,    18.7, ,    16.2, ,    10.1, ,     3.4, ,    -3.7, ,   -17.9, ,     1.0, ,   -16.5, ,     2.6, ,    16.8, ,     3.3, 
1981,   -16.1, ,   -11.4, ,    -2.7, ,     2.5, ,     9.6, ,    14.6, ,    19.6, ,    19.2,E,    11.8, ,     4.1, ,      .1, ,   -15.1, ,     3.0,E,   -15.1, ,     3.1, ,    17.8,E,     5.3, 
1982,   -27.2, ,   -17.0, ,    -9.5, ,     1.4,E,    11.6, ,    12.7,E,    18.7,E,    15.5, ,    11.1, ,     4.9, ,    -7.4, ,   -13.2, ,      .1,E,   -19.8, ,     1.2,E,    15.6,E,     2.9, 
1983,   -14.8, ,   -12.8, ,    -6.9, ,     1.7, ,     6.1, ,    15.1, ,    20.3,E,    20.3, ,    11.6, ,     4.3, ,    -2.6, ,   -23.0, ,     1.6,E,   -13.6, ,      .3, ,    18.6,E,     4.4, 
1984,   -19.8, ,    -9.9, ,    -9.7,E,     6.0, ,     8.5, ,    16.6, ,    18.6, ,    19.8,E,     9.5, ,     5.0, , -9999.9,M,   -19.0, , -9999.9,M,   -17.6, ,     1.6,E,    18.3,E, -9999.9,M
1985,   -18.9, ,   -19.3,E,    -4.9, ,     5.3,E,    11.4, ,    12.9, ,    16.9, ,    15.2, ,     9.0, ,     3.7, ,   -11.9, ,   -19.1, ,      .0,E,   -19.1,E,     3.9,E,    15.0, ,      .3, 
1986,   -15.0, ,   -16.2, ,    -6.1,E,     3.2, ,    12.4, ,    14.9, ,    18.4,E,    16.4, ,    10.2, ,     3.8, ,   -11.3, ,   -11.9, ,     1.6,E,   -16.8, ,     3.2,E,    16.6,E,      .9, 
1987,   -14.1,E,    -7.6, ,    -6.7,E,     7.3, ,    13.0,E,    17.6, ,    18.4, ,    15.6, ,    12.4, ,     2.3, ,    -2.3,E,    -9.9, ,     3.8,E,   -11.2,E,     4.5,E,    17.2, ,     4.1,E
1988,   -21.2, ,   -19.3, ,    -7.8,E,     3.0, ,    12.5, ,    19.9,E,    19.2, ,    17.7, ,    11.0, ,     2.1, ,    -5.6, ,   -15.7, ,     1.3,E,   -16.8, ,     2.6,E,    18.9,E,     2.5, 
1989,   -17.7, ,   -20.2, ,   -12.7,E,      .9, ,    11.0, ,    14.4, ,    20.1, ,    17.3, ,    10.8, ,     3.8, ,   -10.3, ,   -21.3, ,     -.3,E,   -17.9, ,     -.3,E,    17.3, ,     1.4, 
1990,   -15.7, ,   -17.4,E,    -6.2, ,     1.0, ,     8.1, ,    15.6,E,    16.8, ,    17.6, ,    11.6,E,     3.1, ,    -6.4, ,   -20.0, ,      .7,E,   -18.1,E,     1.0, ,    16.7,E,     2.8,E
1991,   -23.0,E,   -11.5,E,    -7.6,E,     4.5,E,    11.7,E,    17.0, ,    17.9,E,    18.5, ,    10.4, ,      .3,E,   -10.8, ,   -14.8, ,     1.1,E,   -18.2,E,     2.9,E,    17.8,E,      .0,E
1992,   -15.4, ,   -12.3, ,    -6.5, ,     1.2, ,    10.6,E,    13.3, ,    14.9, ,    15.2, ,     9.5, ,     3.5,E,    -5.3, ,   -18.1, ,      .9,E,   -14.2, ,     1.8,E,    14.5, ,     2.6,E
1993,   -18.7,E,   -16.3, ,    -6.2,E,     2.9,E,     9.5,E,    14.6, ,    16.6,E,    16.4, ,     8.3,E,     1.4, ,    -7.3, ,   -14.2, ,      .6,E,   -17.7,E,     2.1,E,    15.9,E,      .8,E
1994,   -25.2, ,   -20.2, , -9999.9,M,     1.7, ,     9.8, ,    16.2, ,    17.0,E,    15.1, ,    13.0, ,     6.7, ,    -3.1, ,   -11.8, , -9999.9,M,   -19.9, , -9999.9,M,    16.1,E,     5.5, 
1995,   -17.8, ,   -18.3, ,    -7.5, ,    -1.1, , -9999.9,M,    18.6, ,    17.8, ,    18.1, ,    11.5, ,     4.2, ,   -11.9, ,   -17.7, , -9999.9,M,   -16.0, , -9999.9,M,    18.2, ,     1.3, 
1996,   -23.7, ,   -16.0, ,   -13.7, ,    -1.7, ,     8.0, ,    17.4, ,    18.8, ,    18.9,E,    12.3, ,     4.6, ,   -11.5, ,   -18.6, ,     -.4,E,   -19.1, ,    -2.5, ,    18.4,E,     1.8, 
1997,   -20.7, ,   -14.8, ,   -10.2, ,     -.8,E,     7.2, ,    18.0, ,    19.2, , -9999.9,M,    13.3, ,     4.3,E,    -7.0, ,    -6.8, , -9999.9,M,   -18.0, ,    -1.3,E, -9999.9,M,     3.5,E
1998,   -15.7, ,    -4.7, ,    -6.5, ,     7.0, ,    11.8, ,    15.2, ,    18.6, ,    19.4, ,    12.9, ,     6.2, ,    -3.5, ,   -13.8, ,     3.9, ,    -9.1, ,     4.1, ,    17.7, ,     5.2, 
1999,   -18.6, ,    -9.8, ,    -4.0, ,     5.8, ,    11.0, ,    15.7, ,    19.1, ,    17.3, ,    10.5, ,     3.6, ,     -.6, ,    -9.5, ,     3.4, ,   -14.1, ,     4.3, ,    17.4, ,     4.5, 
2000,   -19.3, ,   -10.8, ,    -1.1, ,     2.7, ,     9.5, ,    13.6, ,    18.9, ,    17.6, ,    10.7, ,     5.5, ,    -5.5, ,   -22.7, ,     1.6, ,   -13.2, ,     3.7, ,    16.7, ,     3.6, 
2001,   -13.0, ,   -20.0, ,    -7.4, ,     4.0, ,    11.8, ,    15.2, ,    19.4, ,    19.0, ,    13.0, ,     3.4, ,      .2, ,   -11.6, ,     2.8, ,   -18.6, ,     2.8, ,    17.9, ,     5.5, 
2002,   -15.8, ,   -11.9, ,   -13.9, ,      .3, ,     7.0, ,    16.9, ,    20.1, ,    17.4, ,    12.3, ,     -.9, ,    -7.0, ,    -9.5, ,     1.3, ,   -13.1, ,    -2.2, ,    18.1, ,     1.5, 
2003,   -17.0, ,   -20.2, ,    -9.4, ,     3.3, ,    11.9, ,    16.4, ,    18.8, ,    20.6, ,    11.6, ,     5.2, ,    -8.0, ,   -10.6, ,     1.9, ,   -15.6, ,     1.9, ,    18.6, ,     2.9, 
2004,   -23.2, ,   -13.0, ,    -7.5, ,     2.2, ,     6.1, ,    13.2, ,    17.1, ,    13.5, ,    13.5, ,     4.9, ,    -2.0, ,   -17.1, ,      .6, ,   -15.6, ,      .3, ,    14.6, ,     5.5, 
2005,   -21.0, ,   -14.4, ,    -9.3, ,     5.6, ,     9.2, ,    16.6, ,    19.2, ,    17.2, ,    13.0, ,     6.0, ,    -3.6, ,    -9.8, ,     2.4, ,   -17.5, ,     1.8, ,    17.7, ,     5.1, 
2006,    -9.3, ,   -16.8, ,    -5.9, ,     7.8, ,    11.2, ,    17.7, ,    20.3,E,    19.3, ,    12.5,E,     3.0, ,    -5.4, ,   -10.3,E,     3.7,E,   -12.0, ,     4.4, ,    19.1,E,     3.4,E
2007,   -16.3, ,   -19.4,E,    -6.0,E, -9999.9,M,    10.6, ,    16.1, ,    20.4,E,    16.9,E,    12.1,E,     5.9, ,    -5.0, ,   -14.7, , -9999.9,M,   -15.3,E, -9999.9,M,    17.8,E,     4.3,E
2008,   -17.2, ,   -18.7, ,    -9.3, ,     1.3, ,     7.7, ,    15.2, ,    18.1, ,    19.0, ,    12.6, ,     6.8, ,    -4.0, ,   -20.7, ,      .9, ,   -16.9, ,     -.1, ,    17.4, ,     5.1, 
2009,   -19.3, ,   -14.7, ,    -9.0, ,     2.5, ,     7.5, ,    14.8, ,    16.5, ,    17.0, ,    17.4, ,     3.9, ,     1.4, ,   -15.3, ,     1.9, ,   -18.2, ,      .3, ,    16.1, ,     7.6, 
2010,   -12.9, , -9999.9,M,     -.4, ,     7.8, ,    11.4, ,    16.0, ,    19.9, ,    18.6, ,    11.4, ,     7.5, ,    -3.1, ,   -14.5, , -9999.9,M, -9999.9,M,     6.3, ,    18.2, ,     5.3, 
2011,   -19.6, ,   -14.5, ,    -9.7, ,     3.5, ,    10.2, ,    16.5, ,    20.5, ,    19.8, ,    14.5, ,     8.1, , -9999.9,M,    -8.3, , -9999.9,M,   -16.2, ,     1.3, ,    18.9, , -9999.9,M
2012,   -12.0, ,   -10.3, ,      .7, ,     4.7, ,    11.3, ,    17.4, ,    21.9, ,    18.8, ,    12.2, ,     3.6, ,    -6.8, ,   -15.2, ,     3.9, ,   -10.2, ,     5.6, ,    19.4, ,     3.0, 
