5021849,MORDEN EXP FARM,MB, station joined    , Monthly mean of homogenized daily mean temperature                     , °C,          Updated to December 2012
5021849,MORDEN EXP FARM,MB, station jointe    , Moyenne mensuelle des températures homogénéisées moyennes quotidiennes , °C, Mise à jour jusqu à décembre 2012
Year,     Jan, ,     Feb, ,     Mar, ,     Apr, ,     May, ,     Jun, ,     Jul, ,     Aug, ,     Sep, ,     Oct, ,     Nov, ,     Dec, ,  Annual, ,  Winter, ,  Spring, ,  Summer, ,  Autumn
Year,    Janv, ,     Fév, ,    Mars, ,     Avr, ,     Mai, ,    Juin, ,    Juil, ,    Août, ,    Sept, ,     Oct, ,     Nov, ,     Déc, ,  Annuel, ,   Hiver, ,Printemp, ,     Eté, , Automne
1904, -9999.9,M, -9999.9,M,    -9.1, ,     1.4, ,    11.9, ,    15.7, ,    17.3, ,    16.0, ,    10.0, ,     5.8, ,     1.0, ,   -11.9, , -9999.9,M, -9999.9,M,     1.4, ,    16.3, ,     5.6, 
1905,   -17.8, ,   -14.1, ,    -2.5, ,     4.1, ,     9.1, ,    14.2, ,    18.9, ,    19.2, ,    14.8, ,     4.8, ,    -1.6, ,    -9.5, ,     3.3, ,   -14.6, ,     3.6, ,    17.4, ,     6.0, 
1906,   -12.0, ,   -14.4, ,    -7.4, ,     8.8, ,     9.4, ,    17.1, ,    19.1, ,    18.7, ,    16.7, ,     5.4, ,    -3.5, ,   -15.9, ,     3.5, ,   -12.0, ,     3.6, ,    18.3, ,     6.2, 
1907,   -22.7, ,   -13.3, ,    -6.8, ,    -2.3, ,     5.0, ,    16.4, ,    19.4, ,    17.0, ,    10.9, ,     6.0, ,    -2.1, ,    -7.7, ,     1.7, ,   -17.3, ,    -1.4, ,    17.6, ,     4.9, 
1908,   -10.0, , -9999.9,M,   -10.7, ,     4.7, ,     9.5, ,    15.4, ,    18.7, ,    16.5, ,    14.4, ,     5.0, ,    -1.8, ,   -11.5, , -9999.9,M, -9999.9,M,     1.2, ,    16.9, ,     5.9, 
1909,   -18.1, ,   -16.4, ,    -7.4, ,     -.9, ,    10.0, ,    17.3, ,    19.6, ,    19.9, ,    15.0, ,     5.4, ,    -3.1, ,   -15.3, ,     2.2, ,   -15.3, ,      .6, ,    18.9, ,     5.8, 
1910,   -12.1, ,   -15.3, ,     3.7, ,     6.1, ,     9.5, ,    20.3, ,    21.1, ,    17.6, ,    12.6, ,     8.4, ,    -6.3, ,   -12.6, ,     4.4, ,   -14.2, ,     6.4, ,    19.7, ,     4.9, 
1911,   -21.6, ,   -13.7, ,    -2.5, ,     4.9, ,    11.7, ,    18.4, ,    17.7, ,    16.4, ,    11.4, ,     6.0, ,    -8.7, ,   -10.3, ,     2.5, ,   -16.0, ,     4.7, ,    17.5, ,     2.9, 
1912,   -23.9, ,   -13.2, ,    -9.8, ,     4.2, ,    11.1, ,    17.1, ,    18.0, ,    15.6, ,    11.2, ,     6.9, ,    -1.3, ,    -9.5, ,     2.2, ,   -15.8, ,     1.8, ,    16.9, ,     5.6, 
1913,   -19.6, ,   -16.9, ,   -12.5, ,     7.0, ,     9.6, ,    18.1, ,    17.2, ,    18.5, ,    12.8, ,     3.1, ,      .6, ,    -5.8, ,     2.7, ,   -15.3, ,     1.4, ,    17.9, ,     5.5, 
1914,   -13.4, ,   -21.3, ,    -5.5, ,     2.2, ,    12.8, ,    16.7, ,    22.4, ,    17.2, ,    14.3, ,    10.7, ,    -2.0, ,   -16.7, ,     3.1, ,   -13.5, ,     3.2, ,    18.8, ,     7.7, 
1915,   -16.8, ,    -9.6, ,    -4.5, ,     8.9, ,    10.6, ,    13.6, ,    17.0, ,    18.4, ,    13.1, ,     7.2, ,    -4.0, ,   -10.8, ,     3.6, ,   -14.4, ,     5.0, ,    16.3, ,     5.4, 
1916,   -21.8, ,   -15.6, ,   -10.2, ,     2.6, ,     9.4, ,    14.2, ,    22.0, ,    18.6, ,    12.6, ,     3.7, ,    -2.1, ,   -17.2, ,     1.4, ,   -16.1, ,      .6, ,    18.3, ,     4.7, 
1917,   -20.6, ,   -20.0, ,    -5.9, ,     1.4, ,    10.4, ,    15.0, ,    20.5, ,    18.0, ,    13.7, ,      .6, ,     2.2, ,   -19.7, ,     1.3, ,   -19.3, ,     2.0, ,    17.8, ,     5.5, 
1918,   -19.4, ,   -15.2, ,      .0, ,     4.6, ,     9.2, ,    16.1, ,    17.1, ,    18.4, ,    10.0, ,     6.8, ,    -2.2, ,   -10.8, ,     2.9, ,   -18.1, ,     4.6, ,    17.2, ,     4.9, 
1919,   -10.6, ,   -15.1, ,   -10.0, ,     5.1, ,    13.8, ,    18.8, ,    20.8, ,    19.4, ,    13.5, ,      .4, ,   -10.0, ,   -15.6, ,     2.5, ,   -12.2, ,     3.0, ,    19.7, ,     1.3, 
1920,   -20.0, ,   -13.9, ,    -7.8, ,    -1.4, ,    12.3, ,    16.7, ,    19.7, ,    20.9, ,    15.7, ,    10.2, ,    -3.0, ,   -11.8, ,     3.1, ,   -16.5, ,     1.0, ,    19.1, ,     7.6, 
1921,   -13.9, ,   -11.0, ,    -8.7, ,     3.4, ,    11.3, ,    19.4, ,    21.5, ,    18.0, ,    14.2, ,     8.2, ,    -7.6, ,    -9.5, ,     3.8, ,   -12.2, ,     2.0, ,    19.6, ,     4.9, 
1922,   -15.9, ,   -17.5, ,    -3.9, ,     5.4, ,    14.4, ,    18.2, ,    18.9, ,    20.9, ,    14.8, ,     7.0, ,      .0, ,   -15.7, ,     3.9, ,   -14.3, ,     5.3, ,    19.3, ,     7.3, 
1923,   -15.3, ,   -17.0, ,   -12.7, ,     1.8, ,    12.0, ,    19.7, ,    22.1, ,    16.6, ,    14.5, ,     6.1, ,     2.3, ,    -6.3, ,     3.7, ,   -16.0, ,      .4, ,    19.5, ,     7.6, 
1924,   -19.8, ,    -9.9, ,    -4.4, ,     1.6, ,     7.7, ,    15.1, ,    18.6, ,    17.8, ,    12.3, ,    10.3, ,    -5.0, ,   -17.1, ,     2.3, ,   -12.0, ,     1.6, ,    17.2, ,     5.9, 
1925,   -16.6, ,   -13.5, ,    -6.0, ,     7.2, ,    10.4, ,    15.2, ,    18.7, ,    19.8, ,    13.4, ,      .2, ,    -2.7, ,   -11.3, ,     2.9, ,   -15.7, ,     3.9, ,    17.9, ,     3.6, 
1926,   -11.4, ,    -9.3, ,    -7.0, ,     3.5, ,    13.8, ,    14.6, ,    19.6, ,    17.8, ,    10.4, ,     4.4, ,    -7.6, ,   -15.6, ,     2.8, ,   -10.7, ,     3.4, ,    17.3, ,     2.4, 
1927,   -15.3, ,   -13.2, ,    -2.1, ,     3.5, ,     8.6, ,    16.1, ,    18.6, ,    16.8, ,    13.7, ,     7.4, ,    -7.6, ,   -18.6, ,     2.3, ,   -14.7, ,     3.3, ,    17.2, ,     4.5, 
1928,   -11.8, ,    -9.7, ,    -5.4, ,     1.1, ,    13.4, ,    14.4, ,    19.1, ,    17.3, ,    11.6, ,     5.4, ,    -1.9, ,    -6.6, ,     3.9, ,   -13.4, ,     3.0, ,    16.9, ,     5.0, 
1929,   -22.9, ,   -17.5, ,    -3.8, ,     4.0, ,     8.8, ,    16.2, ,    20.5, ,    19.6, ,    11.2, ,     7.7, ,    -5.8, ,   -13.8, ,     2.0, ,   -15.7, ,     3.0, ,    18.8, ,     4.4, 
1930,   -20.1, ,    -9.2, ,    -5.0, ,     6.8, ,     9.8, ,    17.9, ,    21.3, ,    20.8, ,    12.8, ,     3.7, ,    -2.7, ,    -9.2, ,     3.9, ,   -14.4, ,     3.9, ,    20.0, ,     4.6, 
1931,   -10.3, ,    -5.0, ,    -6.3, ,     5.5, ,    10.4, ,    19.4, ,    20.8, ,    20.0, ,    15.8, ,     8.9, ,    -1.1, ,    -6.4, ,     6.0, ,    -8.2, ,     3.2, ,    20.1, ,     7.9, 
1932,   -13.5, ,   -13.1, ,    -9.6, ,     4.1, ,    13.1, ,    21.1, ,    20.5, ,    20.7, ,    14.5, ,     2.9, ,    -7.0, ,   -13.0, ,     3.4, ,   -11.0, ,     2.5, ,    20.8, ,     3.5, 
1933,   -14.6, ,   -15.4, ,    -5.4, ,     3.4, ,    12.9, ,    21.2, ,    21.9, ,    20.6, ,    14.5, ,     3.5, ,    -5.8, ,   -19.1, ,     3.1, ,   -14.3, ,     3.6, ,    21.2, ,     4.1, 
1934,   -12.9, ,   -12.0, ,    -6.3, ,     4.2, ,    15.2, ,    17.4, ,    20.6, ,    18.3, ,    11.0, ,     8.3, ,     -.7, ,   -14.1, ,     4.1, ,   -14.7, ,     4.4, ,    18.8, ,     6.2, 
1935,   -20.9, ,    -5.8, ,    -5.7, ,     2.6, ,    10.7, ,    15.4, ,    23.5, ,    18.6, ,    12.7, ,     5.7, ,   -10.1, ,   -13.0, ,     2.8, ,   -13.6, ,     2.5, ,    19.2, ,     2.8, 
1936,   -23.6, ,   -24.5, , -9999.9,M,      .6, ,    15.7, ,    17.5, ,    25.3, ,    19.8, ,    15.0, ,     3.7, ,    -3.8, ,   -12.3, , -9999.9,M,   -20.4, , -9999.9,M,    20.9, ,     5.0, 
1937,   -23.6, ,   -15.0, ,    -6.0, ,     3.4, ,    13.2, ,    17.7, ,    21.5, ,    21.2, ,    13.3, ,     5.7, ,    -4.4, ,   -13.2, ,     2.8, ,   -17.0, ,     3.5, ,    20.1, ,     4.9, 
1938,   -16.0, ,   -15.0, ,     -.4, ,     3.8, ,    11.6, ,    17.3, ,    21.1, ,    20.8, ,    16.4, ,    10.0, ,    -6.0, ,   -10.2, ,     4.5, ,   -14.7, ,     5.0, ,    19.7, ,     6.8, 
1939,   -13.8, ,   -21.1, ,    -7.0, ,     4.0, ,    14.4, ,    15.8, ,    22.7, ,    20.8, ,    14.5, ,     3.7, ,     1.4, ,    -3.9, ,     4.3, ,   -15.0, ,     3.8, ,    19.8, ,     6.5, 
1940,   -15.3, ,   -10.5, ,    -8.0, ,     2.2, ,    12.0, ,    16.6, ,    21.3, ,    19.6, ,    16.6, ,     9.6, ,    -6.1, ,    -9.3, ,     4.1, ,    -9.9, ,     2.1, ,    19.2, ,     6.7, 
1941,   -14.6, ,   -13.4, ,    -6.0, ,     5.5, ,    14.2, ,    18.6, ,    22.0, ,    19.3, ,    13.0, ,     6.7, ,    -3.3, ,    -8.2, ,     4.5, ,   -12.4, ,     4.6, ,    20.0, ,     5.5, 
1942,    -8.7, ,   -13.3, ,    -2.1, ,     6.1, ,    10.2, ,    16.6, ,    19.2, ,    18.7, ,    12.0, ,     8.8, ,    -4.7, ,   -15.2, ,     4.0, ,   -10.1, ,     4.7, ,    18.2, ,     5.4, 
1943,   -21.1, ,   -11.4, ,    -9.7, ,     5.7, ,     9.8, ,    15.6, ,    22.2, ,    18.7, , -9999.9,M,     8.7, ,    -2.3, ,    -7.7, , -9999.9,M,   -15.9, ,     1.9, ,    18.8, , -9999.9,M
1944,    -7.5, ,   -13.8, ,    -9.5, ,     5.1, ,    14.2, ,    16.5, ,    20.1, ,    18.5, ,    13.8, ,     9.0, ,    -1.8, ,   -10.3, ,     4.5, ,    -9.7, ,     3.3, ,    18.4, ,     7.0, 
1945,   -13.4, ,   -11.2, ,      .2, ,     1.3, ,     7.5, ,    15.5, ,    19.7, ,    19.3, ,    11.9, ,     6.5, ,    -6.6, ,   -14.8, ,     3.0, ,   -11.6, ,     3.0, ,    18.2, ,     3.9, 
1946,   -15.0, ,   -16.5, ,     -.1, ,     7.5, ,    10.4, ,    16.8, ,    20.3, ,    18.4, ,    13.1, ,     4.9, ,    -5.3, ,   -14.0, ,     3.4, ,   -15.4, ,     5.9, ,    18.5, ,     4.2, 
1947,   -12.4, ,   -16.0, ,    -6.2, ,     3.3, ,     9.1, ,    15.9, ,    21.7, ,    20.6, ,    12.6, ,    10.2, ,    -5.7, ,   -13.2, ,     3.3, ,   -14.1, ,     2.1, ,    19.4, ,     5.7, 
1948,   -16.3, ,   -16.1, ,   -10.0, ,     1.4, ,    12.5, ,    17.0, ,    19.9, ,    19.6, ,    17.0, ,     8.5, ,    -2.9, ,   -13.6, ,     3.1, ,   -15.2, ,     1.3, ,    18.8, ,     7.5, 
1949,   -17.3, ,   -19.2, ,    -7.6, ,     7.0, ,    12.6, ,    17.7, ,    20.5, ,    21.9, ,    13.1, ,     6.2, ,      .2, ,   -15.2, ,     3.3, ,   -16.7, ,     4.0, ,    20.0, ,     6.5, 
1950,   -25.8, ,   -16.2, ,    -8.9, ,    -1.1, ,     9.4, ,    16.1, ,    18.6, ,    15.8, ,    14.5, ,     7.4, ,    -7.3, ,   -15.0, ,      .6, ,   -19.1, ,     -.2, ,    16.8, ,     4.9, 
1951,   -17.6, ,   -12.7, ,    -9.6, ,     3.1, ,    14.2, ,    15.4, ,    19.7, ,    16.9, ,    11.2, ,     4.5, ,    -7.1, ,   -14.7, ,     1.9, ,   -15.1, ,     2.6, ,    17.3, ,     2.9, 
1952,   -17.4, ,    -8.4, ,    -7.0, ,     9.9, ,    12.4, ,    18.0, ,    20.1, ,    19.0, ,    15.7, ,     6.0, ,    -1.4, ,    -8.0, ,     4.9, ,   -13.5, ,     5.1, ,    19.0, ,     6.8, 
1953,   -14.6, ,   -11.6, ,    -4.8, ,     2.6, ,    11.3, ,    16.9, ,    19.8, ,    20.7, ,    13.0, ,    10.6, ,      .9, ,    -8.7, ,     4.7, ,   -11.4, ,     3.0, ,    19.1, ,     8.2, 
1954,   -21.9, ,    -3.7, ,    -5.9, ,     1.5, ,     8.9, ,    16.2, ,    20.4, ,    18.1, ,    12.2, ,     6.7, ,      .3, ,    -6.1, ,     3.9, ,   -11.4, ,     1.5, ,    18.2, ,     6.4, 
1955,   -15.9, ,   -16.6, ,   -12.6, ,     8.5, ,    13.0, ,    17.5, ,    21.7, ,    21.2, ,    12.7, ,     7.9, ,    -9.6, ,   -17.7, ,     2.5, ,   -12.9, ,     3.0, ,    20.1, ,     3.7, 
1956,   -17.4, ,   -15.3, ,    -9.8, ,     -.6, ,     9.7, ,    19.5, ,    18.2, ,    18.9, ,    11.1, ,     8.3, ,    -2.2, ,   -12.3, ,     2.3, ,   -16.8, ,     -.2, ,    18.9, ,     5.7, 
1957,   -18.7, ,   -13.0, ,    -4.8, ,     4.6, ,    12.6, ,    14.8, ,    21.6, ,    18.6, ,    12.2, ,     7.1, ,    -3.3, ,    -8.3, ,     3.6, ,   -14.7, ,     4.1, ,    18.3, ,     5.3, 
1958,   -10.3, ,   -13.6, ,    -2.9, ,     5.8, ,    12.9, ,    15.1, ,    18.7, ,    18.5, ,    13.5, ,     7.5, ,    -3.8, ,   -16.0, ,     3.8, ,   -10.7, ,     5.3, ,    17.4, ,     5.7, 
1959,   -19.6, ,   -15.2, ,    -3.9, ,     4.1, ,    10.3, ,    18.1, ,    21.0, ,    20.7, ,    12.4, ,     1.8, ,    -7.8, ,    -5.6, ,     3.0, ,   -16.9, ,     3.5, ,    19.9, ,     2.1, 
1960,   -15.7, ,   -12.8, ,    -9.6, ,     3.2, ,    12.0, ,    16.4, ,    21.1, ,    20.0, ,    14.9, ,     7.1, ,    -3.5, ,   -12.8, ,     3.4, ,   -11.4, ,     1.9, ,    19.2, ,     6.2, 
1961,   -14.9, ,   -10.1, ,    -3.7, ,     1.6, ,    11.3, ,    20.0, ,    20.1, ,    22.7, ,    11.4, ,     7.3, ,    -2.9, ,   -15.9, ,     3.9, ,   -12.6, ,     3.1, ,    20.9, ,     5.3, 
1962,   -17.7, ,   -17.8, ,    -8.6, ,     1.3, ,    10.8, ,    18.1, ,    18.6, ,    18.7, ,    12.0, ,     8.9, ,     -.6, ,   -11.1, ,     2.7, ,   -17.1, ,     1.2, ,    18.5, ,     6.8, 
1963,   -18.7, ,   -14.8, ,    -3.1, ,     4.7, ,    10.5, ,    18.6, ,    21.0, ,    20.1, ,    15.8, ,    13.6, ,     -.5, ,   -14.4, ,     4.4, ,   -14.9, ,     4.0, ,    19.9, ,     9.6, 
1964,   -11.6, ,    -9.3, ,   -10.1, ,     5.4, ,    13.7, ,    15.8, ,    20.9, ,    16.8, ,    12.0, ,     8.1, ,    -3.3, ,   -17.2, ,     3.4, ,   -11.8, ,     3.0, ,    17.8, ,     5.6, 
1965,   -19.0, ,   -15.7, ,   -11.0, ,     3.9, ,    10.7, ,    17.0, ,    19.0, ,    18.4, ,     8.3, ,     8.0, ,    -5.6, ,    -7.8, ,     2.2, ,   -17.3, ,     1.2, ,    18.1, ,     3.6, 
1966,   -24.6, ,   -16.5, ,    -4.0, ,     1.5, ,     9.0, ,    17.8, ,    21.4, ,    18.6, ,    15.0, ,     6.4, ,    -7.5, ,   -13.8, ,     1.9, ,   -16.3, ,     2.2, ,    19.3, ,     4.6, 
1967,   -15.7, ,   -18.7, ,    -7.3, ,     1.0, ,     8.8, ,    16.8, ,    20.1, ,    19.0, ,    16.6, ,     5.9, ,    -2.9, ,   -10.4, ,     2.8, ,   -16.1, ,      .8, ,    18.6, ,     6.5, 
1968,   -15.6, ,   -14.0, ,    -1.1, ,     5.0, ,     9.9, ,    16.5, ,    19.1, ,    16.3, ,    14.2, ,     6.4, ,    -1.7, ,   -13.7, ,     3.4, ,   -13.3, ,     4.6, ,    17.3, ,     6.3, 
1969,   -20.2, ,   -13.1, ,    -8.8, ,     6.3, ,    11.9, ,    13.2, ,    19.4, ,    22.1, ,    14.3, ,     3.5, ,    -1.7, ,    -8.4, ,     3.2, ,   -15.7, ,     3.1, ,    18.2, ,     5.4, 
1970,   -17.7, ,   -13.1, ,   -10.2, ,     1.4, ,    10.0, ,    20.2, ,    21.6, ,    20.0, ,    13.8, ,     7.1, ,    -3.7, ,   -15.4, ,     2.8, ,   -13.1, ,      .4, ,    20.6, ,     5.7, 
1971,   -20.3, ,   -10.8, ,    -6.0, ,     3.7, ,    11.4, ,    18.3, ,    17.8, ,    19.8, ,    13.9, ,     7.4, ,    -3.9, ,   -13.4, ,     3.2, ,   -15.5, ,     3.0, ,    18.6, ,     5.8, 
1972,   -18.5, ,   -16.8, ,    -6.4, ,     3.9, ,    14.9, ,    18.5, ,    18.3, ,    19.8, ,    11.5, ,     4.4, ,    -5.1, ,   -16.1, ,     2.4, ,   -16.2, ,     4.1, ,    18.9, ,     3.6, 
1973,   -10.8, ,   -11.0, ,     1.3, ,     3.8, ,    12.4, ,    17.7, ,    19.1, ,    20.5, ,    13.1, ,     9.4, ,    -6.5, ,   -14.3, ,     4.6, ,   -12.6, ,     5.8, ,    19.1, ,     5.3, 
1974,   -20.4, ,   -14.4, ,    -9.6, ,     2.9, ,     9.1, ,    18.5, ,    22.4, ,    17.3, ,    11.2, ,     7.8, ,    -2.4, ,    -6.9, ,     3.0, ,   -16.4, ,      .8, ,    19.4, ,     5.5, 
1975,   -13.4, ,   -14.1, ,    -8.8, ,     1.8, ,    12.5, ,    17.3, ,    22.5, ,    18.1, ,    12.3, ,     7.2, ,    -1.1, ,   -11.9, ,     3.5, ,   -11.5, ,     1.8, ,    19.3, ,     6.1, 
1976,   -15.4, ,    -9.0, ,    -8.2, ,     6.9, ,    12.7, ,    18.6, ,    20.5, ,    20.0, ,    15.0, ,     3.7, ,    -4.1, ,   -15.2, ,     3.8, ,   -12.1, ,     3.8, ,    19.7, ,     4.9, 
1977,   -18.4, ,    -7.8, ,     -.4, ,     8.8, ,    18.7, ,    17.5, ,    20.4, ,    15.7, ,    12.9, ,     8.8, ,    -3.8, ,   -16.2, ,     4.7, ,   -13.8, ,     9.0, ,    17.9, ,     6.0, 
1978,   -20.0, ,   -16.0, ,    -5.3, ,     4.3, ,    14.9, ,    17.5, ,    19.7, ,    18.6, ,    15.6, ,     7.8, ,    -6.3, ,   -15.4, ,     3.0, ,   -17.4, ,     4.6, ,    18.6, ,     5.7, 
1979,   -20.6, ,   -20.6, ,    -9.3, ,    -1.3, ,     8.3, ,    17.3, ,    21.3, ,    17.5, ,    13.8, ,     5.9, ,    -3.7, ,    -7.0, ,     1.8, ,   -18.9, ,     -.8, ,    18.7, ,     5.3, 
1980,   -16.6, ,   -14.1, ,    -7.7, ,     9.5, ,    16.6, ,    18.1, ,    20.8, ,    16.8, ,    12.3, ,     4.9, ,      .2, ,   -12.6, ,     4.0, ,   -12.6, ,     6.1, ,    18.6, ,     5.8, 
1981,   -10.8, ,    -8.1, ,     -.1, ,     6.2, ,    11.8, ,    16.8, ,    20.8, ,    20.4, ,    13.5, ,     5.8, ,     2.2, ,   -12.2, ,     5.5, ,   -10.5, ,     6.0, ,    19.3, ,     7.2, 
1982,   -23.8, ,   -12.7, ,    -5.9, ,     3.5, ,    13.0, ,    14.2, ,    20.1, ,    17.5, ,    13.3, ,     6.5, ,    -5.2, ,    -8.6,E,     2.7,E,   -16.2, ,     3.5, ,    17.3, ,     4.9, 
1983,    -9.8, ,    -8.3, ,    -4.2, ,     3.4, ,     9.5, ,    17.5, ,    22.5, ,    23.2, ,    13.2, ,     6.7, ,    -1.4, ,   -18.9, ,     4.5, ,    -8.9,E,     2.9, ,    21.1, ,     6.2, 
1984,   -12.4, ,    -4.0, ,    -5.8, ,     7.1,E,    11.3, ,    17.5,E,    20.6, ,    21.8, ,    11.3, ,     6.6, ,    -4.4, ,   -15.8, ,     4.5,E,   -11.8, ,     4.2,E,    20.0,E,     4.5, 
1985,   -15.2,E,   -14.8, ,    -1.4, ,     7.6, ,    14.3, ,    14.2, ,    19.4, ,    16.3, ,    10.3, ,     5.9, ,   -11.1, ,   -15.3, ,     2.5,E,   -15.3,E,     6.8, ,    16.6, ,     1.7, 
1986,   -11.1, ,   -13.4, ,    -1.4, ,     4.8, ,    14.2, ,    17.7, ,    20.0, ,    18.2, ,    12.3, ,     6.4, ,    -7.6, ,    -7.3, ,     4.4, ,   -13.3, ,     5.9, ,    18.6, ,     3.7, 
1987,    -9.8,E,    -5.4, ,    -4.4, ,    10.0, ,    15.5, ,    19.6,E,    20.1,E,    18.0, ,    15.0, ,     5.1,E,      .6, ,    -7.0, ,     6.4,E,    -7.5,E,     7.0, ,    19.2,E,     6.9,E
1988,   -16.3,E,   -13.3, ,    -3.0, ,     6.8, ,    15.5, ,    22.7, ,    22.1, ,    21.1, ,    13.2, ,     5.3, ,    -3.9,E,   -10.7, ,     5.0,E,   -12.2,E,     6.4, ,    22.0, ,     4.9,E
1989,   -13.8, ,   -16.4, ,    -9.0,E,     4.0, ,    14.3, ,    16.9, ,    23.2, ,    20.2, ,    14.7,E,     6.8, ,    -5.5, ,   -17.0, ,     3.2,E,   -13.6, ,     3.1,E,    20.1, ,     5.3,E
1990,    -9.4, ,   -11.7,E,    -3.0, ,     4.2, ,    11.2,E,    17.9, ,    19.6, ,    20.3, ,    15.2, ,     6.4,E,    -2.5,E,   -14.8,E,     4.5,E,   -12.7,E,     4.1,E,    19.3, ,     6.4,E
1991,   -16.6,E,    -7.2,E,    -3.8,E,     7.0,E,    14.4, ,    18.7,E,    19.6,E,    20.9,E,    13.0, ,     2.5,E,    -7.0, ,    -9.6, ,     4.3,E,   -12.9,E,     5.9,E,    19.7,E,     2.8,E
1992,   -10.1,E,    -8.7, ,    -2.2,E,     3.2,E,    13.2, ,    15.6,E,    16.3, ,    16.4,E,    12.1,E,     5.8, ,    -4.0,E,   -15.6,E,     3.5,E,    -9.5,E,     4.7,E,    16.1,E,     4.6,E
1993,   -15.0, ,   -12.0,E,    -3.2, ,     4.5,E,    12.1, ,    15.3, ,    17.2, ,    18.2, ,    11.1, ,     4.5, ,    -5.1,E,   -10.5, ,     3.1,E,   -14.2,E,     4.5,E,    16.9, ,     3.5,E
1994,   -22.1,E,   -17.3, ,    -1.3, ,     4.7, ,    13.3, ,    18.0, ,    18.4, ,    17.7, ,    15.5, ,     8.5,E,    -1.2,E,    -9.5,E,     3.7,E,   -16.6,E,     5.6, ,    18.0, ,     7.6,E
1995,   -14.0, ,   -12.5, ,    -5.6, ,     1.2, ,    11.2, ,    20.1, ,    20.1, ,    19.9, ,    13.3,E,     5.7, ,    -8.7,E,   -14.4, ,     3.0,E,   -12.0,E,     2.3, ,    20.0, ,     3.4,E
1996,   -19.8,E,   -12.0, ,    -9.3, ,      .0, ,    10.2,E,    18.6, ,    19.2, ,    19.8, ,    13.4, ,     5.8, ,   -10.6, ,   -16.9, ,     1.5,E,   -15.4,E,      .3,E,    19.2, ,     2.9, 
1997,   -18.2, ,   -11.0, ,    -7.9, ,      .4, ,     9.5, ,    19.5, ,    19.9, ,    19.1, ,    15.4, ,     5.8, ,    -4.4, ,    -4.1, ,     3.7, ,   -15.4, ,      .7, ,    19.5, ,     5.6, 
1998,   -14.7, ,    -4.3,E,    -5.6, ,     8.8, ,    13.9, ,    15.7, ,    20.2, ,    21.1, ,    16.0, ,     7.1, ,    -2.6, , -9999.9,M, -9999.9,M,    -7.7,E,     5.7, ,    19.0, ,     6.8, 
1999, -9999.9,M, -9999.9,M, -9999.9,M, -9999.9,M, -9999.9,M, -9999.9,M, -9999.9,M, -9999.9,M, -9999.9,M, -9999.9,M, -9999.9,M,    -6.2, , -9999.9,M, -9999.9,M, -9999.9,M, -9999.9,M, -9999.9,M
2000,   -14.4, ,    -5.5, ,     1.3, ,     5.2, ,    12.4, ,    15.5, ,    19.9, ,    19.9, ,    12.9, ,     7.7, ,    -4.5, ,   -19.0, ,     4.3, ,    -8.7, ,     6.3, ,    18.4, ,     5.4, 
2001,    -9.0, ,   -15.4, ,    -4.2, ,     5.5, ,    13.5, ,    17.0, ,    20.6, ,    20.5, ,    14.1, ,     5.4, ,     2.6, ,    -8.4, ,     5.2, ,   -14.5, ,     4.9, ,    19.4, ,     7.4, 
2002,   -11.3, ,    -6.4, ,    -9.1, ,     3.2, ,     9.3, ,    18.5, ,    21.6, ,    18.6, ,    14.6, ,     1.2, ,    -3.6, ,    -6.4, ,     4.2, ,    -8.7, ,     1.1, ,    19.6, ,     4.1, 
2003,   -12.9, ,   -15.6, ,    -6.1, ,     6.3, ,    12.9, ,    17.3, ,    20.3, ,    21.5, ,    13.4, ,     8.3, ,    -5.5, ,    -7.3, ,     4.4, ,   -11.6, ,     4.4, ,    19.7, ,     5.4, 
2004,   -18.8, ,    -9.6, ,    -3.1, ,     4.8, ,     8.5, ,    15.2, ,    19.0, ,    14.9, ,    14.9, ,     6.8, ,     1.4, ,   -11.4, ,     3.6, ,   -11.9, ,     3.4, ,    16.4, ,     7.7, 
2005,   -16.6, ,   -10.6, ,    -5.8, ,     8.0, ,    10.7, ,    17.8, ,    20.2, ,    18.3, ,    15.1, ,     7.1, ,    -1.4, ,    -7.4, ,     4.6, ,   -12.9, ,     4.3, ,    18.8, ,     6.9, 
2006,    -5.2, ,   -13.2, ,    -4.7, ,     9.0, ,    12.7, ,    19.0, ,    22.0, ,    19.8, ,    14.0, ,     2.8, ,    -3.4, ,    -6.8, ,     5.5, ,    -8.6, ,     5.7, ,    20.3, ,     4.5, 
2007,   -11.6, ,   -16.1, ,    -3.0, ,     4.6, ,    12.7, ,    18.0, ,    21.9, ,    18.1,E,    13.0,E,     7.1, ,    -3.6, ,   -14.3, ,     3.9,E,   -11.5, ,     4.8, ,    19.3,E,     5.5,E
2008,   -15.3, ,   -15.4, ,    -6.4, ,     3.2, ,     9.0, ,    15.6, ,    18.4, ,    18.9, ,    12.7, ,     6.3, ,    -3.5, ,   -18.0, ,     2.1, ,   -15.0, ,     1.9, ,    17.6, ,     5.2, 
2009,   -17.8, ,   -13.9, ,    -7.9, ,     2.6, ,     8.7, ,    15.2, ,    16.9, ,    17.5, ,    17.4, ,     3.2, ,     2.3, ,   -14.8, ,     2.5, ,   -16.6, ,     1.1, ,    16.5, ,     7.6, 
2010,   -13.1, ,   -13.2, ,     -.7, ,     8.6, ,    11.2, ,    16.7,E,    20.6, ,    19.7, ,    12.6,E,     8.9, ,    -3.2, ,   -13.2, ,     4.6,E,   -13.7, ,     6.4, ,    19.0,E,     6.1,E
2011,   -16.2, ,   -12.0, ,    -7.2, ,     4.4, ,    10.6, ,    16.8, ,    21.1, ,    20.5, ,    15.0, ,     9.0, ,    -1.2, ,    -6.1, ,     4.6, ,   -13.8, ,     2.6, ,    19.5, ,     7.6, 
2012,    -8.6, ,    -6.5, ,     2.4, ,     6.7, ,    12.7,E,    18.2, ,    22.7, ,    19.8, ,    13.9, ,     4.9, ,    -4.8, ,   -13.5, ,     5.7,E,    -7.1, ,     7.3,E,    20.2, ,     4.7, 
