5031042,GIMLI          ,MB, station joined    , Monthly mean of homogenized daily mean temperature                     , °C,          Updated to December 2012
5031042,GIMLI          ,MB, station jointe    , Moyenne mensuelle des températures homogénéisées moyennes quotidiennes , °C, Mise à jour jusqu à décembre 2012
Year,     Jan, ,     Feb, ,     Mar, ,     Apr, ,     May, ,     Jun, ,     Jul, ,     Aug, ,     Sep, ,     Oct, ,     Nov, ,     Dec, ,  Annual, ,  Winter, ,  Spring, ,  Summer, ,  Autumn
Year,    Janv, ,     Fév, ,    Mars, ,     Avr, ,     Mai, ,    Juin, ,    Juil, ,    Août, ,    Sept, ,     Oct, ,     Nov, ,     Déc, ,  Annuel, ,   Hiver, ,Printemp, ,     Eté, , Automne
1944, -9999.9,M, -9999.9,M,   -11.7, ,     3.6, ,    12.3, ,    15.3, ,    18.7, ,    17.1, ,    12.5, ,     6.9, ,    -2.3, ,   -12.3, , -9999.9,M, -9999.9,M,     1.4, ,    17.0, ,     5.7, 
1945,   -16.1, ,   -14.1, ,    -2.4, ,     -.9, ,     6.4, ,    14.7, ,    18.2, ,    18.0, ,    10.3, ,     4.3, ,    -7.6, ,   -17.7, ,     1.1, ,   -14.2, ,     1.0, ,    17.0, ,     2.3, 
1946,   -18.3, ,   -19.0, , -9999.9,M,     5.4, ,     9.1, ,    15.2, ,    19.4, ,    16.9, ,    11.5, ,     4.1, ,    -6.4, ,   -15.1, , -9999.9,M,   -18.3, , -9999.9,M,    17.2, ,     3.1, 
1947,   -15.3, ,   -18.6, ,    -8.9, ,      .0, ,     6.0, ,    14.8, ,    20.3, ,    19.5, ,    11.3, ,     9.4, ,    -6.2, ,   -15.0, ,     1.4, ,   -16.3, ,    -1.0, ,    18.2, ,     4.8, 
1948,   -18.4, ,   -17.9, ,   -11.0, ,     -.5, ,     9.1, ,    15.9, ,    19.5, ,    19.3, ,    16.0, ,     7.5, ,    -2.9, ,   -14.4, ,     1.9, ,   -17.1, ,     -.8, ,    18.2, ,     6.9, 
1949,   -18.5, ,   -21.5, ,    -9.8, ,     4.4, ,    10.3, ,    16.2, ,    19.2, ,    20.6, ,    11.3, ,     4.8, ,    -1.0, ,   -16.2, ,     1.7, ,   -18.1, ,     1.6, ,    18.7, ,     5.0, 
1950,   -27.4, ,   -17.4, ,   -12.0, ,    -2.8, ,     7.0, ,    13.6, ,    17.8, ,    15.4, ,    12.9, ,     5.9, ,    -7.3, ,   -17.1, ,    -1.0, ,   -20.3, ,    -2.6, ,    15.6, ,     3.8, 
1951,   -20.3, ,   -14.6, ,   -11.0, ,     1.7, ,    11.7, ,    14.0, ,    17.7, ,    15.5, ,    10.6, ,     3.2, ,    -7.8, ,   -16.4, ,      .4, ,   -17.3, ,      .8, ,    15.7, ,     2.0, 
1952,   -20.0, ,   -11.9, ,    -8.9, ,     7.8, ,    10.1, ,    15.6, ,    18.2, ,    17.2, ,    12.7, ,     3.7, ,    -2.8, ,    -9.0, ,     2.7, ,   -16.1, ,     3.0, ,    17.0, ,     4.5, 
1953,   -17.1, ,   -14.2, ,    -6.9, ,     1.1, ,     9.8, ,    15.3, ,    18.4, ,    19.4, ,    11.3, ,     8.9, ,     -.1, ,   -11.5, ,     2.9, ,   -13.4, ,     1.3, ,    17.7, ,     6.7, 
1954,   -24.0, ,    -7.3, ,    -9.9, ,    -1.0, ,     7.2, ,    15.6, ,    19.6, ,    17.2, ,    11.7, ,     5.5, ,     -.7, ,    -8.6, ,     2.1, ,   -14.3, ,    -1.2, ,    17.5, ,     5.5, 
1955,   -17.2, ,   -17.6, ,   -14.2, ,     6.6, ,    11.5, ,    17.3, ,    21.4, ,    20.0, ,    11.8, ,     6.8, ,    -9.2, ,   -18.8, ,     1.5, ,   -14.5, ,     1.3, ,    19.6, ,     3.1, 
1956,   -17.1, ,   -16.3, ,   -11.3, ,    -1.3, ,     7.3, ,    19.1, ,    17.6, ,    17.5, ,     9.2, ,     7.2, ,    -3.1, ,   -14.8, ,     1.2, ,   -17.4, ,    -1.8, ,    18.1, ,     4.4, 
1957,   -21.3, ,   -15.6, ,    -6.7, ,     2.9, ,    11.2, ,    13.6, ,    21.4, ,    17.9, ,    11.1, ,     7.1, ,    -4.3, ,   -11.7, ,     2.1, ,   -17.2, ,     2.5, ,    17.6, ,     4.6, 
1958,   -13.0, ,   -15.7, ,    -3.8, ,     4.7, ,    10.5, ,    13.2, ,    18.0, ,    16.8, ,    12.1, ,     6.4, ,    -4.4, ,   -18.7, ,     2.2, ,   -13.5, ,     3.8, ,    16.0, ,     4.7, 
1959,   -21.6, ,   -17.5, ,    -6.4, ,     2.3, ,     8.6, ,    16.5, ,    19.9, ,    18.6, ,    11.5, ,     1.6, ,    -9.6, ,    -8.4, ,     1.3, ,   -19.3, ,     1.5, ,    18.3, ,     1.2, 
1960,   -17.8, ,   -14.1, ,   -11.4, ,      .9, ,    11.4, ,    15.2, ,    19.3, ,    18.4, ,    12.8, ,     6.5, ,    -4.2, ,   -14.8, ,     1.9, ,   -13.4, ,      .3, ,    17.6, ,     5.0, 
1961,   -17.3, ,   -11.6, ,    -5.1, ,      .7, ,     9.8, ,    17.8, ,    19.2, ,    20.0, ,    10.5, ,     5.9, ,    -3.7, ,   -17.3, ,     2.4, ,   -14.6, ,     1.8, ,    19.0, ,     4.2, 
1962,   -21.1, ,   -20.1, ,    -7.6, ,      .1, ,     9.5, ,    17.6, ,    18.0, ,    17.4, ,    11.1, ,     7.8, ,    -2.1, ,   -13.4, ,     1.4, ,   -19.5, ,      .7, ,    17.7, ,     5.6, 
1963,   -21.7, ,   -17.7, ,    -6.9, ,     3.2, ,     8.9, ,    17.6, ,    21.0, ,    18.6, ,    13.5, ,    11.8, ,    -2.2, ,   -16.4, ,     2.5, ,   -17.6, ,     1.7, ,    19.1, ,     7.7, 
1964,   -15.1, ,   -12.6, ,   -12.9, ,     3.9, ,    11.4, ,    15.2, ,    20.3, ,    16.0, ,    10.4, ,     6.0, ,    -4.7, ,   -18.8, ,     1.6, ,   -14.7, ,      .8, ,    17.2, ,     3.9, 
1965,   -21.9, ,   -19.0, ,   -13.6, ,     2.7, ,     9.3, ,    16.2, ,    17.5, ,    16.9, ,     7.8, ,     6.8, ,    -6.5, ,   -10.3, ,      .5, ,   -19.9, ,     -.5, ,    16.9, ,     2.7, 
1966,   -26.2, ,   -19.1, ,    -4.8, ,      .3, ,     8.0, ,    16.8, ,    20.2, ,    17.9, ,    13.4, ,     5.1, ,   -10.3, ,   -16.8, ,      .4, ,   -18.5, ,     1.2, ,    18.3, ,     2.7, 
1967,   -18.2, ,   -21.5, ,    -9.4, ,    -1.1, ,     7.5, ,    15.7, ,    18.6, ,    17.6, ,    15.2, ,     4.0, ,    -4.1, ,   -12.5, ,     1.0, ,   -18.8, ,    -1.0, ,    17.3, ,     5.0, 
1968,   -19.2, ,   -17.0, ,    -4.6, ,     3.4, ,     8.7, ,    14.7, ,    17.7, ,    15.3, ,    13.5, ,     5.3, ,    -3.5, ,   -14.2, ,     1.7, ,   -16.2, ,     2.5, ,    15.9, ,     5.1, 
1969,   -21.3, ,   -13.6, ,    -9.7, ,     5.2, ,     9.4, ,    12.1, ,    18.3, ,    20.5, ,    12.5, ,     2.4, ,    -3.6, ,   -10.7, ,     1.8, ,   -16.4, ,     1.6, ,    17.0, ,     3.8, 
1970,   -19.6, ,   -16.3, ,   -12.4, ,     1.0, ,     8.7, ,    18.3, ,    20.2, ,    18.2, ,    12.3, ,     5.6, ,    -4.9, ,   -18.4, ,     1.1, ,   -15.5, ,     -.9, ,    18.9, ,     4.3, 
1971,   -22.3, ,   -13.5, ,    -6.8, ,     2.5, ,    10.3, ,    17.2, ,    16.7, ,    18.5, ,    12.6, ,     6.1, ,    -5.9, ,   -16.1, ,     1.6, ,   -18.1, ,     2.0, ,    17.5, ,     4.3, 
1972,   -22.9, ,   -19.9, ,    -8.8, ,     1.0, ,    12.1, ,    16.8, ,    16.4, ,    17.5, ,     9.5, ,     2.6, ,    -6.4, ,   -19.9, ,     -.2, ,   -19.6, ,     1.4, ,    16.9, ,     1.9, 
1973,   -14.8, ,   -14.7, ,    -1.2, ,     1.4, ,     9.8, ,    15.2, ,    18.3, ,    19.1, ,    12.2, ,     7.6, ,    -6.7, ,   -16.4, ,     2.5, ,   -16.5, ,     3.3, ,    17.5, ,     4.4, 
1974,   -23.0, ,   -18.0, ,   -12.0, ,     1.0, ,     6.5, ,    16.2, ,    20.5, ,    16.2, ,     9.2, ,     5.5, ,    -3.2, ,    -9.0, ,      .8, ,   -19.1, ,    -1.5, ,    17.6, ,     3.8, 
1975,   -16.1, ,   -17.1, ,   -11.1, ,      .5, ,    10.6, ,    16.1, ,    21.1, ,    16.7, ,    10.8, ,     6.7, ,    -1.5, ,   -14.9, ,     1.8, ,   -14.1, ,      .0, ,    18.0, ,     5.3, 
1976,   -18.5, ,   -12.2, ,   -10.3, ,     4.6, ,    10.7, ,    17.6, ,    19.2, ,    19.0, ,    12.5, ,     2.7, ,    -6.3, ,   -19.1, ,     1.7, ,   -15.2, ,     1.7, ,    18.6, ,     3.0, 
1977,   -20.9, ,   -11.7, ,    -3.7, ,     4.7, ,    14.9, ,    16.5, ,    18.5, ,    13.7, ,    12.5, ,     7.2, ,    -4.7, ,   -18.1, ,     2.4, ,   -17.2, ,     5.3, ,    16.2, ,     5.0, 
1978,   -21.7, ,   -17.3, ,    -9.0, ,     1.2, ,    12.6, ,    14.9, ,    17.9, ,    16.3, ,    13.4, ,     5.6, ,    -8.3, ,   -18.7, ,      .6, ,   -19.0, ,     1.6, ,    16.4, ,     3.6, 
1979,   -22.5, ,   -21.9, ,   -10.0, ,    -1.7, ,     5.3, ,    15.0, ,    20.3, ,    15.6, ,    11.9, ,     4.2, ,    -5.0, ,   -10.8, ,      .0, ,   -21.0, ,    -2.1, ,    17.0, ,     3.7, 
1980,   -19.2, ,   -16.6, ,   -11.0, ,     5.7, ,    13.5, ,    15.5, ,    19.1, ,    16.5, ,    11.0, ,     3.9, ,    -2.7, ,   -16.3, ,     1.6, ,   -15.5, ,     2.7, ,    17.0, ,     4.1, 
1981,   -14.5, ,   -10.5, ,    -2.1, ,     2.4, ,     9.2, ,    15.1, ,    19.8, ,    19.4, ,    12.3, ,     4.4, ,      .6, ,   -13.0, ,     3.6, ,   -13.8, ,     3.2, ,    18.1, ,     5.8, 
1982,   -25.7, ,   -16.0, ,    -8.6, ,     1.1, ,    10.8, ,    13.3, ,    19.1, ,    16.0, ,    11.7, ,     5.8, ,    -6.2, ,   -11.2, ,      .8, ,   -18.2, ,     1.1, ,    16.1, ,     3.8, 
1983,   -13.2, ,   -11.7, ,    -5.7, ,     2.2, ,     6.3, ,    16.0, ,    21.2, ,    21.3, ,    12.9, ,     5.9, ,    -1.3, ,   -20.4, ,     2.8, ,   -12.0, ,      .9, ,    19.5, ,     5.8, 
1984,   -17.8, ,    -7.5, ,    -8.4, ,     5.4, ,     8.8, ,    16.6, ,    19.2, ,    20.2, ,    10.3, ,     6.0, ,    -5.6, ,   -17.7, ,     2.5, ,   -15.2, ,     1.9, ,    18.7, ,     3.6, 
1985,   -17.6, ,   -17.2, ,    -3.9, ,     4.7, ,    11.0, ,    13.2, ,    17.6, ,    15.5, ,     9.5, ,     4.8, ,   -12.0, ,   -17.6, ,      .7, ,   -17.5, ,     3.9, ,    15.4, ,      .8, 
1986,   -13.4, ,   -15.0, ,    -5.0, ,     2.6, ,    11.9, ,    15.0, ,    18.7, ,    16.9, ,    10.8, ,     4.8, ,   -10.0, ,   -10.3, ,     2.3, ,   -15.3, ,     3.2, ,    16.9, ,     1.9, 
1987,   -12.5, ,    -6.6, ,    -5.5, ,     7.1, ,    13.6, ,    18.0, ,    19.0, ,    16.1, ,    13.3, ,     3.4, ,    -1.2, ,    -8.7, ,     4.7, ,    -9.8, ,     5.1, ,    17.7, ,     5.2, 
1988,   -19.4, ,   -17.0, ,    -6.6, ,     3.4, ,    12.5, ,    20.5, ,    19.9, ,    18.7, ,    11.9, ,     3.5, ,    -4.5, ,   -13.7, ,     2.4, ,   -15.0, ,     3.1, ,    19.7, ,     3.6, 
1989,   -16.7, ,   -18.7, ,   -10.6, ,      .8, ,    10.7, ,    15.3, ,    21.1, ,    17.8, ,    12.2, ,     4.9, ,    -8.5, ,   -19.8, ,      .7, ,   -16.4, ,      .3, ,    18.1, ,     2.9, 
1990,   -12.8, ,   -15.7, ,    -5.3, ,      .9, ,     8.0, ,    16.4, ,    18.4, ,    18.6, ,    12.9, ,     4.4, ,    -4.6, ,   -17.2, ,     2.0, ,   -16.1, ,     1.2, ,    17.8, ,     4.2, 
1991,   -19.9, ,   -10.6, ,    -7.0, ,     4.4, ,    12.4, ,    18.1, ,    18.7, ,    19.2, ,    10.9, ,     1.7, , -9999.9,M, -9999.9,M, -9999.9,M,   -15.9, ,     3.3, ,    18.7, , -9999.9,M
1992, -9999.9,M, -9999.9,M, -9999.9,M, -9999.9,M, -9999.9,M, -9999.9,M, -9999.9,M, -9999.9,M, -9999.9,M, -9999.9,M, -9999.9,M, -9999.9,M, -9999.9,M, -9999.9,M, -9999.9,M, -9999.9,M, -9999.9,M
1993, -9999.9,M, -9999.9,M, -9999.9,M, -9999.9,M, -9999.9,M, -9999.9,M, -9999.9,M, -9999.9,M, -9999.9,M, -9999.9,M, -9999.9,M,   -13.4,E, -9999.9,M, -9999.9,M, -9999.9,M, -9999.9,M, -9999.9,M
1994,   -24.2,E,   -19.1,E,    -3.3, ,     2.7, ,    10.8, ,    17.0, ,    18.1, ,    16.1, ,    14.1, ,     8.0, ,    -2.2, ,   -11.1, ,     2.2,E,   -18.9,E,     3.4, ,    17.1, ,     6.6, 
1995,   -16.4, ,   -17.2,E,    -5.8,E,     -.2, ,     9.6,E,    19.1, ,    19.2, ,    19.1, ,    11.9, ,     4.6,E,   -11.1,E,   -17.2, ,     1.3,E,   -14.9,E,     1.2,E,    19.1, ,     1.8,E
1996,   -23.2, ,   -14.9, ,   -12.7, ,    -1.7, ,     7.8, ,    17.5, ,    19.0, ,    19.1,E,    12.9,E,     5.2, ,   -10.9, ,   -18.5, ,      .0,E,   -18.4, ,    -2.2, ,    18.5,E,     2.4,E
1997,   -20.0, ,   -13.2, ,    -9.1, ,     -.6,E,     7.3, ,    18.3,E,    19.4,E,    17.8, ,    14.3, ,     5.0, ,    -5.8,E,    -6.1,E,     2.3,E,   -17.2, ,     -.8,E,    18.5,E,     4.5,E
1998,   -14.6,E,    -4.1, ,    -5.5,E,     7.2, ,    12.1,E,    15.5,E,    19.2, ,    20.2, ,    14.3, ,     6.8, ,    -2.3, ,   -13.5, ,     4.6,E,    -8.3,E,     4.6,E,    18.3,E,     6.3, 
1999,   -18.0, ,    -8.4, ,    -2.8, ,     6.1, ,    11.6, ,    16.3,E,    19.8, ,    18.2, ,    11.8, ,     4.4, ,      .3, ,    -8.7, ,     4.2,E,   -13.3, ,     5.0, ,    18.1,E,     5.5, 
2000,   -17.7, ,   -10.1, ,     -.7, ,     3.6, ,    10.7, ,    14.3, ,    19.3, ,    18.6, ,    12.1, ,     7.0, ,    -4.8, ,   -21.6, ,     2.6, ,   -12.2, ,     4.5, ,    17.4, ,     4.8, 
2001,   -12.7, ,   -18.7, ,    -6.4, ,     4.7, ,    12.2, ,    15.6, ,    20.0, ,    20.2, ,    13.5, ,     4.6, ,      .8, ,   -11.1, ,     3.6, ,   -17.7, ,     3.5, ,    18.6, ,     6.3, 
2002,   -15.1, ,   -11.0, ,   -13.0, ,      .5, ,     7.6, ,    17.4, ,    20.4, ,    18.1, ,    13.3, ,      .2, ,    -6.3, ,    -9.3, ,     1.9, ,   -12.4, ,    -1.6, ,    18.6, ,     2.4, 
2003,   -15.5, ,   -19.1, ,    -8.3, ,     3.7, ,    12.4, ,    16.5, ,    19.2, ,    21.1, ,    12.7, ,     6.2, ,    -7.3, ,    -9.8, ,     2.7, ,   -14.6, ,     2.6, ,    18.9, ,     3.9, 
2004,   -22.6, ,   -11.8, ,    -6.0, ,     2.6, ,     6.9, ,    13.7, ,    18.0, ,    14.0, ,    14.4, ,     5.7, ,    -1.5, ,   -16.3, ,     1.4, ,   -14.7, ,     1.2, ,    15.2, ,     6.2, 
2005,   -20.1, ,   -13.9,E,    -8.4, ,     5.9, ,     9.5, ,    17.0, ,    19.6,E,    17.8, ,    14.1, ,     6.7, ,    -3.3, ,    -9.2, ,     3.0,E,   -16.8,E,     2.3, ,    18.1,E,     5.8, 
2006, -9999.9,M,   -16.6, ,    -5.9, ,     8.1, ,    12.0, ,    18.2, ,    20.4, ,    19.4,E,    13.3, ,     3.9, , -9999.9,M,    -9.9,E, -9999.9,M, -9999.9,M,     4.7, ,    19.3,E, -9999.9,M
2007, -9999.9,M,   -18.6, ,    -5.8, ,     3.0, , -9999.9,M,    16.2, ,    20.8, ,    17.4,E,    12.5, , -9999.9,M,    -4.8, ,   -15.0, , -9999.9,M, -9999.9,M, -9999.9,M,    18.1,E, -9999.9,M
2008,   -17.4, ,   -19.0, ,   -10.3, ,     1.4, ,     7.3, ,    15.3, ,    17.5, ,    18.3, ,    12.1, ,     6.2, ,    -4.6,E,   -21.0, ,      .5,E,   -17.1, ,     -.5, ,    17.0, ,     4.6,E
2009,   -19.8, ,   -15.7, ,    -9.9, ,     2.1, ,     7.2, ,    14.6, ,    16.0, ,    16.7, ,    17.4, ,     3.6, ,      .8, ,   -14.6, ,     1.5, ,   -18.8, ,     -.2, ,    15.8, ,     7.3, 
2010,   -13.9, ,   -14.8, ,     -.9, ,     7.5, ,    10.5, ,    15.9,E,    19.7, ,    18.2, ,    11.1, ,     7.3, ,    -3.6, ,   -14.7, ,     3.5,E,   -14.4, ,     5.7, ,    17.9,E,     4.9, 
2011,   -19.8, ,   -15.0, ,   -10.0, ,     3.3, ,     9.8, ,    16.5, ,    20.2, ,    19.1, ,    13.8, ,     7.7, ,    -3.1, ,    -8.7, ,     2.8, ,   -16.5, ,     1.0, ,    18.6, ,     6.1, 
2012,   -12.0, ,   -11.3, ,      .5, ,     4.3, ,    11.0, ,    17.1,E,    21.2,E,    18.0, ,    11.7, ,     3.2, ,    -7.7,E,   -15.5, ,     3.4,E,   -10.7, ,     5.3, ,    18.8,E,     2.4,E
