5061648,LYNN LAKE      ,MB, station joined    , Monthly mean of homogenized daily mean temperature                     , °C,          Updated to December 2012
5061648,LYNN LAKE      ,MB, station jointe    , Moyenne mensuelle des températures homogénéisées moyennes quotidiennes , °C, Mise à jour jusqu à décembre 2012
Year,     Jan, ,     Feb, ,     Mar, ,     Apr, ,     May, ,     Jun, ,     Jul, ,     Aug, ,     Sep, ,     Oct, ,     Nov, ,     Dec, ,  Annual, ,  Winter, ,  Spring, ,  Summer, ,  Autumn
Year,    Janv, ,     Fév, ,    Mars, ,     Avr, ,     Mai, ,    Juin, ,    Juil, ,    Août, ,    Sept, ,     Oct, ,     Nov, ,     Déc, ,  Annuel, ,   Hiver, ,Printemp, ,     Eté, , Automne
1952, -9999.9,M, -9999.9,M, -9999.9,M, -9999.9,M,     7.8, ,    11.1, ,    13.6, ,    11.9, ,     6.3, ,     -.6, ,   -11.1, ,   -16.4, , -9999.9,M, -9999.9,M, -9999.9,M,    12.2, ,    -1.8, 
1953,   -27.5, ,   -18.4, ,   -14.9, ,    -6.5, ,     3.3, ,     9.3, ,    14.9, ,    15.8, ,     6.5, ,     1.0, ,    -6.7, ,   -24.1, ,    -3.9, ,   -20.8, ,    -6.0, ,    13.3, ,      .3, 
1954,   -33.3, ,   -17.9, ,   -16.6, ,   -11.4, ,     3.6, ,    12.2, ,    16.6, ,    13.5, ,     6.9, ,      .8, ,    -7.7, ,   -15.0, ,    -4.0, ,   -25.1, ,    -8.1, ,    14.1, ,      .0, 
1955,   -25.7, ,   -24.9, ,   -21.7, ,     -.3, ,     7.0, ,    15.2, ,    16.5, ,    15.4, ,     7.9, ,      .9, , -9999.9,M, -9999.9,M, -9999.9,M,   -21.9, ,    -5.0, ,    15.7, , -9999.9,M
1956,   -25.7, ,   -21.9, ,   -15.4, ,    -5.6, ,     4.5, ,    16.7, ,    16.8, ,    12.8, ,     5.1, ,      .7, ,   -12.2, ,   -23.6, ,    -4.0, , -9999.9,M,    -5.5, ,    15.4, ,    -2.1, 
1957,   -27.7, ,   -23.3, ,   -14.2, ,    -6.2, ,     3.5, ,    10.2, ,    16.1, ,    13.9, ,     8.6, ,     1.8, ,   -13.5, ,   -24.0, ,    -4.6, ,   -24.9, ,    -5.6, ,    13.4, ,    -1.0, 
1958,   -22.4, ,   -22.1, ,    -8.6, ,    -1.6, ,     8.2, ,     9.2, ,    13.7, ,    14.8, , -9999.9,M, -9999.9,M, -9999.9,M, -9999.9,M, -9999.9,M,   -22.8, ,     -.7, ,    12.6, , -9999.9,M
1959, -9999.9,M, -9999.9,M, -9999.9,M, -9999.9,M, -9999.9,M,    12.3, ,    16.9, ,    12.2, , -9999.9,M, -9999.9,M,   -18.0, , -9999.9,M, -9999.9,M, -9999.9,M, -9999.9,M,    13.8, , -9999.9,M
1960,   -25.9, ,   -20.4, ,   -17.3, ,    -4.5, ,     6.5, ,    12.1, ,    15.9, , -9999.9,M,     7.0, , -9999.9,M, -9999.9,M,   -20.8, , -9999.9,M, -9999.9,M,    -5.1, , -9999.9,M, -9999.9,M
1961,   -25.3, ,   -18.3, ,   -13.9, ,    -7.3, ,     5.5, ,    14.2, ,    15.4, ,    15.2, ,     4.8, ,    -1.8, ,   -10.6, ,   -24.7, ,    -3.9, ,   -21.5, ,    -5.2, ,    14.9, ,    -2.5, 
1962,   -28.3, ,   -27.4, ,   -14.2, ,    -6.9, ,     3.0, ,    15.7, ,    15.5, ,    13.6, ,     8.5, ,     2.7, ,   -12.3, ,   -22.3, ,    -4.4, ,   -26.8, ,    -6.0, ,    14.9, ,     -.4, 
1963,   -29.8, ,   -24.6, ,   -18.6, ,    -1.0, ,     4.0, ,    13.0, ,    18.2, ,    15.8, ,     9.4, ,     7.8, ,    -9.6, , -9999.9,M, -9999.9,M,   -25.6, ,    -5.2, ,    15.7, ,     2.5, 
1964, -9999.9,M, -9999.9,M, -9999.9,M, -9999.9,M,     6.5, ,    12.2, ,    17.2, ,    12.6, ,     5.3, ,     1.9, ,   -12.2, , -9999.9,M, -9999.9,M, -9999.9,M, -9999.9,M,    14.0, ,    -1.7, 
1965, -9999.9,M, -9999.9,M,   -17.9, ,    -1.7, ,     5.0, ,    13.0, ,    14.4, ,    12.2, ,     3.4, ,     1.8, ,   -14.2, ,   -16.4, , -9999.9,M, -9999.9,M,    -4.9, ,    13.2, ,    -3.0, 
1966,   -32.2, ,   -25.7, , -9999.9,M,    -6.3, ,     4.2, ,    11.9, ,    15.9, ,    14.7, ,    10.7, ,      .2, ,   -18.5, ,   -22.2, , -9999.9,M,   -24.8, , -9999.9,M,    14.2, ,    -2.5, 
1967, -9999.9,M, -9999.9,M, -9999.9,M,    -8.0, ,     3.6, ,    10.8, , -9999.9,M, -9999.9,M, -9999.9,M, -9999.9,M, -9999.9,M, -9999.9,M, -9999.9,M, -9999.9,M, -9999.9,M, -9999.9,M, -9999.9,M
1968, -9999.9,M, -9999.9,M, -9999.9,M, -9999.9,M, -9999.9,M, -9999.9,M, -9999.9,M,    11.8, ,     9.5, ,     1.2, ,    -9.6, ,   -21.9, , -9999.9,M, -9999.9,M, -9999.9,M, -9999.9,M,      .4, 
1969,   -28.6, ,   -18.7, ,   -13.8, ,     1.0, ,     3.8, ,     8.5, ,    15.2, ,    15.4, ,     5.2, ,    -2.6, ,   -11.9, ,   -16.2, ,    -3.6, ,   -23.1, ,    -3.0, ,    13.0, ,    -3.1, 
1970,   -26.1, ,   -23.4, ,   -16.6, ,    -3.1, ,     4.0, ,    14.2, ,    16.5, ,    14.0, ,     7.0, ,     -.2, ,   -12.3, ,   -27.1, ,    -4.4, ,   -21.9, ,    -5.2, ,    14.9, ,    -1.8, 
1971,   -27.4, ,   -18.5, ,   -15.6, ,    -2.0, ,     7.5, ,    13.1, ,    13.7, ,    14.5, ,     7.5, ,      .5, ,   -12.3, ,   -22.9, ,    -3.5, ,   -24.3, ,    -3.4, ,    13.8, ,    -1.4, 
1972,   -31.0, ,   -27.9, ,   -13.6, ,    -3.3, ,     7.9, ,    14.6, ,    13.8, ,    15.1, ,     2.8, ,    -4.5, ,   -15.3, ,   -26.3, ,    -5.6, ,   -27.3, ,    -3.0, ,    14.5, ,    -5.7, 
1973,   -19.5, ,   -22.5, ,    -7.1, ,    -3.8, ,     8.6, ,    12.5, ,    16.7, ,    16.9, ,     7.8, ,     1.6, ,   -14.6, ,   -23.9, ,    -2.3, ,   -22.8, ,     -.8, ,    15.4, ,    -1.7, 
1974,   -29.7, ,   -23.5, ,   -19.3, ,    -2.5, ,     4.4, ,    12.5, ,    16.7, ,    12.6, ,     3.7, ,    -2.4, ,    -8.1, ,   -16.4, ,    -4.3, ,   -25.7, ,    -5.8, ,    13.9, ,    -2.3, 
1975,   -28.1, ,   -21.5, ,   -16.8, ,    -1.6, ,     5.4, ,    13.1, ,    16.7, ,    13.0, ,     7.2, ,     -.4, ,   -10.8, ,   -22.4, ,    -3.9, ,   -22.0, ,    -4.3, ,    14.3, ,    -1.3, 
1976,   -25.4, ,   -21.1, ,   -15.7, ,     2.4, ,     8.6, ,    13.1, ,    16.4, ,    14.6, ,     9.0, ,    -1.2, ,   -12.1, ,   -25.2, ,    -3.1, ,   -23.0, ,    -1.6, ,    14.7, ,    -1.4, 
1977,   -24.3, ,   -15.6, ,   -10.3, ,      .8, ,    10.5, ,    13.3, ,    15.0, ,    10.4, ,     8.1, ,     3.4, ,   -11.2, ,   -24.1, ,    -2.0, ,   -21.7, ,      .3, ,    12.9, ,      .1, 
1978,   -24.6, ,   -18.1, ,   -15.4, ,    -3.6, ,     5.7, ,    11.0, ,    14.2, ,    11.5, ,     5.6, ,      .6, ,   -13.8, ,   -24.4, ,    -4.3, ,   -22.3, ,    -4.4, ,    12.2, ,    -2.5, 
1979,   -25.4, ,   -30.2, ,   -16.7, ,    -5.0, ,     3.6, ,    11.9, ,    17.2, ,    11.3, ,     5.7, , -9999.9,M, -9999.9,M,   -14.6, , -9999.9,M,   -26.7, ,    -6.0, ,    13.5, , -9999.9,M
1980,   -25.7, ,   -18.9, ,   -15.2, ,     3.6, ,     8.5, ,    11.9, ,    15.4, ,    13.7, ,     5.1, ,     -.9, ,   -10.6, ,   -26.0, ,    -3.3, ,   -19.7, ,    -1.0, ,    13.7, ,    -2.1, 
1981,   -17.8, ,   -16.4, ,    -8.8, ,    -6.4, ,     6.5, ,    12.4, ,    14.9, ,    16.5, ,     7.1, ,     -.9, ,    -6.3, ,   -22.3, ,    -1.8, ,   -20.1, ,    -2.9, ,    14.6, ,      .0, 
1982,   -34.2, ,   -23.1, ,   -15.5, ,    -5.0, ,     6.4, ,    10.2, ,    16.1, ,    12.2, ,     7.8, ,     1.8, ,   -15.7, ,   -22.8, ,    -5.2, ,   -26.5, ,    -4.7, ,    12.8, ,    -2.0, 
1983,   -22.3, ,   -22.5, ,   -13.5, ,    -3.7, ,     1.0, ,    13.2, ,    17.0, ,    17.3, ,     8.3, ,     2.2, ,    -6.4, ,   -25.7, ,    -2.9, ,   -22.5, ,    -5.4, ,    15.8, ,     1.4, 
1984,   -26.1, ,   -13.8, ,   -13.3, ,     1.9, ,     5.3, ,    14.2, ,    17.6, ,    16.8, ,     5.5, ,     -.5, ,   -16.3, ,   -27.5, ,    -3.0, ,   -21.9, ,    -2.0, ,    16.2, ,    -3.8, 
1985,   -23.5, ,   -26.1, ,   -10.7, ,    -3.3, ,     6.8, ,    11.2, ,    14.4, ,    14.0, ,     6.1, ,    -1.8, ,   -18.8, ,   -22.3, ,    -4.5, ,   -25.7, ,    -2.4, ,    13.2, ,    -4.8, 
1986,   -22.0, ,   -21.2, ,   -11.9, ,    -2.8, ,     7.4, ,    11.2, ,    13.6, ,    13.8, ,     5.8, ,     -.2, ,   -19.0, ,   -15.7, ,    -3.4, ,   -21.8, ,    -2.4, ,    12.9, ,    -4.5, 
1987,   -18.5, ,   -16.0, ,   -11.6, ,      .6, ,     7.0, ,    14.1, ,    15.8, ,    11.4, ,     9.5, ,     -.4, ,    -8.5, ,   -15.9, ,    -1.0, ,   -16.7, ,    -1.3, ,    13.8, ,      .2, 
1988,   -27.4, ,   -23.6, ,   -12.9, ,    -4.0, ,     5.9, ,    14.8, ,    16.3, ,    15.2, ,     8.5, ,     -.4, ,   -11.8, ,   -22.3, ,    -3.5, ,   -22.3, ,    -3.7, ,    15.4, ,    -1.2, 
1989,   -24.8, ,   -21.3, ,   -18.3, ,    -5.7, ,     6.2, ,    11.2, ,    18.7, ,    14.6, ,     8.0, ,      .9, ,   -18.9, ,   -28.5, ,    -4.8, ,   -22.8, ,    -5.9, ,    14.8, ,    -3.3, 
1990,   -24.2, ,   -24.7, ,    -9.9, ,    -5.3, ,     5.6, ,    13.4, ,    16.2, ,    14.7, ,     7.9,E,    -3.5, ,   -14.1, ,   -26.2, ,    -4.2,E,   -25.8, ,    -3.2, ,    14.8, ,    -3.2,E
1991,   -27.6, ,   -17.9, ,   -11.7, ,     -.4, ,     7.5, ,    14.6, ,    16.7, ,    16.5, ,     6.9, ,    -4.1, ,   -16.5, ,   -21.1, ,    -3.1, ,   -23.9, ,    -1.5, ,    15.9, ,    -4.6, 
1992,   -20.2, ,   -19.6, ,   -10.9, ,    -3.6, ,     5.2, ,    10.5, ,    14.4, ,    13.7, ,     4.9, ,     -.3, ,    -7.9, ,   -24.0, ,    -3.2, ,   -20.3, ,    -3.1, ,    12.9, ,    -1.1, 
1993,   -20.5, ,   -21.0, ,   -10.5, ,      .2, ,     6.4, ,    11.8, ,    15.2, ,    14.3, ,     4.6, ,    -2.9, ,   -13.0, ,   -20.7, ,    -3.0, ,   -21.8, ,    -1.3, ,    13.8, ,    -3.8, 
1994,   -31.2, ,   -27.4, ,   -10.4, ,    -5.3, ,     5.3, ,    14.7, ,    16.2, ,    13.7, ,    10.4, ,     1.6, ,   -10.5, ,   -17.5, ,    -3.4, ,   -26.4, ,    -3.5, ,    14.9, ,      .5, 
1995,   -20.0, ,   -22.3, ,   -12.4, ,    -6.1, ,     5.6, ,    15.9, ,    13.8, ,    13.5, ,     7.8, ,      .2, ,   -16.6, ,   -20.1, ,    -3.4, ,   -19.9, ,    -4.3, ,    14.4, ,    -2.9, 
1996,   -28.6, ,   -19.3, ,   -17.9, ,    -5.1, ,     4.7, ,    14.5, ,    17.4, ,    15.6, ,     8.7, ,    -1.1, ,   -15.9, ,   -24.0, ,    -4.3, ,   -22.7, ,    -6.1, ,    15.8, ,    -2.8, 
1997,   -25.9,E,   -19.8, ,   -16.3, ,    -4.9, ,     2.7, ,    13.7, ,    18.1, ,    14.3, ,     9.5, ,    -2.5, ,   -11.1, ,   -13.9, ,    -3.0,E,   -23.2,E,    -6.2, ,    15.4, ,    -1.4, 
1998,   -26.4, ,   -12.1, ,   -12.9, ,     1.6, ,     6.9, ,    13.9, ,    17.3, ,    17.1, ,     8.0, ,     1.9, ,    -8.6, ,   -20.8, ,    -1.2, ,   -17.5, ,    -1.5, ,    16.1, ,      .4, 
1999,   -24.4, ,   -16.3, ,   -10.1, ,      .8, ,     7.4, ,    13.8, ,    16.0, ,    15.2, ,     7.6, ,     -.5, ,    -8.7, ,   -19.5, ,    -1.6, ,   -20.5, ,     -.6, ,    15.0, ,     -.5, 
2000,   -24.4, ,   -15.6, ,    -9.4, ,    -4.9, ,     4.6, ,    10.8, ,    17.0, ,    15.2, ,     7.0, ,     1.7, ,   -11.1, ,   -26.7, ,    -3.0, ,   -19.8, ,    -3.2, ,    14.3, ,     -.8, 
2001,   -16.6, ,   -23.6, ,   -11.8, ,    -1.2, ,     8.2, ,    12.6, ,    17.4, ,    15.6, ,     9.7, ,     -.5, ,    -9.0, ,   -18.4, ,    -1.5, ,   -22.3, ,    -1.6, ,    15.2, ,      .1, 
2002,   -24.1, ,   -18.9, ,   -19.7, ,    -8.1, ,     1.2, ,    13.7, ,    17.0, ,    14.6, ,     7.9, ,    -4.0, ,   -11.7, ,   -14.8, ,    -3.9, ,   -20.5, ,    -8.9, ,    15.1, ,    -2.6, 
2003,   -22.1, ,   -27.1, ,   -16.2, ,    -3.1, ,     8.7, ,    13.8, ,    16.6, ,    17.2, ,     8.3, ,     1.7, ,   -11.9, ,   -16.6, ,    -2.6, ,   -21.3, ,    -3.5, ,    15.9, ,     -.6, 
2004,   -29.3, ,   -17.4, ,   -14.1, ,    -5.6, ,      .6, ,    10.0, ,    16.1, ,    11.6, ,     8.7, ,    -1.1, ,   -11.0, ,   -26.7, ,    -4.9, ,   -21.1, ,    -6.4, ,    12.6, ,    -1.1, 
2005,   -25.2, ,   -19.8, ,   -14.2, ,     1.3, ,     6.1, ,    12.6, ,    16.1, ,    13.3, ,     7.5, ,     1.1, ,    -8.9, ,   -16.2, ,    -2.2, ,   -23.9, ,    -2.3, ,    14.0, ,     -.1, 
2006, -9999.9,M,   -19.6, ,    -9.9, ,     3.3, ,     6.6, ,    16.2, ,    15.9,E,    14.8, ,     9.6, ,     -.3, ,   -16.5, ,   -14.7, , -9999.9,M, -9999.9,M,      .0, ,    15.6,E,    -2.4, 
2007,   -20.9, ,   -24.3, ,   -13.9, ,    -3.4, ,     7.4, ,    11.7, ,    18.1, ,    12.5, ,     5.2, ,     1.8, ,   -12.7, ,   -23.4, ,    -3.5, ,   -20.0, ,    -3.3, ,    14.1, ,    -1.9, 
2008,   -23.1, ,   -25.0, ,   -17.5, ,    -5.1, ,     4.6, , -9999.9,M,    16.3, ,    16.6, ,     7.2,E,     2.0,E,   -10.2, ,   -27.9, , -9999.9,M,   -23.8, ,    -6.0, , -9999.9,M,     -.3,E
2009,   -23.0, ,   -21.2, ,   -17.4, ,    -3.7, ,      .2, ,    10.7,E,    14.5, ,    13.5,E,    12.0, ,    -1.1, ,    -6.2, ,   -24.4, ,    -3.8,E,   -24.0, ,    -7.0, ,    12.9,E,     1.6, 
2010,   -18.4, ,   -16.4, ,    -5.3, ,     2.8, ,     5.9, ,    13.9,E,    17.5,E,    13.5,E,     7.0,E,     2.4,E,    -9.6, ,   -18.0,E,     -.4,E,   -19.7, ,     1.1, ,    15.0,E,     -.1,E
2011,   -23.5,E,   -19.9, ,   -15.4,E,    -2.6, ,     6.3, ,    13.6,E,    17.3, , -9999.9,M,    12.1, ,     2.3, ,   -10.6, , -9999.9,M, -9999.9,M,   -20.5,E,    -3.9,E, -9999.9,M,     1.3, 
2012, -9999.9,M,   -15.4, ,   -10.7, ,    -3.1,E, -9999.9,M,    13.3, ,    18.7, ,    15.8,E,     9.6,E,    -1.0,E,   -14.6, ,   -23.2,E, -9999.9,M, -9999.9,M, -9999.9,M,    15.9,E,    -2.0,E
