5062040,NORWAY HOUSE   ,MB, station joined    , Monthly mean of homogenized daily mean temperature                     , °C,          Updated to December 2012
5062040,NORWAY HOUSE   ,MB, station jointe    , Moyenne mensuelle des températures homogénéisées moyennes quotidiennes , °C, Mise à jour jusqu à décembre 2012
Year,     Jan, ,     Feb, ,     Mar, ,     Apr, ,     May, ,     Jun, ,     Jul, ,     Aug, ,     Sep, ,     Oct, ,     Nov, ,     Dec, ,  Annual, ,  Winter, ,  Spring, ,  Summer, ,  Autumn
Year,    Janv, ,     Fév, ,    Mars, ,     Avr, ,     Mai, ,    Juin, ,    Juil, ,    Août, ,    Sept, ,     Oct, ,     Nov, ,     Déc, ,  Annuel, ,   Hiver, ,Printemp, ,     Eté, , Automne
1897, -9999.9,M, -9999.9,M, -9999.9,M, -9999.9,M, -9999.9,M, -9999.9,M, -9999.9,M, -9999.9,M, -9999.9,M,     3.0, ,   -11.9, ,   -19.3, , -9999.9,M, -9999.9,M, -9999.9,M, -9999.9,M, -9999.9,M
1898,   -21.2, ,   -21.3, ,   -14.5, ,      .6, ,    10.2, ,    12.8, ,    17.0, ,    15.3, ,    10.9, ,     -.1, ,   -12.1, ,   -18.4, ,    -1.7, ,   -20.6, ,    -1.2, ,    15.0, ,     -.4, 
1899,   -26.8, ,   -25.7, ,   -20.3, ,    -1.9, ,     6.8, ,    13.6, ,    16.8, ,    14.0, ,     9.1, ,     2.8, ,    -2.3, ,   -17.5, ,    -2.6, ,   -23.6, ,    -5.1, ,    14.8, ,     3.2, 
1900,   -21.9, ,   -24.6, ,   -14.9, ,     4.6, ,    10.2, ,    15.1, ,    16.8, ,    16.5, , -9999.9,M,     5.5, ,   -11.6, , -9999.9,M, -9999.9,M,   -21.3, ,      .0, ,    16.1, , -9999.9,M
1901, -9999.9,M, -9999.9,M, -9999.9,M, -9999.9,M, -9999.9,M, -9999.9,M,    18.0, ,    16.5, ,     8.2, ,     3.1, ,   -11.6, ,   -17.6, , -9999.9,M, -9999.9,M, -9999.9,M, -9999.9,M,     -.1, 
1902,   -22.0, ,   -16.8, ,    -9.3, ,    -2.7, ,     8.2, ,     9.7, ,    17.8, ,    16.1, ,     8.8, ,     2.5, ,    -8.8, ,   -19.6, ,    -1.3, ,   -18.8, ,    -1.3, ,    14.5, ,      .8, 
1903,   -21.3, ,   -18.3, ,   -13.7, ,    -2.3, ,     5.8, ,    13.9, ,    15.6, ,    14.6, ,     6.4, ,     3.2, ,    -8.7, ,   -20.1, ,    -2.1, ,   -19.7, ,    -3.4, ,    14.7, ,      .3, 
1904,   -24.6, ,   -24.8, ,   -14.8, ,    -2.1, ,     8.4, ,    13.8, ,    15.7, ,    14.7, ,     7.9, ,     3.1, ,    -2.7, ,   -20.5, ,    -2.2, ,   -23.2, ,    -2.8, ,    14.7, ,     2.8, 
1905,   -23.2, ,   -19.9, ,    -9.9, ,      .0, ,     8.1, ,    12.1, ,    16.7, ,    15.6, ,    10.9, ,    -1.1, ,   -10.0, ,   -16.9, ,    -1.5, ,   -21.2, ,     -.6, ,    14.8, ,     -.1, 
1906,   -19.9, ,   -22.8, ,   -14.3, , -9999.9,M, -9999.9,M, -9999.9,M,    18.2, ,    16.3, ,    12.0, ,     1.5, ,    -5.9, ,   -21.7, , -9999.9,M,   -19.9, , -9999.9,M, -9999.9,M,     2.5, 
1907,   -27.6, ,   -20.3, ,   -12.3, ,    -8.1, ,    -1.4, ,    12.7, ,    15.4, ,    12.5, ,     7.1, ,     2.5, ,    -8.0, ,   -15.4, ,    -3.6, ,   -23.2, ,    -7.3, ,    13.5, ,      .5, 
1908,   -19.7, ,   -17.5, ,   -17.5, ,    -2.7, ,     8.5, ,    11.6, ,    17.2, ,    14.0, ,    10.9, ,     2.5, ,    -6.3, ,   -20.4, ,    -1.6, ,   -17.5, ,    -3.9, ,    14.3, ,     2.4, 
1909, -9999.9,M, -9999.9,M,   -11.3, ,    -8.3, ,     6.8, ,    13.7, ,    18.2, ,    17.3, ,    10.8, ,     3.6, ,    -9.6, ,   -17.9, , -9999.9,M, -9999.9,M,    -4.3, ,    16.4, ,     1.6, 
1910,   -20.2, ,   -22.0, ,    -5.3, ,     -.9, ,     6.1, ,    16.2, ,    17.7, ,    13.8, ,     7.6, ,     3.6, ,    -9.2, ,   -18.6, ,     -.9, ,   -20.0, ,      .0, ,    15.9, ,      .7, 
1911,   -30.7, ,   -17.3, ,   -12.4, ,      .1, ,     7.7, ,    15.1, ,    15.5, ,    14.4, , -9999.9,M,     1.8, ,   -13.1, , -9999.9,M, -9999.9,M,   -22.2, ,    -1.5, ,    15.0, , -9999.9,M
1912, -9999.9,M,   -21.5, ,   -18.6, ,    -2.0, ,     6.3, ,    14.4, ,    13.7, ,    13.5, ,     9.1, ,     2.5, ,    -5.9, ,   -17.7, , -9999.9,M, -9999.9,M,    -4.8, ,    13.9, ,     1.9, 
1913,   -28.1, , -9999.9,M, -9999.9,M, -9999.9,M, -9999.9,M, -9999.9,M, -9999.9,M, -9999.9,M, -9999.9,M, -9999.9,M, -9999.9,M, -9999.9,M, -9999.9,M, -9999.9,M, -9999.9,M, -9999.9,M, -9999.9,M
1914, -9999.9,M, -9999.9,M, -9999.9,M, -9999.9,M, -9999.9,M, -9999.9,M, -9999.9,M, -9999.9,M, -9999.9,M,     5.7, ,    -9.1, ,   -19.9, , -9999.9,M, -9999.9,M, -9999.9,M, -9999.9,M, -9999.9,M
1915,   -21.0, ,   -14.8, ,    -8.2, ,     4.6, ,     7.9, ,    10.0, ,    14.2, ,    15.2, ,     7.4, ,     2.8, ,    -7.1, ,   -17.2, ,     -.5, ,   -18.6, ,     1.4, ,    13.1, ,     1.0, 
1916,   -27.0, ,   -21.9, ,   -15.9, ,    -1.2, ,     5.2, ,    12.2, ,    19.3, ,    16.3, ,     9.1, ,      .1, ,    -6.7, ,   -21.4, ,    -2.7, ,   -22.0, ,    -4.0, ,    15.9, ,      .8, 
1917,   -26.7, ,   -25.2, ,   -10.5, ,    -4.9, ,     5.3, ,    11.5, ,    19.4, ,    13.0, ,    11.2, ,    -2.6, ,    -4.0, ,   -27.7, ,    -3.4, ,   -24.4, ,    -3.4, ,    14.6, ,     1.5, 
1918,   -24.5, ,   -23.8, ,   -10.4, ,      .7, ,     2.3, ,    10.4, ,    14.2, ,    14.7, ,     7.7, ,     2.7, ,    -5.8, ,   -15.7, ,    -2.3, ,   -25.3, ,    -2.5, ,    13.1, ,     1.5, 
1919,   -17.2, ,   -21.1, ,   -16.1, ,      .6, ,    11.4, ,    17.5, ,    17.3, ,    17.0, , -9999.9,M,    -4.0, ,   -14.2, ,   -22.8, , -9999.9,M,   -18.0, ,    -1.4, ,    17.3, , -9999.9,M
1920,   -24.3, ,   -16.8, ,   -13.0, ,    -6.4, ,     9.0, ,    13.4, ,    16.9, ,    18.6, ,    11.2, , -9999.9,M,    -5.9, , -9999.9,M, -9999.9,M,   -21.3, ,    -3.5, ,    16.3, , -9999.9,M
1921,   -19.2, ,   -17.3, ,   -16.4, ,    -3.2, ,     7.2, ,    16.0, ,    18.6, , -9999.9,M, -9999.9,M,     4.2, ,   -13.0, ,   -15.7, , -9999.9,M, -9999.9,M,    -4.1, , -9999.9,M, -9999.9,M
1922,   -21.2, ,   -24.0, ,   -11.3, ,     -.1, ,     9.7, ,    12.8, ,    16.5, , -9999.9,M,    10.7, ,      .2, ,    -6.4, ,   -23.3, , -9999.9,M,   -20.3, ,     -.6, , -9999.9,M,     1.5, 
1923,   -23.1, ,   -21.5, ,   -20.7, ,    -4.0, ,     6.9, ,    14.3, ,    18.3, ,    12.5, ,     9.9, ,     4.1, ,    -4.3, ,   -15.3, ,    -1.9, ,   -22.6, ,    -5.9, ,    15.0, ,     3.2, 
1924,   -25.3, ,   -15.9, ,   -11.1, ,    -3.7, ,     4.2, ,    10.9, ,    15.7, ,    14.0, ,    10.7, ,     6.4, ,   -10.5, ,   -22.6, ,    -2.3, ,   -18.8, ,    -3.5, ,    13.5, ,     2.2, 
1925,   -25.4, ,   -22.0, ,   -12.1, ,     3.8, ,     7.5, , -9999.9,M,    16.3, ,    17.3, ,     9.3, ,    -2.3, ,   -10.6, ,   -15.9, , -9999.9,M,   -23.3, ,     -.3, , -9999.9,M,    -1.2, 
1926,   -20.0, ,   -17.1, ,   -13.6, ,    -3.1, ,    10.4, ,    13.1, ,    19.0, ,    15.1, ,     7.0, ,     1.1, ,   -13.2, ,   -18.5, ,    -1.7, ,   -17.7, ,    -2.1, ,    15.7, ,    -1.7, 
1927,   -20.8, ,   -20.6, ,    -7.3, ,      .7, ,     5.0, ,    12.1, ,    17.1, ,    15.2, ,    11.7, ,     4.3, ,   -12.9, ,   -23.9, ,    -1.6, ,   -20.0, ,     -.5, ,    14.8, ,     1.0, 
1928,   -18.6, ,   -17.6, ,   -12.8, ,    -5.4, ,     8.6, ,    14.8, ,    18.7, ,    13.0, ,     7.1, ,     3.8, ,    -5.1, ,   -14.8, ,     -.7, ,   -20.0, ,    -3.2, ,    15.5, ,     1.9, 
1929,   -29.7, ,   -23.5, ,   -12.5, ,    -1.6, ,     4.7, ,    14.8, ,    19.5, ,    20.8, ,     6.1, ,     4.1, ,    -9.9, ,   -21.1, ,    -2.4, ,   -22.7, ,    -3.1, ,    18.4, ,      .1, 
1930,   -27.0, ,   -18.5, ,   -12.6, ,      .4, ,     6.9, ,    17.3, ,    21.2, ,    19.8, ,     7.9, ,      .3, ,    -8.0, ,   -14.9, ,     -.6, ,   -22.2, ,    -1.8, ,    19.4, ,      .1, 
1931,   -19.0, ,   -13.0, ,   -14.1, ,     1.1, ,     6.1, ,    15.9, ,    18.9, ,    18.0, ,    11.7, ,     6.6, ,    -5.6, ,   -13.6, ,     1.1, ,   -15.6, ,    -2.3, ,    17.6, ,     4.2, 
1932,   -21.4, ,   -20.7, ,   -17.6, ,     -.3, ,    11.9, ,    18.4, ,    20.1, ,    18.4, ,     9.7, ,    -1.6, ,   -13.3, ,   -23.3, ,    -1.6, ,   -18.6, ,    -2.0, ,    19.0, ,    -1.7, 
1933,   -26.3, , -9999.9,M,   -11.2, ,    -3.8, , -9999.9,M, -9999.9,M, -9999.9,M,    14.4, ,     6.1, , -9999.9,M, -9999.9,M, -9999.9,M, -9999.9,M, -9999.9,M, -9999.9,M, -9999.9,M, -9999.9,M
1934, -9999.9,M,   -22.0, ,   -17.1, ,    -2.5, ,     6.2, ,    13.1, ,    17.2, ,    13.4, ,     7.6, ,     2.8, ,    -6.9, ,   -19.3, , -9999.9,M, -9999.9,M,    -4.5, ,    14.6, ,     1.2, 
1935,   -29.1, ,   -14.0, ,   -13.9, ,    -2.4, ,     8.7, ,    12.4, ,    20.4, , -9999.9,M, -9999.9,M, -9999.9,M,   -15.1, ,   -17.9, , -9999.9,M,   -20.8, ,    -2.5, , -9999.9,M, -9999.9,M
1936,   -29.3, ,   -28.0, ,   -12.1, ,    -5.6, ,     6.3, ,    11.2, ,    20.5, ,    17.4, ,    11.4, ,     -.8, ,    -9.1, ,   -20.5, ,    -3.2, ,   -25.1, ,    -3.8, ,    16.4, ,      .5, 
1937,   -29.3, ,   -20.0, ,   -11.4, ,      .8, ,    10.2, ,    14.5, ,    19.1, ,    17.2, ,     9.4, ,     2.3, ,   -10.2, , -9999.9,M, -9999.9,M,   -23.3, ,     -.1, ,    16.9, ,      .5, 
1938,   -22.3, ,   -18.8, ,    -9.2, ,    -3.1, ,     8.1, ,    14.7, ,    18.4, ,    15.9, ,    13.6, ,     6.0, ,   -11.5, ,   -15.0, ,     -.3, , -9999.9,M,    -1.4, ,    16.3, ,     2.7, 
1939,   -22.2, ,   -27.0, ,   -16.6, ,    -1.5, ,     8.0, ,    11.9, ,    18.3, ,    18.3, ,     9.0, ,    -2.8, ,    -6.5, ,   -11.2, ,    -1.9, ,   -21.4, ,    -3.4, ,    16.2, ,     -.1, 
1940,   -20.5, ,   -18.6, ,   -12.2, ,    -1.4, ,     9.0, ,    11.6, ,    17.9, ,    17.1, ,    14.0, ,     3.9, ,   -11.4, ,   -16.3, ,     -.6, ,   -16.8, ,    -1.5, ,    15.5, ,     2.2, 
1941,   -21.4, ,   -17.3, ,   -11.6, ,      .2, ,     8.5, ,    15.3, ,    19.4, ,    15.6, ,     9.0, ,     1.9, ,    -9.3, ,   -15.2, ,     -.4, ,   -18.3, ,    -1.0, ,    16.8, ,      .5, 
1942,   -17.5, ,   -18.6, ,    -8.5, ,    -1.0, ,     6.9, ,    14.1, ,    15.5, ,    15.3, ,     8.2, ,     4.2, ,   -14.0, ,   -24.7, ,    -1.7, ,   -17.1, ,     -.9, ,    15.0, ,     -.5, 
1943,   -27.4, ,   -18.8, ,   -16.7, ,      .5, ,     5.0, ,    11.1, ,    18.4, ,    15.2, ,     8.5, ,     5.5, ,    -7.2, ,   -17.6, ,    -2.0, ,   -23.6, ,    -3.7, ,    14.9, ,     2.3, 
1944,   -15.6, ,   -21.5, ,   -17.6, ,      .2, ,     9.3, ,    11.8, ,    16.0, ,    14.9, ,    10.7, ,     2.9, ,    -7.2, ,   -18.0, ,    -1.2, ,   -18.2, ,    -2.7, ,    14.2, ,     2.1, 
1945,   -22.2, ,   -18.2, ,    -7.6, , -9999.9,M, -9999.9,M, -9999.9,M,    14.7, , -9999.9,M, -9999.9,M, -9999.9,M,   -12.7, ,   -20.7, , -9999.9,M,   -19.5, , -9999.9,M, -9999.9,M, -9999.9,M
1946,   -23.7, ,   -24.8, , -9999.9,M, -9999.9,M, -9999.9,M, -9999.9,M, -9999.9,M, -9999.9,M, -9999.9,M, -9999.9,M, -9999.9,M, -9999.9,M, -9999.9,M,   -23.1, , -9999.9,M, -9999.9,M, -9999.9,M
1947, -9999.9,M, -9999.9,M, -9999.9,M, -9999.9,M, -9999.9,M, -9999.9,M, -9999.9,M, -9999.9,M, -9999.9,M, -9999.9,M, -9999.9,M, -9999.9,M, -9999.9,M, -9999.9,M, -9999.9,M, -9999.9,M, -9999.9,M
1948, -9999.9,M, -9999.9,M, -9999.9,M, -9999.9,M, -9999.9,M, -9999.9,M, -9999.9,M, -9999.9,M, -9999.9,M, -9999.9,M, -9999.9,M, -9999.9,M, -9999.9,M, -9999.9,M, -9999.9,M, -9999.9,M, -9999.9,M
1949, -9999.9,M, -9999.9,M, -9999.9,M, -9999.9,M, -9999.9,M, -9999.9,M, -9999.9,M, -9999.9,M, -9999.9,M, -9999.9,M, -9999.9,M, -9999.9,M, -9999.9,M, -9999.9,M, -9999.9,M, -9999.9,M, -9999.9,M
1950, -9999.9,M, -9999.9,M, -9999.9,M, -9999.9,M, -9999.9,M, -9999.9,M, -9999.9,M, -9999.9,M, -9999.9,M, -9999.9,M, -9999.9,M, -9999.9,M, -9999.9,M, -9999.9,M, -9999.9,M, -9999.9,M, -9999.9,M
1951, -9999.9,M, -9999.9,M, -9999.9,M, -9999.9,M, -9999.9,M, -9999.9,M, -9999.9,M, -9999.9,M, -9999.9,M, -9999.9,M, -9999.9,M, -9999.9,M, -9999.9,M, -9999.9,M, -9999.9,M, -9999.9,M, -9999.9,M
1952, -9999.9,M, -9999.9,M, -9999.9,M, -9999.9,M, -9999.9,M, -9999.9,M, -9999.9,M, -9999.9,M, -9999.9,M, -9999.9,M, -9999.9,M, -9999.9,M, -9999.9,M, -9999.9,M, -9999.9,M, -9999.9,M, -9999.9,M
1953, -9999.9,M, -9999.9,M, -9999.9,M, -9999.9,M, -9999.9,M, -9999.9,M, -9999.9,M, -9999.9,M, -9999.9,M, -9999.9,M, -9999.9,M, -9999.9,M, -9999.9,M, -9999.9,M, -9999.9,M, -9999.9,M, -9999.9,M
1954, -9999.9,M, -9999.9,M, -9999.9,M, -9999.9,M, -9999.9,M, -9999.9,M, -9999.9,M, -9999.9,M, -9999.9,M, -9999.9,M, -9999.9,M, -9999.9,M, -9999.9,M, -9999.9,M, -9999.9,M, -9999.9,M, -9999.9,M
1955, -9999.9,M, -9999.9,M, -9999.9,M, -9999.9,M, -9999.9,M, -9999.9,M, -9999.9,M, -9999.9,M, -9999.9,M, -9999.9,M, -9999.9,M, -9999.9,M, -9999.9,M, -9999.9,M, -9999.9,M, -9999.9,M, -9999.9,M
1956, -9999.9,M, -9999.9,M, -9999.9,M, -9999.9,M, -9999.9,M, -9999.9,M, -9999.9,M, -9999.9,M, -9999.9,M, -9999.9,M, -9999.9,M, -9999.9,M, -9999.9,M, -9999.9,M, -9999.9,M, -9999.9,M, -9999.9,M
1957, -9999.9,M, -9999.9,M, -9999.9,M, -9999.9,M, -9999.9,M, -9999.9,M, -9999.9,M, -9999.9,M, -9999.9,M, -9999.9,M, -9999.9,M, -9999.9,M, -9999.9,M, -9999.9,M, -9999.9,M, -9999.9,M, -9999.9,M
1958, -9999.9,M, -9999.9,M, -9999.9,M, -9999.9,M, -9999.9,M, -9999.9,M, -9999.9,M, -9999.9,M, -9999.9,M, -9999.9,M, -9999.9,M, -9999.9,M, -9999.9,M, -9999.9,M, -9999.9,M, -9999.9,M, -9999.9,M
1959, -9999.9,M, -9999.9,M, -9999.9,M, -9999.9,M, -9999.9,M, -9999.9,M, -9999.9,M, -9999.9,M, -9999.9,M, -9999.9,M, -9999.9,M, -9999.9,M, -9999.9,M, -9999.9,M, -9999.9,M, -9999.9,M, -9999.9,M
1960, -9999.9,M, -9999.9,M, -9999.9,M, -9999.9,M, -9999.9,M, -9999.9,M, -9999.9,M, -9999.9,M, -9999.9,M, -9999.9,M, -9999.9,M, -9999.9,M, -9999.9,M, -9999.9,M, -9999.9,M, -9999.9,M, -9999.9,M
1961, -9999.9,M, -9999.9,M, -9999.9,M, -9999.9,M, -9999.9,M, -9999.9,M, -9999.9,M, -9999.9,M, -9999.9,M, -9999.9,M, -9999.9,M, -9999.9,M, -9999.9,M, -9999.9,M, -9999.9,M, -9999.9,M, -9999.9,M
1962, -9999.9,M, -9999.9,M, -9999.9,M, -9999.9,M, -9999.9,M, -9999.9,M, -9999.9,M, -9999.9,M, -9999.9,M, -9999.9,M, -9999.9,M, -9999.9,M, -9999.9,M, -9999.9,M, -9999.9,M, -9999.9,M, -9999.9,M
1963, -9999.9,M, -9999.9,M, -9999.9,M, -9999.9,M, -9999.9,M, -9999.9,M, -9999.9,M, -9999.9,M, -9999.9,M, -9999.9,M, -9999.9,M, -9999.9,M, -9999.9,M, -9999.9,M, -9999.9,M, -9999.9,M, -9999.9,M
1964, -9999.9,M, -9999.9,M, -9999.9,M, -9999.9,M, -9999.9,M, -9999.9,M, -9999.9,M, -9999.9,M, -9999.9,M, -9999.9,M, -9999.9,M, -9999.9,M, -9999.9,M, -9999.9,M, -9999.9,M, -9999.9,M, -9999.9,M
1965, -9999.9,M, -9999.9,M, -9999.9,M, -9999.9,M, -9999.9,M, -9999.9,M, -9999.9,M, -9999.9,M, -9999.9,M, -9999.9,M, -9999.9,M, -9999.9,M, -9999.9,M, -9999.9,M, -9999.9,M, -9999.9,M, -9999.9,M
1966, -9999.9,M, -9999.9,M, -9999.9,M, -9999.9,M, -9999.9,M, -9999.9,M, -9999.9,M, -9999.9,M, -9999.9,M, -9999.9,M, -9999.9,M, -9999.9,M, -9999.9,M, -9999.9,M, -9999.9,M, -9999.9,M, -9999.9,M
1967, -9999.9,M, -9999.9,M, -9999.9,M, -9999.9,M, -9999.9,M, -9999.9,M, -9999.9,M, -9999.9,M, -9999.9,M, -9999.9,M, -9999.9,M, -9999.9,M, -9999.9,M, -9999.9,M, -9999.9,M, -9999.9,M, -9999.9,M
1968, -9999.9,M, -9999.9,M, -9999.9,M, -9999.9,M, -9999.9,M, -9999.9,M, -9999.9,M, -9999.9,M, -9999.9,M, -9999.9,M, -9999.9,M, -9999.9,M, -9999.9,M, -9999.9,M, -9999.9,M, -9999.9,M, -9999.9,M
1969, -9999.9,M, -9999.9,M, -9999.9,M, -9999.9,M, -9999.9,M, -9999.9,M, -9999.9,M, -9999.9,M, -9999.9,M, -9999.9,M, -9999.9,M, -9999.9,M, -9999.9,M, -9999.9,M, -9999.9,M, -9999.9,M, -9999.9,M
1970, -9999.9,M, -9999.9,M, -9999.9,M, -9999.9,M, -9999.9,M, -9999.9,M, -9999.9,M, -9999.9,M, -9999.9,M, -9999.9,M, -9999.9,M, -9999.9,M, -9999.9,M, -9999.9,M, -9999.9,M, -9999.9,M, -9999.9,M
1971, -9999.9,M, -9999.9,M, -9999.9,M, -9999.9,M, -9999.9,M, -9999.9,M, -9999.9,M, -9999.9,M, -9999.9,M, -9999.9,M, -9999.9,M, -9999.9,M, -9999.9,M, -9999.9,M, -9999.9,M, -9999.9,M, -9999.9,M
1972, -9999.9,M, -9999.9,M, -9999.9,M, -9999.9,M, -9999.9,M, -9999.9,M, -9999.9,M, -9999.9,M, -9999.9,M, -9999.9,M, -9999.9,M, -9999.9,M, -9999.9,M, -9999.9,M, -9999.9,M, -9999.9,M, -9999.9,M
1973, -9999.9,M, -9999.9,M,    -4.8, ,    -2.2, ,     8.8, ,    12.9, ,    17.3, ,    18.9, ,     9.1, ,     4.0, ,   -10.3, ,   -21.9, , -9999.9,M, -9999.9,M,      .6, ,    16.4, ,      .9, 
1974,   -28.9, ,   -21.8, ,   -16.1, ,    -2.0, ,     4.7, ,    14.0, ,    18.3, ,    14.9, ,     5.6, ,     1.2, ,    -6.1, ,   -12.1, ,    -2.4, ,   -24.2, ,    -4.5, ,    15.7, ,      .2, 
1975,   -23.5, ,   -19.9, ,   -13.0, ,     -.7, ,     7.6, ,    14.2, ,    19.2, ,    14.2, ,     8.5, ,     2.8, ,    -5.9, ,   -19.1, ,    -1.3, ,   -18.5, ,    -2.0, ,    15.9, ,     1.8, 
1976,   -23.0, ,   -18.1, ,   -13.8, ,     2.8, ,     9.8, ,    15.2, ,    17.6, ,    16.5, ,     9.6, ,      .9, ,   -10.3, ,   -24.1, ,    -1.4, ,   -20.1, ,     -.4, ,    16.4, ,      .1, 
1977,   -24.0, ,   -15.2, ,    -7.7, ,     2.2, ,    14.0, ,    15.2, ,    16.4, ,    11.5, ,     9.8, ,     5.7, ,    -7.2, ,   -21.1, ,      .0, ,   -21.1, ,     2.8, ,    14.4, ,     2.8, 
1978,   -23.3, ,   -17.2, ,   -12.6, ,    -1.9, ,    11.3, ,    12.6, ,    16.5, ,    13.8, ,     8.6, ,     2.3, ,   -11.3, ,   -22.3, ,    -2.0, ,   -20.5, ,    -1.1, ,    14.3, ,     -.1, 
1979,   -24.5, ,   -26.0, ,   -14.3, ,    -2.8, ,     3.7, ,    13.1, ,    18.7, ,    13.9, ,     8.3, ,     1.0, ,    -8.5, ,   -13.0, ,    -2.5, ,   -24.3, ,    -4.5, ,    15.2, ,      .3, 
1980,   -22.3, ,   -18.6, ,   -13.6, ,     3.8, ,    11.2, ,    13.1, ,    17.3, ,    15.1, ,     8.0, ,      .9, ,    -6.5, ,   -22.4, ,    -1.2, ,   -18.0, ,      .5, ,    15.2, ,      .8, 
1981,   -17.7, ,   -15.2, ,    -6.1, ,    -2.3, ,     7.8, ,    12.8, ,    18.4, ,    17.9, ,     9.2, ,     2.1, ,    -3.0, ,   -17.1, ,      .6, ,   -18.4, ,     -.2, ,    16.4, ,     2.8, 
1982,   -30.6, ,   -20.3, ,   -13.9, ,    -2.7, ,     9.0, ,    11.8, ,    17.1, ,    14.3, ,     9.9, ,     3.0, ,   -10.6, ,   -18.4, ,    -2.6, ,   -22.7, ,    -2.5, ,    14.4, ,      .8, 
1983,   -18.6, ,   -17.6, ,   -11.3, ,    -2.2, ,     2.8, ,    14.4, ,    18.7, ,    19.2, ,    10.7, ,     4.1, ,    -3.3, ,   -23.5, ,     -.6, ,   -18.2, ,    -3.6, ,    17.4, ,     3.8, 
1984,   -22.5, ,   -11.0, ,   -10.8, ,     4.1, ,     6.8, ,    15.5, ,    18.6, ,    18.7, ,     7.3, ,     2.7, ,   -10.0, ,   -22.8, ,     -.3, ,   -19.0, ,      .0, ,    17.6, ,      .0, 
1985,   -21.2, ,   -22.0, ,    -8.1, ,     1.4, ,     9.4, ,    11.8, ,    16.2, ,    14.5, ,     8.2, ,     2.9, ,   -13.9, ,   -20.3, ,    -1.8, ,   -22.0, ,      .9, ,    14.2, ,     -.9, 
1986,   -18.2, ,   -18.0, ,    -8.5, ,      .3, ,    10.7, ,    12.7, ,    16.4, ,    16.0, ,     7.7, ,     2.3, ,   -15.1, ,   -13.9, ,     -.6, ,   -18.8, ,      .8, ,    15.0, ,    -1.7, 
1987,   -16.7, ,   -12.1, ,    -8.4, ,     4.7, ,    10.2, ,    16.2, ,    16.5, ,    13.9, ,    11.3, ,     1.6, ,    -5.0, ,   -12.4, ,     1.7, ,   -14.2, ,     2.2, ,    15.5, ,     2.6, 
1988,   -24.1, ,   -21.6, ,   -11.4, ,     -.2, ,     8.7, ,    17.8, ,    18.2, ,    16.7, ,     9.6, ,     1.6, ,    -6.8, ,   -18.4, ,     -.8, ,   -19.4, ,    -1.0, ,    17.6, ,     1.5, 
1989,   -20.2, ,   -19.7, ,   -15.5, ,    -1.9, ,     9.2, ,    13.8, ,    20.3, ,    16.5, ,     9.7, ,     2.8, ,   -14.4, ,   -25.3, ,    -2.1, ,   -19.4, ,    -2.7, ,    16.9, ,     -.6, 
1990,   -20.4, ,   -21.5, ,    -8.2, ,    -3.2, ,     7.0, ,    14.0, ,    17.6, ,    16.8, ,     9.8, ,      .6, ,    -8.7, ,   -22.8, ,    -1.6, ,   -22.4, ,    -1.5, ,    16.1, ,      .6, 
1991,   -25.4, ,   -15.7, ,    -9.0, ,     2.4, ,     9.8, ,    15.9, ,    17.4, ,    17.5, ,     9.3, ,    -1.7, ,   -13.7, ,   -17.0, ,     -.9, ,   -21.3, ,     1.1, ,    16.9, ,    -2.0, 
1992,   -17.6, ,   -16.7, ,    -9.6, ,    -2.1, ,     6.9, ,    10.8, ,    14.4, ,    14.7, ,     8.2, ,     1.6, ,    -5.4, ,   -20.6, ,    -1.3, ,   -17.1, ,    -1.6, ,    13.3, ,     1.5, 
1993,   -19.4, ,   -19.3, ,    -8.2, ,     1.6, ,     8.3, ,    13.0, ,    16.2, ,    16.2, ,     6.9, ,     -.8, ,   -10.9, ,   -18.1, ,    -1.2, ,   -19.8, ,      .6, ,    15.1, ,    -1.6, 
1994,   -29.0, ,   -24.6, ,    -8.1, ,    -1.8, ,     8.0, ,    14.9, ,    17.1, ,    14.9, ,    12.2, ,     4.7, ,    -5.5, ,   -14.1, ,     -.9, ,   -23.9, ,     -.6, ,    15.6, ,     3.8, 
1995,   -18.7, ,   -20.0, ,    -9.6, ,    -3.3, ,     7.8, ,    17.1, ,    16.4, ,    17.0, ,     9.6, ,     2.6, ,   -14.0, ,   -18.9, ,    -1.2, ,   -17.6, ,    -1.7, ,    16.8, ,     -.6, 
1996,   -27.0, ,   -17.8, ,   -15.9, ,    -3.7, ,     5.7, ,    15.5, ,    18.6, ,    17.9, ,    10.9, ,     1.2, ,   -13.5, ,   -21.4, ,    -2.5, ,   -21.2, ,    -4.6, ,    17.3, ,     -.5, 
1997,   -23.4, ,   -18.2, ,   -12.8, ,    -2.9, ,     5.4, ,    14.5, ,    18.1, ,    15.8, ,    11.2, ,      .7, ,    -9.6, ,   -10.8, ,    -1.0, ,   -21.0, ,    -3.4, ,    16.1, ,      .8, 
1998,   -21.1, ,    -7.6, ,   -10.5, ,     4.1, ,     8.4, ,    14.5, ,    18.1, ,    18.3, ,    10.9, ,     3.6, ,    -6.0, ,   -18.0, ,     1.2, ,   -13.2, ,      .7, ,    17.0, ,     2.8, 
1999,   -21.3, ,   -13.5, ,    -7.0, ,     4.6, ,     9.6, ,    14.2, ,    17.8, ,    16.7, ,     9.2, ,     1.5, ,    -3.9, ,   -14.4, ,     1.1, ,   -17.6, ,     2.4, ,    16.2, ,     2.3, 
2000,   -22.3, ,   -13.3, ,    -4.6, ,     -.2, ,     7.8, ,    11.5, ,    18.2, ,    16.0, ,     8.6, ,     3.9, ,    -9.6, ,   -25.0, ,     -.8, ,   -16.7, ,     1.0, ,    15.2, ,     1.0, 
2001,   -14.2, ,   -22.0, ,    -8.5, ,     1.5, ,     9.7, ,    13.2, ,    19.2, ,    17.5, ,    11.5, ,     2.5, ,    -3.5, ,   -14.6, ,     1.0, ,   -20.4, ,      .9, ,    16.6, ,     3.5, 
2002,   -20.5, ,   -16.0, ,   -16.7, ,    -4.7, ,     4.6, ,    15.5, ,    19.8, ,    16.4, ,    10.4, ,    -2.5, ,    -9.1, ,   -12.3, ,    -1.3, ,   -17.0, ,    -5.6, ,    17.2, ,     -.4, 
2003,   -19.5, ,   -24.4, ,   -13.1, ,     -.6, ,    10.3, ,    16.1, ,    17.7, ,    19.2, ,    10.1, ,     3.3, ,    -9.7, ,   -13.3, ,     -.3, ,   -18.7, ,    -1.1, ,    17.7, ,     1.2, 
2004,   -25.9, ,   -14.1, ,   -10.4, ,     -.6, ,     4.3, ,    11.3, ,    16.0, ,    12.6, ,    11.3, ,     2.2, ,    -6.2, ,   -23.3, ,    -1.9, ,   -17.8, ,    -2.2, ,    13.3, ,     2.4, 
2005,   -22.5, ,   -17.1, ,   -12.3, ,     4.0, ,     8.7, ,    14.3, ,    17.9, ,    16.2, ,    11.1, ,     4.4, ,    -5.7, ,   -13.9, ,      .4, ,   -21.0, ,      .1, ,    16.1, ,     3.3, 
2006,   -13.2, ,   -19.8, ,    -7.5, ,     5.8, ,     8.2, ,    16.5, ,    19.0,E,    17.1, ,    10.2, ,     2.1, ,   -10.4, ,   -12.5,E,     1.3,E,   -15.6, ,     2.2, ,    17.5,E,      .6, 
2007,   -19.3, ,   -20.9,E,   -10.0, ,     -.2, ,     8.5, ,    13.4, ,    19.4, ,    15.1, ,     9.2, ,     4.2, ,    -8.8, ,   -19.2, ,     -.7,E,   -17.6,E,     -.6, ,    16.0, ,     1.5, 
2008,   -19.4, ,   -22.5, ,   -14.0, ,     -.5, ,     7.0, ,    14.7, ,    17.3, ,    18.5, ,     9.6,E,     4.6, ,    -7.2, ,   -24.3, ,    -1.4,E,   -20.4, ,    -2.5, ,    16.8, ,     2.3,E
2009,   -20.8, ,   -19.1, ,   -12.9, ,      .4, ,     4.9, ,    13.6, ,    15.4, ,    15.3, ,    15.0, ,     1.5, ,    -1.4, ,   -19.4, ,     -.6, ,   -21.4, ,    -2.5, ,    14.8, ,     5.0, 
2010,   -15.7, ,   -14.1, ,    -3.8, ,     5.4, ,     9.0, ,    14.7,E,    19.0, ,    16.3, , -9999.9,M,     6.0,E,    -6.0, ,   -15.9, , -9999.9,M,   -16.4, ,     3.5, ,    16.7,E, -9999.9,M
2011,   -20.0,E,   -17.9,E,   -14.3, ,      .2, ,     8.4, ,    15.6,E,    18.8, ,    18.0, ,    13.3, ,     5.3, ,    -6.6, ,   -12.5,E,      .7,E,   -17.9,E,    -1.9, ,    17.5,E,     4.0, 
2012,   -17.1,E,   -13.4, ,    -4.1, ,     2.0,E,     8.3, ,    15.6, ,    20.6, ,    17.2, ,    11.1, ,     1.9, ,   -10.0, ,   -20.9, ,      .9,E,   -14.3,E,     2.1,E,    17.8, ,     1.0, 
