5022759,SPRAGUE        ,MB, station joined    , Monthly mean of homogenized daily mean temperature                     , °C,          Updated to December 2012
5022759,SPRAGUE        ,MB, station jointe    , Moyenne mensuelle des températures homogénéisées moyennes quotidiennes , °C, Mise à jour jusqu à décembre 2012
Year,     Jan, ,     Feb, ,     Mar, ,     Apr, ,     May, ,     Jun, ,     Jul, ,     Aug, ,     Sep, ,     Oct, ,     Nov, ,     Dec, ,  Annual, ,  Winter, ,  Spring, ,  Summer, ,  Autumn
Year,    Janv, ,     Fév, ,    Mars, ,     Avr, ,     Mai, ,    Juin, ,    Juil, ,    Août, ,    Sept, ,     Oct, ,     Nov, ,     Déc, ,  Annuel, ,   Hiver, ,Printemp, ,     Eté, , Automne
1915, -9999.9,M, -9999.9,M, -9999.9,M, -9999.9,M, -9999.9,M, -9999.9,M, -9999.9,M, -9999.9,M, -9999.9,M,     4.3, , -9999.9,M, -9999.9,M, -9999.9,M, -9999.9,M, -9999.9,M, -9999.9,M, -9999.9,M
1916,   -22.3, , -9999.9,M,   -11.0, ,     2.5, ,    10.1, ,    14.5, ,    22.0, ,    16.6, ,     9.7, ,     1.4, ,    -4.4, ,   -19.9, , -9999.9,M, -9999.9,M,      .5, ,    17.7, ,     2.2, 
1917,   -23.8, ,   -23.5, ,    -7.8, ,     1.0, ,     9.5, ,    13.9, ,    20.5, ,    16.4, ,    12.4, ,    -1.5, ,    -2.3, ,   -20.6, ,     -.5, ,   -22.4, ,      .9, ,    16.9, ,     2.9, 
1918,   -21.6, ,   -15.7, ,    -1.9, ,     5.1, ,    11.4, ,    16.1, ,    19.0, ,    16.8, ,     7.3, , -9999.9,M,    -1.8, ,    -9.8, , -9999.9,M,   -19.3, ,     4.9, ,    17.3, , -9999.9,M
1919,    -9.9, ,    -8.8, ,   -10.4, ,     4.4, ,    13.9, ,    16.7, ,    19.2, ,    16.1, ,    11.3, ,    -1.6, ,   -11.5, ,   -18.9, ,     1.7, ,    -9.5, ,     2.6, ,    17.3, ,     -.6, 
1920,   -21.3, ,   -15.8, ,    -7.4, ,    -1.6, ,    10.3, ,    14.9, ,    15.7, ,    16.4, ,    11.9, ,     7.0, ,    -4.8, ,   -11.4, ,     1.2, ,   -18.7, ,      .4, ,    15.7, ,     4.7, 
1921,   -14.5, ,   -13.4, ,   -10.2, ,     3.3, ,    10.8, ,    17.8, ,    18.9, ,    14.8, ,    11.2, ,     5.5, ,    -9.7, ,   -14.3, ,     1.7, ,   -13.1, ,     1.3, ,    17.2, ,     2.3, 
1922,   -17.9, ,   -18.7, ,    -5.8, ,     4.3, ,    13.9, ,    16.5, ,    16.7, ,    17.1, ,    12.3, ,     5.5, ,    -1.1, ,   -17.9, ,     2.1, ,   -17.0, ,     4.1, ,    16.8, ,     5.6, 
1923,   -18.2, ,   -19.4, ,   -16.0, ,      .1, ,    10.9, ,    17.7, ,    20.0, ,    14.0, ,    12.9, ,     4.2, ,     -.6, ,    -9.1, ,     1.4, ,   -18.5, ,    -1.7, ,    17.2, ,     5.5, 
1924,   -21.5, ,   -12.6, ,    -6.4, ,     1.6, ,     6.1, ,    12.5, ,    16.3, ,    15.0, ,     9.5, ,     8.3, ,    -7.2, ,   -21.2, ,      .0, ,   -14.4, ,      .4, ,    14.6, ,     3.5, 
1925,   -18.7, ,   -15.3, ,    -6.9, ,     5.7, ,     9.9, ,    15.1, ,    17.4, ,    17.2, ,    12.1, ,    -1.0, ,    -5.6, ,   -13.9, ,     1.3, ,   -18.4, ,     2.9, ,    16.6, ,     1.8, 
1926,   -14.8, ,   -11.1, ,    -9.6, ,     1.9, ,    12.2, ,    13.1, ,    17.6, ,    15.6, ,     8.3, ,     2.2, ,    -9.0, ,   -15.8, ,      .9, ,   -13.3, ,     1.5, ,    15.4, ,      .5, 
1927,   -19.1, ,   -15.1, ,    -4.2, ,     2.6, ,     8.2, ,    14.8, ,    15.9, ,    13.7, ,    11.7, ,     5.6, ,    -9.4, ,   -19.9, ,      .4, ,   -16.7, ,     2.2, ,    14.8, ,     2.6, 
1928,   -15.8, ,   -13.7, ,    -8.2, ,     -.2, ,    11.3, ,    13.5, ,    17.6, ,    14.6, ,     9.4, ,     3.6, ,    -2.5, ,    -9.3, ,     1.7, ,   -16.5, ,     1.0, ,    15.2, ,     3.5, 
1929,   -25.4, ,   -19.8, ,    -6.3, ,     3.1, ,     7.7, ,    14.4, ,    17.8, ,    16.4, ,     8.8, ,     4.5, ,    -8.8, ,   -15.5, ,     -.3, ,   -18.2, ,     1.5, ,    16.2, ,     1.5, 
1930,   -23.0, ,   -11.2, ,    -8.8, ,     4.6, ,     9.1, ,    15.2, ,    19.2, ,    16.9, ,     9.7, ,     3.0, ,    -4.8, ,   -11.7, ,     1.5, ,   -16.6, ,     1.6, ,    17.1, ,     2.6, 
1931,   -14.0, ,    -8.8, ,    -7.2, ,     3.6, ,     8.8, ,    17.1, ,    17.5, ,    15.8, ,    12.7, ,     6.6, ,    -1.8, ,    -8.5, ,     3.5, ,   -11.5, ,     1.7, ,    16.8, ,     5.8, 
1932,   -15.1, ,   -16.0, ,   -14.0, ,     2.7, ,    11.8, ,    18.7, ,    17.9, ,    16.9, ,    11.6, ,     1.8, ,    -9.3, ,   -16.4, ,      .9, ,   -13.2, ,      .2, ,    17.8, ,     1.4, 
1933,   -16.7, ,   -19.5, ,    -9.0, ,     2.2, ,    12.2, ,    18.8, ,    19.1, ,    17.5, ,    12.7, ,     1.1, ,    -9.5, ,   -20.9, ,      .7, ,   -17.5, ,     1.8, ,    18.5, ,     1.4, 
1934,   -13.7, ,   -17.2, ,   -10.8, ,     2.4, ,    12.3, ,    15.5, ,    17.2, ,    15.0, ,     9.3, ,     6.5, ,    -1.7, ,   -15.8, ,     1.6, ,   -17.3, ,     1.3, ,    15.9, ,     4.7, 
1935,   -21.3, ,    -9.6, ,    -7.4, ,     2.0, ,     9.0, ,    13.6, ,    21.0, ,    17.0, ,    10.5, ,     3.8, ,   -10.8, ,   -14.2, ,     1.1, ,   -15.6, ,     1.2, ,    17.2, ,     1.2, 
1936,   -24.4, ,   -25.0, ,    -8.6, ,    -1.9, ,    13.1, ,    14.9, ,    22.2, ,    17.0, ,    12.2, ,     1.0, ,    -7.6, ,   -14.0, ,     -.1, ,   -21.2, ,      .9, ,    18.0, ,     1.9, 
1937,   -25.0, ,   -16.7, ,    -9.0, ,     2.2, ,    11.9, ,    16.7, ,    19.5, ,    20.1, ,    11.2, ,     5.3, ,    -4.0, ,   -15.6, ,     1.4, ,   -18.6, ,     1.7, ,    18.8, ,     4.2, 
1938,   -20.7, ,   -13.7, ,    -1.8, ,     2.3, ,    10.0, ,    15.5, ,    19.9, ,    19.4, ,    13.4, ,     8.8, ,    -7.6, ,   -12.4, ,     2.8, ,   -16.7, ,     3.5, ,    18.3, ,     4.9, 
1939,   -14.7, ,   -22.2, ,    -9.2, ,     2.5, ,    12.8, ,    15.7, ,    19.5, ,    17.8, ,    11.7, ,     2.7, ,     -.5, ,    -6.4, ,     2.5, ,   -16.4, ,     2.0, ,    17.7, ,     4.6, 
1940,   -17.8, ,   -12.2, ,    -9.6, ,     1.7, ,     9.9, ,    13.8, ,    18.6, ,    17.1, ,    13.9, ,     7.0, ,    -7.3, ,   -11.7, ,     2.0, ,   -12.1, ,      .7, ,    16.5, ,     4.5, 
1941,   -17.1, ,   -16.5, ,    -8.1, ,     6.1, ,    12.8, ,    16.7, ,    19.1, ,    16.1, ,    11.7, ,     5.6, ,    -4.2, ,   -10.8, ,     2.6, ,   -15.1, ,     3.6, ,    17.3, ,     4.4, 
1942,   -12.4, ,   -14.1, ,    -2.1, ,     6.7, ,     9.2, ,    15.2, ,    17.5, ,    16.6, ,    10.1, ,     5.4, ,    -6.4, ,   -16.8, ,     2.4, ,   -12.4, ,     4.6, ,    16.4, ,     3.0, 
1943,   -22.8, ,   -16.4, ,   -13.2, ,     3.6, ,     9.1, ,    14.8, ,    20.1, ,    17.1, ,    10.5, ,     6.4, ,    -4.6, ,   -11.7, ,     1.1, ,   -18.7, ,     -.2, ,    17.3, ,     4.1, 
1944,   -10.2, ,   -14.8, ,   -10.5, ,     3.3, ,    12.3, ,    15.3, ,    17.8, ,    17.1, ,    12.4, ,     6.4, ,    -1.5, ,   -12.3, ,     2.9, ,   -12.2, ,     1.7, ,    16.7, ,     5.8, 
1945,   -15.7, ,   -13.7, ,    -1.2, ,     1.2, ,     6.8, ,    14.1, ,    17.9, ,    17.1, ,    10.7, ,     4.3, ,    -5.4, ,   -16.1, ,     1.7, ,   -13.9, ,     2.3, ,    16.4, ,     3.2, 
1946,   -16.7, ,   -17.7, ,     -.3, ,     6.2, ,     9.5, ,    15.3, ,    18.4, ,    16.2, ,    11.6, ,     4.3, ,    -5.7, ,   -15.5, ,     2.1, ,   -16.8, ,     5.1, ,    16.6, ,     3.4, 
1947,   -14.2, ,   -17.6, ,    -8.0, ,     1.9, ,     7.1, ,    14.7, ,    19.7, ,    19.2, ,    10.5, ,    10.2, ,    -6.8, ,   -15.7, ,     1.8, ,   -15.8, ,      .3, ,    17.9, ,     4.6, 
1948,   -19.8, ,   -17.8, ,    -9.2, ,     3.4, ,    10.7, ,    14.8, ,    19.0, ,    18.3, ,    14.2, ,     7.1, ,    -2.9, ,   -13.6, ,     2.0, ,   -17.8, ,     1.6, ,    17.4, ,     6.1, 
1949,   -17.2, ,   -19.6, ,    -9.3, ,     5.7, ,    10.5, ,    16.4, ,    18.7, ,    19.5, ,    10.7, ,     5.2, ,    -1.6, ,   -16.3, ,     1.9, ,   -16.8, ,     2.3, ,    18.2, ,     4.8, 
1950,   -26.3, ,   -16.6, ,   -12.4, ,    -2.5, ,     8.8, ,    14.8, ,    17.7, ,    15.3, ,    12.7, ,     6.9, ,    -7.5, ,   -16.3, ,     -.5, ,   -19.7, ,    -2.0, ,    15.9, ,     4.0, 
1951,   -19.6, ,   -13.4, ,   -10.2, ,     2.6, ,    12.1, ,    14.3, ,    17.5, ,    15.8, ,    10.8, ,     4.4, ,    -7.9, ,   -15.1, ,      .9, ,   -16.4, ,     1.5, ,    15.9, ,     2.4, 
1952,   -18.2, ,    -9.8, ,    -7.4, ,     7.3, ,    10.3, ,    16.4, ,    17.9, ,    15.9, ,    13.4, ,     2.9, ,    -3.0, ,    -8.5, ,     3.1, ,   -14.4, ,     3.4, ,    16.7, ,     4.4, 
1953,   -16.0, ,   -13.5, ,    -5.3, ,     1.8, ,    10.0, ,    15.5, ,    17.9, ,    18.6, ,    11.0, ,     9.1, ,     -.4, ,   -12.1, ,     3.1, ,   -12.7, ,     2.2, ,    17.3, ,     6.6, 
1954,   -21.8, ,    -5.9, ,    -8.7, ,      .7, ,     7.6, , -9999.9,M, -9999.9,M,    15.6, ,    10.7, ,     4.8, ,    -1.3, ,    -9.1, , -9999.9,M,   -13.3, ,     -.1, , -9999.9,M,     4.7, 
1955,   -18.4, ,   -17.5, ,   -14.3, ,     7.1, ,    12.7, ,    16.3, ,    20.4, ,    18.9, ,    10.8, , -9999.9,M, -9999.9,M, -9999.9,M, -9999.9,M,   -15.0, ,     1.8, ,    18.5, , -9999.9,M
1956,   -15.5, ,   -16.6, ,   -11.4, ,     -.2, ,     8.6, ,    18.3, ,    17.0, ,    16.7, ,     9.7, ,     8.0, ,    -2.5, ,   -12.8, ,     1.6, , -9999.9,M,    -1.0, ,    17.3, ,     5.1, 
1957,   -20.5, ,   -15.8, ,    -7.0, ,     3.4, ,    10.7, ,    13.5, ,    20.7, ,    17.1, ,    10.7, ,     6.4, ,    -3.8, ,   -10.0, ,     2.1, ,   -16.4, ,     2.4, ,    17.1, ,     4.4, 
1958,   -11.4, ,   -14.1, ,    -2.6, ,     5.4, ,    10.7, ,    13.1, ,    17.2, ,    16.0, ,    12.1, ,     6.5, ,    -4.4, ,   -17.4, ,     2.6, ,   -11.8, ,     4.5, ,    15.4, ,     4.7, 
1959,   -20.1, ,   -18.4, ,    -6.2, ,     3.1, ,    10.7, ,    17.4, ,    19.3, ,    18.4, ,    11.8, ,     2.6, ,    -9.3, ,    -7.8, ,     1.8, ,   -18.6, ,     2.5, ,    18.4, ,     1.7, 
1960,   -15.2, ,   -14.2, ,   -11.6, ,     2.6, ,    10.9, , -9999.9,M,    18.5, ,    18.6, ,    12.2, ,     5.9, ,    -3.4, ,   -16.1, , -9999.9,M,   -12.4, ,      .6, , -9999.9,M,     4.9, 
1961,   -19.1, ,   -10.7, ,    -3.8, ,     1.0, ,    10.0, ,    18.2, ,    18.8, ,    19.4, ,    10.9, ,     5.5, ,    -4.0, ,   -14.9, ,     2.6, ,   -15.3, ,     2.4, ,    18.8, ,     4.1, 
1962,   -20.3, ,   -18.9, ,    -6.7, ,      .5, ,    10.8, ,    17.2, ,    17.3, ,    17.7, ,    10.8, ,     7.6, ,    -1.7, ,   -12.7, ,     1.8, ,   -18.0, ,     1.5, ,    17.4, ,     5.6, 
1963,   -21.2, ,   -17.3, ,    -4.5, ,     4.0, ,     9.7, ,    18.4, ,    20.3, ,    18.2, ,    13.6, ,    11.1, ,    -1.9, ,   -17.4, ,     2.8, ,   -17.1, ,     3.1, ,    19.0, ,     7.6, 
1964,   -13.8, ,   -13.6, ,   -11.5, ,     4.0, ,    12.6, ,    15.3, ,    20.0, ,    15.7, ,    10.6, ,     5.5, ,    -3.7, ,   -17.5, ,     2.0, ,   -14.9, ,     1.7, ,    17.0, ,     4.1, 
1965,   -21.1, ,   -17.7, ,   -13.3, ,     3.4, ,    10.5, ,    15.5, ,    17.4, ,    16.5, ,     7.7, ,     6.3, ,    -6.4, ,    -9.1, ,      .8, ,   -18.8, ,      .2, ,    16.5, ,     2.5, 
1966,   -24.9, ,   -18.5, ,    -4.3, ,      .9, ,     8.2, ,    17.2, ,    20.5, ,    16.7, ,    12.6, ,     4.4, ,    -8.5, ,   -15.1, ,      .8, ,   -17.5, ,     1.6, ,    18.1, ,     2.8, 
1967,   -16.6, ,   -20.6, ,    -7.8, ,     1.3, ,     7.3, ,    15.1, ,    18.0, ,    16.5, ,    13.8, ,     4.0, ,    -4.3, ,   -13.0, ,     1.1, ,   -17.4, ,      .3, ,    16.5, ,     4.5, 
1968,   -19.0, ,   -17.4, ,    -4.5, ,     3.7, ,     9.4, ,    14.9, ,    17.3, ,    15.7, ,    12.6, ,     5.3, ,    -2.9, ,   -13.8, ,     1.8, ,   -16.5, ,     2.9, ,    16.0, ,     5.0, 
1969,   -19.5, ,   -13.2, ,    -9.1, ,     5.4, ,    10.5, ,    11.9, ,    17.6, ,    19.8, ,    12.5, ,     2.5, ,    -2.6, ,   -10.2, ,     2.1, ,   -15.5, ,     2.3, ,    16.4, ,     4.1, 
1970,   -18.8, ,   -16.0, ,   -10.9, ,     1.2, ,     8.1, ,    17.8, ,    20.2, ,    17.3, ,    11.7, ,     5.5, ,    -4.5, ,   -17.2, ,     1.2, ,   -15.0, ,     -.5, ,    18.4, ,     4.2, 
1971,   -23.2, ,   -14.0, ,    -6.6, ,     3.7, ,     9.6, ,    17.0, ,    16.1, ,    17.3, ,    11.9, ,     6.4, ,    -4.9, ,   -14.6, ,     1.6, ,   -18.1, ,     2.2, ,    16.8, ,     4.5, 
1972,   -22.0, ,   -18.9, ,    -8.1, ,     2.1, ,    13.4, ,    16.0, ,    16.0, ,    17.8, ,     9.8, ,     3.4, ,    -5.0, ,   -17.6, ,      .6, ,   -18.5, ,     2.5, ,    16.6, ,     2.7, 
1973,   -13.7, ,   -12.9, ,      .4, ,     3.2, ,    10.8, ,    15.8, ,    17.9, ,    19.3, ,    11.5, ,     8.3, ,    -5.6, ,   -14.3, ,     3.4, ,   -14.7, ,     4.8, ,    17.7, ,     4.7, 
1974,   -20.6, ,   -15.7, ,   -10.0, ,     3.1, ,     8.1, ,    16.0, ,    20.7, ,    15.8, ,     9.2, ,     6.0, ,    -2.5, ,    -8.4, ,     1.8, ,   -16.9, ,      .4, ,    17.5, ,     4.2, 
1975,   -14.8, ,   -15.9, ,   -10.3, ,      .3, ,    11.6, ,    15.8, ,    20.8, ,    16.4, ,    10.0, ,     6.4, ,    -2.6, ,   -14.0, ,     2.0, ,   -13.0, ,      .5, ,    17.7, ,     4.6, 
1976,   -17.3, ,   -10.2, ,    -8.5, ,     5.4, ,    10.4, ,    17.5, ,    18.4, ,    18.1, ,    11.9, ,     2.5, ,    -6.9, ,   -18.7, ,     1.9, ,   -13.8, ,     2.4, ,    18.0, ,     2.5, 
1977,   -21.3, ,   -11.8, ,    -2.7, ,     6.5, ,    17.3, ,    16.6, ,    19.3, ,    14.0, ,    11.7, ,     6.5, ,    -5.8, ,   -16.8, ,     2.8, ,   -17.3, ,     7.0, ,    16.6, ,     4.1, 
1978,   -20.0, ,   -16.7, ,    -7.9, ,     2.6, ,    12.8, ,    15.3, ,    18.0, ,    17.3, ,    13.6, ,     6.3, ,    -7.9, ,   -18.5, ,     1.2, ,   -17.8, ,     2.5, ,    16.9, ,     4.0, 
1979,   -23.5, ,   -20.0, ,    -7.7, ,      .0, ,     7.2, ,    14.8, ,    19.4, ,    15.8, ,    13.0, ,     3.8, ,    -6.4, ,    -9.6, ,      .6, ,   -20.7, ,     -.2, ,    16.7, ,     3.5, 
1980,   -17.6, ,   -15.3, ,   -10.9, ,     6.8, ,    14.1, ,    15.9, ,    19.7, ,    16.4, ,    11.1, ,     3.5, ,    -2.3, ,   -15.0, ,     2.2, ,   -14.2, ,     3.3, ,    17.3, ,     4.1, 
1981,   -14.0, ,   -10.2, ,    -1.4, ,     4.8, ,    10.5, ,    15.2, ,    19.1, ,    18.5, ,    11.8, ,     4.8, ,      .7, ,   -13.3, ,     3.9, ,   -13.1, ,     4.6, ,    17.6, ,     5.8, 
1982,   -25.4, ,   -15.3, ,    -8.5, ,     1.9, ,    11.8, ,    12.7, ,    18.7, ,    15.9, ,    11.8, ,     6.5, ,    -6.5, ,    -9.8, ,     1.2, ,   -18.0, ,     1.7, ,    15.8, ,     3.9, 
1983,   -12.0, ,    -9.3, ,    -3.1, ,     3.5,E,     8.5, ,    16.3, ,    21.0, ,    20.7, ,    12.3, ,     5.4, ,    -2.1, ,   -20.2, ,     3.4,E,   -10.4, ,     3.0,E,    19.3, ,     5.2, 
1984,   -16.5, ,    -6.7,E,    -7.6,E,     6.5, ,     9.9, ,    16.5, ,    18.5, ,    19.8, ,     9.9, ,     6.9, ,    -5.0, ,   -16.3, ,     3.0,E,   -14.5,E,     2.9,E,    18.3, ,     3.9, 
1985,   -17.1,E,   -15.7, ,    -2.7, ,     6.3, ,    12.3, ,    13.0, ,    17.7, ,    15.2, ,    10.0, ,     4.8, ,   -11.4, ,   -18.0,E,     1.2,E,   -16.4,E,     5.3, ,    15.3, ,     1.1, 
1986,   -13.9, ,   -14.3, ,    -3.1, ,     4.8,E,    12.8, ,    15.9, ,    19.1, ,    15.9, ,    11.0,E,     4.8, ,    -8.7, ,   -10.4,E,     2.8,E,   -15.4,E,     4.8,E,    17.0, ,     2.4,E
1987,   -13.7, ,    -5.6, ,    -3.6, ,     8.1, ,    13.1, ,    17.4, ,    19.2, ,    16.8, ,    13.0, ,     3.2, ,    -1.7, ,    -9.0,E,     4.8,E,    -9.9,E,     5.9, ,    17.8, ,     4.8, 
1988,   -19.0, ,   -17.2,E,    -5.8, ,     4.3, ,    14.0, ,    20.0, ,    20.0,E,    19.1, ,    11.9, ,     3.6, ,    -3.6, ,   -13.1, ,     2.9,E,   -15.1,E,     4.2, ,    19.7,E,     4.0, 
1989,   -15.3,E,   -19.7, ,   -10.1, ,     1.7, ,    12.6, ,    15.5, ,    21.2, ,    18.5,E,    12.4, ,     5.4,E,    -7.6, ,   -18.9, ,     1.3,E,   -16.0,E,     1.4, ,    18.4,E,     3.4,E
1990,   -10.8, ,   -14.5,E,    -4.0,E,     3.7, ,     9.8,E,    17.0, ,    18.0,E,    18.7,E,    13.2, ,     4.8, ,    -3.3,E,   -15.7,E,     3.1,E,   -14.7,E,     3.2,E,    17.9,E,     4.9,E
1991, -9999.9,M,    -9.4,E,    -4.5, ,     6.6,E,    14.2,E,    18.4,E,    18.8, ,    19.8,E,    11.4,E,     2.5, ,    -7.9, ,   -11.7, , -9999.9,M, -9999.9,M,     5.4,E,    19.0,E,     2.0,E
1992,   -11.8,E,    -8.8,E,    -4.6,E,     2.1,E,    12.5, ,    14.5,E,    15.2,E,    15.6,E,    11.2, ,     4.6, ,    -4.4, ,   -15.0,E,     2.6,E,   -10.8,E,     3.3,E,    15.1,E,     3.8, 
1993,   -16.6, ,   -14.7,E,    -4.6, ,     4.0,E,    11.0,E,    14.6, ,    17.2, ,    17.6, ,     9.7, ,     2.9, ,    -5.5, ,   -11.8, ,     2.0,E,   -15.4,E,     3.5,E,    16.5, ,     2.4, 
1994,   -22.4, ,   -15.5,E,    -2.6, ,     3.8, ,    12.2, ,    17.2,E,    17.8, ,    16.1,E,    13.8, ,     8.3, ,     -.9,E,    -8.8, ,     3.3,E,   -16.6,E,     4.5, ,    17.0,E,     7.1,E
1995,   -13.6,E,   -15.4, ,    -3.8,E,     1.0, ,    10.5, ,    19.7,E,    18.7,E,    19.1, ,    11.7, ,     5.0,E,    -9.7,E,   -15.0, ,     2.4,E,   -12.6,E,     2.6,E,    19.2,E,     2.3,E
1996,   -22.5,E,   -14.5, ,   -11.0, ,    -1.3, ,     8.8, ,    16.6, ,    17.6, ,    17.8, ,    11.5, ,     4.8, ,   -10.0, ,   -17.5, ,      .0,E,   -17.3,E,    -1.2, ,    17.3, ,     2.1, 
1997,   -19.4,E,   -13.4, ,    -8.5, ,      .8, ,     7.7, ,    16.7, , -9999.9,M,    16.0, ,    13.1,E,     5.7, ,    -6.1, ,    -6.1,E, -9999.9,M,   -16.8,E,      .0, , -9999.9,M,     4.2,E
1998,   -13.0,E,    -3.7, ,    -3.9,E,     6.9, ,    12.0,E,    15.0,E,    18.1, ,    18.9,E,    13.3,E,     6.5, ,    -3.1, ,   -12.7, ,     4.5,E,    -7.6,E,     5.0,E,    17.3,E,     5.6,E
1999,   -17.1, ,    -8.5, ,    -3.3, ,     5.0, ,    11.3, ,    15.3, ,    18.5, ,    16.1, ,    10.2, ,     3.7, ,      .3, ,    -8.3, ,     3.6, ,   -12.8, ,     4.3, ,    16.6, ,     4.7, 
2000,   -16.3, ,    -8.5, ,     -.3, ,     3.2, ,    10.3, ,    13.9, ,    18.5, ,    17.3, ,    10.7, ,     6.2, ,    -3.3, ,   -20.2, ,     2.6, ,   -11.0, ,     4.4, ,    16.6, ,     4.5, 
2001,   -11.4, ,   -17.1, ,    -5.6, ,     4.9, ,    11.6, ,    15.9, ,    19.2, ,    18.9, ,    12.0, ,     4.1, ,     1.7, ,    -8.9, ,     3.8, ,   -16.2, ,     3.6, ,    18.0, ,     5.9, 
2002,   -12.2, ,    -8.4, ,    -9.6, ,     2.3, ,     7.5, ,    17.3, ,    20.1, ,    17.6, ,    13.7, ,      .0, ,    -5.1, ,    -8.5, ,     2.9, ,    -9.8, ,      .1, ,    18.3, ,     2.9, 
2003,   -14.8, ,   -16.8, ,    -7.4, ,     4.5, ,    11.7, ,    16.2, ,    18.3, ,    19.8, ,    12.2, ,     6.4, ,    -6.5, ,    -9.5, ,     2.8, ,   -13.4, ,     2.9, ,    18.1, ,     4.0, 
2004,   -20.7, ,   -11.0, ,    -5.0, ,     3.0, ,     7.7, ,    13.5, ,    17.8, ,    13.8, ,    14.6, ,     6.2, ,    -1.1, ,   -13.3, ,     2.1, ,   -13.7, ,     1.9, ,    15.0, ,     6.6, 
2005,   -18.7, ,   -11.8, ,    -7.3, ,     6.8, ,    10.0, ,    16.9, ,    19.4, ,    17.0, ,    14.1, ,     6.6, ,    -2.9, ,    -9.4, ,     3.4, ,   -14.6, ,     3.2, ,    17.8, ,     5.9, 
2006,    -7.1, ,   -15.8, ,    -4.5, ,     8.1, ,    12.2, ,    16.8, ,    20.7, ,    17.9, ,    12.6, ,     3.4,E,    -2.8, ,    -7.9,E,     4.5,E,   -10.8, ,     5.3, ,    18.5, ,     4.4,E
2007,   -14.0, ,   -17.9, ,    -4.1, ,     2.9, ,    12.5, ,    17.6, ,    20.0, ,    16.7, ,    12.2, ,     6.2, ,    -3.6, ,   -14.2, ,     2.9, ,   -13.3,E,     3.8, ,    18.1, ,     4.9, 
2008,   -16.3, ,   -17.4, ,    -8.1, ,     2.3, ,     8.0, ,    14.8, ,    17.6, ,    17.8, ,    12.8, ,     6.1, ,    -3.1, ,   -18.9, ,     1.3, ,   -16.0, ,      .7, ,    16.7, ,     5.3, 
2009,   -20.1, , -9999.9,M,    -6.6,E,     2.8, ,     7.9, ,    14.8, ,    15.6, ,    16.5, ,    16.3, ,     3.4, ,      .9, ,   -14.8, , -9999.9,M, -9999.9,M,     1.4,E,    15.6, ,     6.9, 
2010,   -14.2, ,   -12.5, ,      .5, ,     7.4, ,    11.3, ,    15.4,E,    19.4, ,    18.7, ,    10.6, ,     8.0, ,    -3.8, ,   -13.8, ,     3.9,E,   -13.8, ,     6.4, ,    17.8,E,     4.9, 
2011,   -18.9, ,   -13.8, ,    -7.6, ,     4.3, ,    10.4, ,    15.4, ,    19.7, ,    18.5, ,    12.5, ,     8.4, ,    -1.6, ,    -7.5, ,     3.3, ,   -15.5, ,     2.4, ,    17.9, ,     6.4, 
2012,   -10.1, ,    -8.8, ,     2.4, ,     4.7, ,    11.7, ,    17.1, ,    21.1,E,    17.8, ,    11.0, , -9999.9,M,    -4.4, ,   -13.3, , -9999.9,M,    -8.8, ,     6.3, ,    18.7,E, -9999.9,M
