5050920,FLIN FLON      ,MB, station not joined, Monthly mean of homogenized daily mean temperature                     , °C,          Updated to December 2012
5050920,FLIN FLON      ,MB, station non-jointe, Moyenne mensuelle des températures homogénéisées moyennes quotidiennes , °C, Mise à jour jusqu à décembre 2012
Year,     Jan, ,     Feb, ,     Mar, ,     Apr, ,     May, ,     Jun, ,     Jul, ,     Aug, ,     Sep, ,     Oct, ,     Nov, ,     Dec, ,  Annual, ,  Winter, ,  Spring, ,  Summer, ,  Autumn
Year,    Janv, ,     Fév, ,    Mars, ,     Avr, ,     Mai, ,    Juin, ,    Juil, ,    Août, ,    Sept, ,     Oct, ,     Nov, ,     Déc, ,  Annuel, ,   Hiver, ,Printemp, ,     Eté, , Automne
1927, -9999.9,M,   -19.8, , -9999.9,M, -9999.9,M, -9999.9,M, -9999.9,M, -9999.9,M, -9999.9,M, -9999.9,M, -9999.9,M, -9999.9,M, -9999.9,M, -9999.9,M, -9999.9,M, -9999.9,M, -9999.9,M, -9999.9,M
1928,   -16.4, , -9999.9,M, -9999.9,M, -9999.9,M, -9999.9,M,    13.1, ,    17.5, , -9999.9,M,     9.7, ,     1.7, ,    -5.8, ,   -13.8, , -9999.9,M, -9999.9,M, -9999.9,M, -9999.9,M,     1.9, 
1929,   -28.3, ,   -22.4, , -9999.9,M,    -1.5, ,     4.7, ,    13.5, ,    18.2, ,    17.2, ,     8.4, ,     2.6, ,    -9.4, ,   -20.2, , -9999.9,M,   -21.5, , -9999.9,M,    16.3, ,      .5, 
1930,   -27.3, ,   -18.4, ,   -10.9, ,     1.6, ,     7.9, ,    16.2, ,    19.6, ,    19.0, ,     8.7, ,     -.5, ,    -8.6, ,   -11.2, ,     -.3, ,   -22.0, ,     -.5, ,    18.3, ,     -.1, 
1931,   -16.9, ,   -11.8, , -9999.9,M,     1.5, ,     8.3, ,    14.8, ,    18.6, ,    16.9, ,    10.5, ,     5.5, ,    -7.5, ,   -14.3, , -9999.9,M,   -13.3, , -9999.9,M,    16.8, ,     2.8, 
1932,   -20.6, ,   -20.7, ,   -18.5, ,     -.1, ,    10.8, ,    16.6, ,    18.4, ,    18.2, ,    10.5, ,    -1.9, ,   -14.4, ,   -21.2, ,    -1.9, ,   -18.5, ,    -2.6, ,    17.7, ,    -1.9, 
1933,   -23.7, ,   -22.9, ,   -12.8, ,    -2.1, ,     9.9, ,    15.9, ,    17.7, ,    17.2, ,     9.8, ,    -1.3, ,   -14.8, ,   -29.0, ,    -3.0, ,   -22.6, ,    -1.7, ,    16.9, ,    -2.1, 
1934,   -21.6, ,   -17.3, , -9999.9,M,      .9, ,     9.6, ,    14.2, ,    16.8, ,    14.3, ,     7.2, ,     3.6, ,    -7.2, ,   -19.0, , -9999.9,M,   -22.6, , -9999.9,M,    15.1, ,     1.2, 
1935,   -26.6, ,   -10.8, ,   -13.3, ,     -.8, ,    10.6, ,    13.2, ,    20.2, ,    15.5, ,     9.2, ,      .8, ,   -15.1, ,   -16.8, ,    -1.2, ,   -18.8, ,    -1.2, ,    16.3, ,    -1.7, 
1936,   -27.4, ,   -27.0, ,   -10.2, ,    -3.6, ,     8.5, ,    13.4, ,    20.4, ,    16.8, ,     8.4, ,    -1.1, ,    -8.6, ,   -20.1, ,    -2.5, ,   -23.7, ,    -1.8, ,    16.9, ,     -.4, 
1937,   -27.9, ,   -17.4, ,   -10.5, ,     2.3, ,    11.6, ,    16.4, ,    21.0, ,    17.5, ,     9.8, ,     3.0, ,   -10.2, ,   -21.2, ,     -.5, ,   -21.8, ,     1.1, ,    18.3, ,      .9, 
1938,   -20.4, ,   -17.5, ,    -6.8, ,     -.6, ,     8.2, ,    16.7, ,    18.7, ,    15.8, ,    14.7, ,     6.8, ,   -10.7, ,   -14.8, ,      .8, ,   -19.7, ,      .3, ,    17.1, ,     3.6, 
1939,   -20.7, ,   -25.4, ,   -13.7, ,      .3, ,     8.8, ,    12.2, ,    19.0, ,    18.2, ,     9.3, ,    -1.8, ,    -5.5, ,    -9.8, ,     -.8, ,   -20.3, ,    -1.5, ,    16.5, ,      .7, 
1940,   -18.1, ,   -15.7, , -9999.9,M,      .7, ,    10.8, , -9999.9,M,    18.5, ,    18.2, ,    14.6, ,     4.7, ,   -10.9, ,   -15.6, , -9999.9,M,   -14.5, , -9999.9,M, -9999.9,M,     2.8, 
1941,   -20.4, ,   -15.6, ,    -8.5, ,     3.0, ,     9.8, ,    16.1, ,    20.9, ,    16.4, ,     9.1, ,     2.8, ,    -7.7, ,   -15.8, ,      .8, ,   -17.2, ,     1.4, ,    17.8, ,     1.4, 
1942,   -14.5, ,   -15.9, ,    -4.8, ,      .6, ,     9.1, ,    14.8, ,    17.2, ,    16.6, ,     9.2, ,     5.1, ,   -13.1, ,   -22.1, ,      .2, ,   -15.4, ,     1.6, ,    16.2, ,      .4, 
1943,   -24.7, ,   -15.2, ,   -14.3, ,     1.8, ,     6.2, ,    12.1, ,    19.3, ,    16.6, ,     9.5, ,     6.3, ,    -4.7, ,   -14.7, ,     -.1, ,   -20.7, ,    -2.1, ,    16.0, ,     3.7, 
1944,   -12.9, ,   -19.3, ,   -14.2, ,     3.8, ,    11.0, ,    14.2, ,    17.6, ,    16.1, ,    11.6, ,     4.9, ,    -6.7, ,   -15.5, ,      .9, ,   -15.6, ,      .2, ,    16.0, ,     3.3, 
1945,   -20.0, ,   -16.0, ,    -5.7, ,    -4.7, ,     4.5, ,    11.9, ,    17.8, ,    17.1, ,     8.8, ,     3.6, ,   -12.6, ,   -20.1, ,    -1.3, ,   -17.2, ,    -2.0, ,    15.6, ,     -.1, 
1946,   -20.3, ,   -21.6, ,    -4.6, ,     3.6, ,     6.4, ,    12.9, ,    18.4, ,    16.5, ,    10.5, ,      .5, ,   -10.3, ,   -21.3, ,     -.8, ,   -20.7, ,     1.8, ,    15.9, ,      .2, 
1947,   -19.6, ,   -19.8, ,   -10.0, ,    -2.9, ,     5.8, ,    14.4, ,    20.3, ,    16.2, ,     9.1, ,     6.7, ,   -10.2, ,   -18.2, ,     -.7, ,   -20.2, ,    -2.4, ,    17.0, ,     1.9, 
1948,   -18.1, ,   -20.9, ,   -13.7, ,    -3.9, ,    10.4, ,    16.0, ,    18.8, ,    16.8, ,    13.8, ,     6.9, ,    -5.4, ,   -18.5, ,      .2, ,   -19.1, ,    -2.4, ,    17.2, ,     5.1, 
1949,   -20.9, ,   -22.5, ,    -9.3, ,     4.0, ,     8.9, ,    13.5, ,    16.5, ,    17.8, ,     9.4, ,     1.3, ,    -4.8, ,   -20.7, ,     -.6, ,   -20.6, ,     1.2, ,    15.9, ,     2.0, 
1950,   -31.4, ,   -19.0, ,   -12.6, ,    -2.2, ,     8.5, ,    12.5, ,    18.0, ,    14.1, ,    11.6, ,     2.1, ,   -10.9, ,   -19.9, ,    -2.4, ,   -23.7, ,    -2.1, ,    14.9, ,      .9, 
1951,   -22.2, ,   -17.7, ,   -14.0, ,      .7, ,     9.5, ,    12.9, ,    17.0, ,    15.4, ,     9.0, ,     1.0, ,   -10.9, ,   -20.7, ,    -1.7, ,   -19.9, ,    -1.3, ,    15.1, ,     -.3, 
1952,   -23.3, ,   -14.9, ,    -9.8, ,     6.1, ,    10.7, ,    14.5, ,    17.1, ,    15.7, ,    10.3, ,     3.0, ,    -5.2, ,   -12.1, ,     1.0, ,   -19.6, ,     2.3, ,    15.8, ,     2.7, 
1953,   -22.4, ,   -13.3, ,    -9.3, ,     -.7, ,     8.0, ,    13.4, ,    17.5, ,    18.5, ,     9.7, ,     5.0, ,    -2.4, ,   -15.5, ,      .7, ,   -15.9, ,     -.7, ,    16.5, ,     4.1, 
1954,   -27.8, ,   -10.7, ,   -10.9, ,    -5.5, ,     6.5, ,    14.7, ,    18.7, ,    15.3, ,     9.6, ,     3.4, ,    -3.5, ,   -10.9, ,     -.1, ,   -18.0, ,    -3.3, ,    16.2, ,     3.2, 
1955,   -19.5, ,   -19.0, ,   -15.4, ,     3.4, ,     9.4, ,    17.5, ,    19.1, ,    18.3, ,     9.7, ,     4.7, ,   -13.0, ,   -22.5, ,     -.6, ,   -16.5, ,     -.9, ,    18.3, ,      .5, 
1956,   -21.0, ,   -18.2, ,   -11.7, ,    -2.3, ,     7.3, ,    17.0, ,    17.6, ,    16.2, ,     7.9, ,     4.1, ,    -6.6, ,   -18.2, ,     -.7, ,   -20.6, ,    -2.2, ,    16.9, ,     1.8, 
1957,   -23.2, ,   -19.4, ,    -9.0, ,     -.7, ,     7.5, ,    14.0, ,    19.3, ,    15.8, ,    10.6, ,     4.5, ,    -8.5, ,   -17.9, ,     -.6, ,   -20.3, ,     -.7, ,    16.4, ,     2.2, 
1958,   -16.9, ,   -18.3, ,    -5.8, ,     2.5, ,    10.0, ,    12.3, ,    17.4, ,    16.5, ,     9.7, ,     4.1, ,    -7.3, ,   -19.6, ,      .4, ,   -17.7, ,     2.2, ,    15.4, ,     2.2, 
1959,   -25.2, ,   -16.7, ,    -6.9, ,     -.1, ,     6.2, ,    14.1, ,    19.5, ,    15.1, ,     9.1, ,    -2.9, ,   -11.8, ,   -10.6, ,     -.9, ,   -20.5, ,     -.3, ,    16.2, ,    -1.9, 
1960,   -20.9, ,   -15.9, ,   -12.9, ,     -.8, ,     9.3, ,    14.4, ,    19.4, ,    17.4, ,    10.7, ,     3.1, ,    -9.4, ,   -16.7, ,     -.2, ,   -15.8, ,    -1.5, ,    17.1, ,     1.5, 
1961,   -19.9, ,   -13.8, ,    -8.4, ,    -3.2, ,     9.7, ,    17.0, ,    17.7, ,    18.5, ,     6.5, ,     2.0, ,    -8.1, ,   -22.6, ,     -.4, ,   -16.8, ,     -.6, ,    17.7, ,      .1, 
1962,   -24.0, ,   -21.7, ,   -10.0, ,    -1.6, ,     8.4, ,    17.1, ,    17.5, ,    15.8, ,    10.4, ,     5.8, ,    -6.1, ,   -17.4, ,     -.5, ,   -22.8, ,    -1.1, ,    16.8, ,     3.4, 
1963,   -25.5, ,   -20.4, ,   -10.9, ,     1.7, ,     8.1, ,    15.2, ,    19.7, ,    18.5, ,    11.1, ,     9.6, ,    -6.6, ,   -18.3, ,      .2, ,   -21.1, ,     -.4, ,    17.8, ,     4.7, 
1964,   -17.6, ,   -12.8, ,   -16.8, ,     1.7, ,     9.9, ,    15.4, ,    19.1, ,    14.2, ,     8.1, ,     4.3, ,    -8.4, ,   -21.7, ,     -.4, ,   -16.2, ,    -1.7, ,    16.2, ,     1.3, 
1965,   -24.2, ,   -22.6, ,   -14.0, ,     1.6, ,     7.5, ,    14.9, ,    17.2, ,    15.4, ,     6.0, ,     5.3, ,   -10.4, ,   -12.6, ,    -1.3, ,   -22.8, ,    -1.6, ,    15.8, ,      .3, 
1966,   -27.8, ,   -18.5, ,    -8.3, ,    -2.3, ,     7.0, ,    15.4, ,    18.4, ,    17.1, ,    13.1, ,     3.2, ,   -14.3, ,   -17.7, ,    -1.2, ,   -19.6, ,    -1.2, ,    17.0, ,      .7, 
1967,   -21.3, ,   -21.3, ,   -12.6, ,    -4.0, ,     6.8, ,    13.6, ,    17.7, ,    18.3, ,    14.6, ,     1.7, ,    -7.1, ,   -15.6, ,     -.8, ,   -20.1, ,    -3.3, ,    16.5, ,     3.1, 
1968,   -22.2, ,   -17.7, ,    -6.0, ,     1.4, ,     9.3, ,    13.6, ,    16.4, ,    14.5, ,    11.5, ,     2.9, ,    -6.5, ,   -18.1, ,     -.1, ,   -18.5, ,     1.6, ,    14.8, ,     2.6, 
1969,   -26.0, ,   -14.6, ,    -9.8, ,     4.4, ,     7.4, ,    11.5, ,    17.9, ,    19.3, ,     8.1, ,     -.9, ,    -7.3, ,   -12.6, ,     -.2, ,   -19.6, ,      .7, ,    16.2, ,      .0, 
1970,   -21.2, ,   -16.9, ,   -11.6, ,     -.1, ,     8.0, ,    16.3, ,    19.4, ,    16.9, ,     9.9, ,     3.2, ,    -8.9, ,   -23.0, ,     -.7, ,   -16.9, ,    -1.2, ,    17.5, ,     1.4, 
1971,   -23.9,E,   -14.0, ,   -10.3, ,     1.7, ,    10.7, ,    16.5, ,    16.0, ,    18.0, ,    10.9, ,     3.7, ,    -8.3, ,   -18.7, ,      .2,E,   -20.3,E,      .7, ,    16.8, ,     2.1, 
1972,   -26.6, ,   -22.3, ,    -9.5, ,      .1, ,    11.6, ,    16.6, ,    15.8, ,    17.6, ,     5.5, ,      .2, ,    -8.8, ,   -22.0, ,    -1.8, ,   -22.5, ,      .7, ,    16.7, ,    -1.0, 
1973,   -16.2, ,   -17.4, ,    -3.4, ,     -.3, ,    11.1, ,    14.5, ,    18.3, ,    19.1, ,    10.0, ,     4.0, ,   -10.6, ,   -19.4, ,      .8, ,   -18.5, ,     2.5, ,    17.3, ,     1.1, 
1974,   -25.2, ,   -18.2, ,   -14.2, ,     1.9, ,     5.9, ,    15.0, ,    19.0, ,    15.5, ,     6.7, ,     2.6, ,    -4.4, ,   -11.0, ,     -.5, ,   -20.9, ,    -2.1, ,    16.5, ,     1.6, 
1975,   -21.5, ,   -17.7, ,   -11.8, ,      .6, ,     8.2, ,    15.0, ,    20.1, ,    15.0, ,     9.3, ,     3.4, ,    -5.7, ,   -17.0, ,     -.2, ,   -16.7, ,    -1.0, ,    16.7, ,     2.3, 
1976,   -20.9, ,   -15.2, ,   -10.4, ,     5.1, ,    11.9, ,    15.4, ,    18.3, ,    17.9, ,    12.0, ,     1.8, ,    -7.5, ,   -19.0, ,      .8, ,   -17.7, ,     2.2, ,    17.2, ,     2.1, 
1977,   -21.1, ,   -10.3, ,    -5.9, ,     5.4, ,    14.3, ,    16.7, ,    17.7, ,    12.4, ,    10.1, ,     6.4, ,    -6.9, ,   -20.5, ,     1.5, ,   -16.8, ,     4.6, ,    15.6, ,     3.2, 
1978,   -21.5, ,   -15.0, ,    -9.6, ,      .1, ,    11.9, ,    14.5, ,    17.6, ,    14.5, ,    10.2, ,     4.5, ,    -9.9, ,   -19.0, ,     -.1, ,   -19.0, ,      .8, ,    15.5, ,     1.6, 
1979,   -21.4, ,   -24.3, ,   -11.3, ,    -1.8, ,     6.4, ,    15.1, ,    20.7, ,    15.2, ,    10.0, ,     2.3, ,    -6.3, ,   -12.6, ,     -.7, ,   -21.6, ,    -2.2, ,    17.0, ,     2.0, 
1980,   -20.6, ,   -15.1, ,   -11.4, ,     7.0, ,    12.9, ,    15.5, ,    18.2, ,    16.5, ,     8.9, ,     3.1, ,    -5.3, ,   -22.2, ,      .6, ,   -16.1, ,     2.8, ,    16.7, ,     2.2, 
1981,   -14.2, ,   -11.9, ,    -2.9,E,    -1.5, ,    10.2, ,    14.6, ,    18.6, ,    20.3,E,    10.8, ,     1.7, ,    -2.2, ,   -17.7, ,     2.2,E,   -16.1, ,     1.9,E,    17.8,E,     3.4, 
1982,   -30.5, ,   -18.4, ,   -10.2, ,     -.8, ,     9.0, ,    13.5, ,    18.1, ,    14.4, ,    10.3, ,     3.2, ,   -11.1, ,   -17.2,E,    -1.6,E,   -22.2, ,     -.7, ,    15.3, ,      .8, 
1983,   -17.4, ,   -16.5,E,    -9.2,E,     -.3, ,     5.8, ,    15.8, ,    19.2, ,    20.8, ,    10.8, ,     4.7, ,    -3.1, ,   -22.2,E,      .7,E,   -17.0,E,    -1.2,E,    18.6, ,     4.1, 
1984,   -18.9, ,    -7.4, ,    -9.1, ,     6.2, ,     8.2,E,    16.4, ,    19.5, ,    19.1, ,     8.2, ,     2.6, ,   -11.2, ,   -21.5,E,     1.0,E,   -16.2,E,     1.8,E,    18.3, ,     -.1, 
1985,   -19.1,E,   -20.3,E,    -4.7, ,     3.2, ,    11.2,E,    12.8, ,    17.4,E,    15.7,E,     8.4, ,     2.2,E,   -15.2,E,   -17.4,E,     -.5,E,   -20.3,E,     3.2,E,    15.3,E,    -1.5,E
1986,   -15.1, ,   -15.5,E,    -5.4, ,      .8, ,    10.7,E,    15.0, ,    17.4, ,    17.1, ,     8.5, ,     4.2, ,   -13.5,E,   -11.6, ,     1.1,E,   -16.0,E,     2.0,E,    16.5, ,     -.3,E
1987,   -13.6, ,   -10.6, ,    -7.1, ,     5.9,E,    12.0,E,    17.2, ,    18.1, ,    15.0,E,    12.3,E,     2.3,E,    -4.8, ,   -11.6, ,     2.9,E,   -11.9, ,     3.6,E,    16.8,E,     3.3,E
1988,   -21.9,E,   -18.2,E,    -8.6,E,     1.0, ,    11.5, ,    19.2, ,    18.8,E,    17.7,E,    11.0,E,     3.7,E,    -7.3, ,   -16.4, ,      .9,E,   -17.2,E,     1.3,E,    18.6,E,     2.5,E
1989,   -18.1, ,   -16.9, ,   -12.6, ,      .9, ,    10.2,E,    15.2,E,    20.9,E,    17.2,E, -9999.9,M,     3.5,E,   -12.6,E,   -23.5, , -9999.9,M,   -17.1, ,     -.5,E,    17.8,E, -9999.9,M
1990,   -18.4, ,   -19.8,E,    -5.5,E,     -.3,E,     9.7,E,    17.1,E,    18.1,E,    17.8, , -9999.9,M,      .8,E,    -9.3,E,   -21.5,E, -9999.9,M,   -20.6,E,     1.3,E,    17.7,E, -9999.9,M
1991,   -22.2,E,   -12.1,E,    -7.2,E,     3.6,E,    10.8,E,    17.1, ,    19.4,E,    19.9, ,    10.0, ,    -1.2,E,   -11.8, ,   -15.2,E,      .9,E,   -18.6,E,     2.4,E,    18.8,E,    -1.0,E
1992,   -15.7,E,   -13.4,E,    -6.4,E,      .5, ,     7.9,E,    13.0,E,    16.1,E,    16.1, ,     8.7,E,     3.0,E,    -4.2, ,   -20.1, ,      .5,E,   -14.8,E,      .7,E,    15.1,E,     2.5,E
1993,   -17.3, ,   -14.8,E,    -4.1, ,     2.6,E,     9.8, ,    13.8,E,    16.6, ,    16.8, ,     8.6, ,     1.2, ,    -7.9, ,   -14.9, ,      .9,E,   -17.4,E,     2.8,E,    15.7,E,      .6, 
1994,   -25.9,E,   -21.9,E,    -5.1,E,      .7, ,     9.4,E,    16.4, ,    18.0,E,    16.4,E,    13.9,E,     4.8, ,    -6.1,E,   -13.9,E,      .6,E,   -20.9,E,     1.7,E,    16.9,E,     4.2,E
1995,   -16.5, ,   -15.4,E,    -8.2,E,    -1.6,E,    10.2, ,    19.5, ,    17.3, ,    16.8, ,    11.8,E,     4.0, ,   -11.9, ,   -17.1,E,      .7,E,   -15.3,E,      .1,E,    17.9, ,     1.3,E
1996,   -24.8, ,   -14.8,E,   -12.7, ,      .1, ,     7.2, ,    17.1, ,    19.8, ,    19.2, ,    11.3, ,     2.2,E,   -11.9, ,   -19.6,E,     -.6,E,   -18.9,E,    -1.8, ,    18.7, ,      .5,E
1997,   -22.2,E,   -13.1, ,    -9.4,E,     -.3, ,     7.6, ,    16.5,E,    20.2, ,    17.1,E,    12.3,E, -9999.9,M,    -6.3,E,    -8.9,E, -9999.9,M,   -18.3,E,     -.7,E,    17.9,E, -9999.9,M
1998,   -20.9,E,    -7.6, ,    -7.1,E,     5.8, ,    10.6, ,    16.0, ,    20.2, ,    19.8, ,    12.0, ,     4.8, ,    -5.6, ,   -16.8, ,     2.6,E,   -12.5,E,     3.1,E,    18.7, ,     3.7, 
1999,   -19.2, ,   -12.1, ,    -4.6, ,     4.9, ,    10.0, ,    16.3, ,    18.9, ,    18.4, ,    11.3, ,     3.2, ,    -3.3, ,   -12.7, ,     2.6, ,   -16.0, ,     3.4, ,    17.9, ,     3.7, 
2000,   -19.6, ,    -9.9, ,    -3.8, ,     1.6, ,     8.2, ,    13.2, ,    19.4, ,    17.4, ,    10.0, ,     4.8, ,    -7.5, ,   -22.7, ,      .9, ,   -14.1, ,     2.0, ,    16.7, ,     2.4, 
2001,   -10.8, ,   -18.2, ,    -6.0, ,     3.4, ,    11.1, ,    14.8, ,    20.1, ,    19.3, ,    13.2, ,     3.3, ,    -3.5, ,   -13.5, ,     2.8, ,   -17.2, ,     2.8, ,    18.1, ,     4.3, 
2002,   -18.3, ,   -12.2, ,   -14.4, ,    -2.5, ,     6.1, ,    17.6, ,    19.6, ,    17.3, ,    10.7, ,    -1.9, ,    -8.1, ,   -10.6, ,      .3, ,   -14.7, ,    -3.6, ,    18.2, ,      .2, 
2003,   -18.0, ,   -21.1, ,   -10.9, ,     1.1, ,    11.9, ,    16.6, ,    19.2, ,    20.5, ,    11.6, ,     5.2, ,    -9.3, ,   -11.5, ,     1.3, ,   -16.6, ,      .7, ,    18.8, ,     2.5, 
2004,   -23.1, ,   -12.2, ,    -7.8, ,     1.2, ,     5.3, ,    13.5, ,    18.9, ,    14.1, ,    11.1, ,     2.7, ,    -4.4, ,   -20.6, ,     -.1, ,   -15.6, ,     -.4, ,    15.5, ,     3.1, 
2005,   -20.3,E,   -13.2, ,    -8.0, ,     4.7, ,     9.5, ,    14.9, ,    19.0, ,    16.3, ,    11.3, ,     5.0, ,    -4.5, ,   -11.5, ,     1.9,E,   -18.0,E,     2.1, ,    16.7, ,     3.9, 
2006,   -11.4, ,   -16.3, ,    -6.1, ,     7.1, ,     9.3, ,    18.6, ,    19.8,E,    17.9, ,    11.8, ,     1.9, ,   -10.9, ,   -11.3, ,     2.5,E,   -13.1, ,     3.4, ,    18.8,E,      .9, 
2007,   -15.7, ,   -19.2,E,    -7.6, ,     1.6, ,    10.2, ,    14.7, ,    21.5, ,    15.4,E,     9.4,E,     5.4, ,    -8.4, ,   -17.1, ,      .9,E,   -15.4,E,     1.4, ,    17.2,E,     2.1,E
2008,   -18.6, ,   -19.7, ,   -10.6, ,      .1, ,     8.7, ,    16.4, ,    18.2, ,    19.5, ,    10.3, ,     5.0, ,    -5.9, ,   -23.3, ,      .0, ,   -18.5, ,     -.6, ,    18.0, ,     3.1, 
2009,   -19.1, ,   -16.5, ,   -12.0, ,      .9, ,     5.4, ,    14.4, ,    16.4, ,    16.6, ,    16.6, ,     1.7, ,    -1.2, ,   -18.9, ,      .4, ,   -19.6, ,    -1.9, ,    15.8, ,     5.7, 
2010,   -14.6, ,   -12.8, ,    -2.1, ,     5.9, ,     9.5, ,    17.3, ,    20.0, ,    16.7, ,     9.7, ,     5.6, ,    -7.1, ,   -16.0, ,     2.7, ,   -15.4, ,     4.4, ,    18.0, ,     2.7, 
2011,   -20.7, ,   -16.3, ,   -11.7, ,     2.2, ,     9.9, ,    16.0, ,    19.2, ,    19.1, ,    15.0, ,     5.8, ,    -6.5, ,   -11.0, ,     1.8, ,   -17.7, ,      .1, ,    18.1, ,     4.8, 
2012,   -15.7, ,   -11.5, ,    -4.7, ,     1.7, ,    10.3, ,    16.2, ,    22.2, ,    18.2, ,    12.5, ,     1.2, ,   -10.0, ,   -20.0, ,     1.7, ,   -12.7, ,     2.4, ,    18.9, ,     1.2, 
