5061001,GILLAM         ,MB, station joined    , Monthly mean of homogenized daily mean temperature                     , °C,          Updated to December 2012
5061001,GILLAM         ,MB, station jointe    , Moyenne mensuelle des températures homogénéisées moyennes quotidiennes , °C, Mise à jour jusqu à décembre 2012
Year,     Jan, ,     Feb, ,     Mar, ,     Apr, ,     May, ,     Jun, ,     Jul, ,     Aug, ,     Sep, ,     Oct, ,     Nov, ,     Dec, ,  Annual, ,  Winter, ,  Spring, ,  Summer, ,  Autumn
Year,    Janv, ,     Fév, ,    Mars, ,     Avr, ,     Mai, ,    Juin, ,    Juil, ,    Août, ,    Sept, ,     Oct, ,     Nov, ,     Déc, ,  Annuel, ,   Hiver, ,Printemp, ,     Eté, , Automne
1943, -9999.9,M, -9999.9,M, -9999.9,M,    -5.2, ,     2.0, ,     8.3, ,    15.7, ,    12.4, ,     6.6, ,     3.1, ,    -9.2, ,   -20.9, , -9999.9,M, -9999.9,M, -9999.9,M,    12.1, ,      .2, 
1944,   -16.4, ,   -23.1, ,   -18.4, , -9999.9,M,     6.1, ,     9.5, ,    12.5, ,    13.8, ,     8.8, ,      .3, ,    -9.9, ,   -20.1, , -9999.9,M,   -20.1, , -9999.9,M,    11.9, ,     -.3, 
1945,   -26.3, ,   -20.5, ,   -12.3, ,   -12.0, ,    -1.4, ,     6.2, ,    13.5, ,    13.2, ,     5.6, ,      .0, ,   -13.8, ,   -24.1, ,    -6.0, ,   -22.3, ,    -8.6, ,    11.0, ,    -2.7, 
1946,   -27.5, ,   -27.8, ,   -10.6, ,    -3.4, ,      .8, ,     9.6, ,    15.0, ,    13.7, ,     7.7, ,    -2.5, ,   -15.1, ,   -22.4, ,    -5.2, ,   -26.5, ,    -4.4, ,    12.8, ,    -3.3, 
1947,   -26.6, ,   -24.4, ,   -14.8, ,   -13.4, ,     -.8, ,    10.3, ,    16.7, ,    13.1, ,     6.0, ,     5.4, ,   -12.4, ,   -23.3, ,    -5.4, ,   -24.5, ,    -9.7, ,    13.4, ,     -.3, 
1948,   -23.4, ,   -26.3, ,   -20.8, ,    -9.6, ,     4.2, ,    11.5, ,    16.2, ,    15.2, ,    11.5, ,     4.5, ,    -8.1, ,   -20.1, ,    -3.8, ,   -24.3, ,    -8.7, ,    14.3, ,     2.6, 
1949,   -24.8, ,   -27.7, ,   -16.5, ,    -1.4, ,     2.0, ,    10.6, ,    13.0, ,    13.5, ,     5.3, ,    -2.5, ,   -10.8, ,   -23.3, ,    -5.2, ,   -24.2, ,    -5.3, ,    12.4, ,    -2.7, 
1950,   -34.5, ,   -25.2, ,   -18.3, ,    -8.2, ,     4.0, ,     6.5, , -9999.9,M, -9999.9,M, -9999.9,M,    -1.1, ,   -12.8, ,   -23.6, , -9999.9,M,   -27.7, ,    -7.5, , -9999.9,M, -9999.9,M
1951,   -27.0, ,   -22.2, ,   -16.6, ,    -4.9, ,     4.7, ,    10.4, ,    14.1, ,    12.5, ,     5.4, ,    -2.5, ,   -13.5, ,   -23.2, ,    -5.2, ,   -24.3, ,    -5.6, ,    12.3, ,    -3.5, 
1952,   -26.6, ,   -23.3, ,   -14.3, ,      .9, ,     6.2, ,    10.2, ,    14.2, ,    12.6, ,     6.9, ,    -2.2, ,   -11.8, ,   -15.0, ,    -3.5, ,   -24.4, ,    -2.4, ,    12.3, ,    -2.4, 
1953,   -27.3, , -9999.9,M, -9999.9,M, -9999.9,M, -9999.9,M,     8.4, ,    14.6, ,    15.6, ,     6.3, ,     1.4, , -9999.9,M, -9999.9,M, -9999.9,M, -9999.9,M, -9999.9,M,    12.9, , -9999.9,M
1954,   -32.0, ,   -18.5, ,   -17.2, ,    -9.6, ,     1.6, ,    12.2, ,    16.8, ,    12.7, ,     7.2, , -9999.9,M,    -8.7, ,   -16.7, , -9999.9,M, -9999.9,M,    -8.4, ,    13.9, , -9999.9,M
1955,   -26.0, ,   -24.5, ,   -21.1, ,    -1.2, ,     5.9, ,    13.8, ,    16.2, ,    15.0, ,     6.6, ,     1.7, ,   -10.3, ,   -24.2, ,    -4.0, ,   -22.4, ,    -5.5, ,    15.0, ,     -.7, 
1956,   -23.0, ,   -22.6, ,   -17.3, ,    -7.3, ,    -1.0, ,    11.5, ,    14.5, ,    13.6, ,     4.1, ,      .8, ,   -12.1, , -9999.9,M, -9999.9,M,   -23.3, ,    -8.5, ,    13.2, ,    -2.4, 
1957,   -29.4, ,   -23.4, ,   -13.9, ,    -6.2, ,     1.3, ,     9.8, ,    16.0, ,    13.2, ,     7.5, ,     1.7, ,   -13.6, ,   -22.9, ,    -5.0, , -9999.9,M,    -6.3, ,    13.0, ,    -1.5, 
1958,   -22.1, ,   -25.3, ,   -11.9, ,    -5.1, ,     2.5, ,     7.3, ,    13.5, ,    11.6, ,     7.0, ,     1.4, ,   -12.4, ,   -25.9, ,    -5.0, ,   -23.4, ,    -4.8, ,    10.8, ,    -1.3, 
1959,   -29.0, ,   -23.0, ,   -15.3, ,    -9.0, ,     1.2, ,     9.3, ,    16.0, ,    12.0, ,     7.4, ,    -3.5, ,   -15.8, ,   -16.2, ,    -5.5, ,   -26.0, ,    -7.7, ,    12.4, ,    -4.0, 
1960,   -25.1, ,   -21.3, ,   -19.0, ,    -7.3, ,     5.1, ,    11.3, ,    15.0, ,    14.1, ,     7.1, ,    -1.0, ,   -15.3, ,   -21.9, ,    -4.9, ,   -20.9, ,    -7.1, ,    13.5, ,    -3.1, 
1961,   -27.0, ,   -20.9, ,   -16.2, ,    -7.6, ,     4.4, ,    11.1, ,    14.4, ,    13.8, ,     5.1, ,    -2.3, ,   -10.4, ,   -23.0, ,    -4.9, ,   -23.3, ,    -6.5, ,    13.1, ,    -2.5, 
1962, -9999.9,M, -9999.9,M, -9999.9,M, -9999.9,M, -9999.9,M, -9999.9,M, -9999.9,M, -9999.9,M, -9999.9,M, -9999.9,M, -9999.9,M, -9999.9,M, -9999.9,M, -9999.9,M, -9999.9,M, -9999.9,M, -9999.9,M
1963, -9999.9,M, -9999.9,M, -9999.9,M, -9999.9,M, -9999.9,M, -9999.9,M, -9999.9,M, -9999.9,M, -9999.9,M, -9999.9,M, -9999.9,M, -9999.9,M, -9999.9,M, -9999.9,M, -9999.9,M, -9999.9,M, -9999.9,M
1964, -9999.9,M,   -19.8, ,   -22.1, ,    -6.1, ,     4.3, ,    11.1, ,    16.3, ,    11.2, ,     6.4, , -9999.9,M, -9999.9,M, -9999.9,M, -9999.9,M, -9999.9,M,    -8.0, ,    12.9, , -9999.9,M
1965, -9999.9,M, -9999.9,M, -9999.9,M, -9999.9,M, -9999.9,M, -9999.9,M, -9999.9,M, -9999.9,M, -9999.9,M, -9999.9,M, -9999.9,M, -9999.9,M, -9999.9,M, -9999.9,M, -9999.9,M, -9999.9,M, -9999.9,M
1966, -9999.9,M, -9999.9,M, -9999.9,M, -9999.9,M, -9999.9,M, -9999.9,M, -9999.9,M, -9999.9,M, -9999.9,M,     -.8, ,   -17.8, ,   -22.3, , -9999.9,M, -9999.9,M, -9999.9,M, -9999.9,M, -9999.9,M
1967,   -25.4, ,   -26.2, ,   -17.4, ,   -10.1, ,     1.8, ,    11.5, ,    15.4, ,    15.0, ,    10.7, ,    -1.3, ,   -12.2, ,   -18.1, ,    -4.7, ,   -24.6, ,    -8.6, ,    14.0, ,     -.9, 
1968,   -27.3, ,   -23.5, ,   -13.4, ,    -4.1, ,     4.1,E, -9999.9,M,    13.0, ,    11.4, ,    10.8, ,     1.5, ,    -9.8, ,   -19.7, , -9999.9,M,   -23.0, ,    -4.5,E, -9999.9,M,      .8, 
1969,   -26.1, ,   -16.7, ,   -16.3, ,    -1.3, ,      .9, ,     7.0, ,    14.8, ,    16.1, ,     5.4, ,    -2.4, ,    -9.9, ,   -15.6, ,    -3.7, ,   -20.8, ,    -5.6, ,    12.6, ,    -2.3, 
1970,   -25.1, ,   -25.2, ,   -15.2, ,    -6.2, ,     1.5, ,    13.7, ,    17.0, ,    14.8, ,     7.5, , -9999.9,M, -9999.9,M,   -26.5, , -9999.9,M,   -22.0, ,    -6.6, ,    15.2, , -9999.9,M
1971,   -25.7, ,   -19.2, ,   -16.3, ,    -5.3, ,     5.1, ,    11.0, ,    13.4, ,    13.3, ,     8.1, ,     1.5, ,   -12.4, ,   -22.0, ,    -4.0, ,   -23.8, ,    -5.5, ,    12.6, ,     -.9, 
1972,   -31.5, ,   -28.8, ,   -16.5, ,    -5.9, ,     4.6, ,    11.1, ,    13.0, ,    13.9, ,     4.0, ,    -4.3, ,   -14.3, ,   -29.0, ,    -7.0, ,   -27.4, ,    -5.9, ,    12.7, ,    -4.9, 
1973,   -22.1, ,   -24.6, ,    -8.6, ,    -7.5, ,     5.1, ,    10.6, ,    15.1, ,    16.4, ,     7.6, ,     1.3, ,   -12.7, ,   -25.6, ,    -3.8, ,   -25.2, ,    -3.7, ,    14.0, ,    -1.3, 
1974,   -32.5, ,   -25.3, ,   -21.8, ,    -6.4, ,     3.0, ,    10.4, ,    16.7, ,    13.1, ,     3.3, ,    -3.1, ,    -7.8, ,   -17.3, ,    -5.6, ,   -27.8, ,    -8.4, ,    13.4, ,    -2.5, 
1975,   -28.2, ,   -22.2, ,   -18.6, ,    -3.0, ,     5.5, ,    12.4, ,    15.8, ,    13.3, ,     6.4, ,      .0, ,    -9.6, ,   -23.6, ,    -4.3, ,   -22.6, ,    -5.4, ,    13.8, ,    -1.1, 
1976,   -25.9, ,   -23.0, ,   -18.4, ,     -.6, ,     5.4, ,    12.6, ,    15.7, ,    14.4, ,     8.3, ,    -1.1, ,   -12.4, ,   -27.2, ,    -4.4, ,   -24.2, ,    -4.5, ,    14.2, ,    -1.7, 
1977,   -25.8, ,   -20.5, ,   -12.1, ,    -1.2, ,     8.2, ,    12.3, ,    14.8, ,    10.7, ,     7.8, ,     4.1, ,   -10.4, ,   -22.2, ,    -2.9, ,   -24.5, ,    -1.7, ,    12.6, ,      .5, 
1978,   -24.6, ,   -19.0, ,   -18.4, ,    -5.8, ,     4.6, ,     8.8, ,    13.3, ,    10.9, ,     4.9, ,    -1.5, ,   -14.2, ,   -23.5, ,    -5.4, ,   -21.9, ,    -6.5, ,    11.0, ,    -3.6, 
1979,   -26.0, ,   -29.9, ,   -18.8, ,    -5.2, ,     2.1, ,    10.7, ,    15.5, ,    11.2, ,     4.7, ,    -1.8, ,   -11.8, ,   -16.5, ,    -5.5, ,   -26.5, ,    -7.3, ,    12.5, ,    -3.0, 
1980,   -26.2, ,   -20.9, ,   -16.0, ,      .2, ,     6.1, ,     9.1, ,    15.3, ,    13.5, ,     4.5, ,    -1.8, ,   -12.3, ,   -25.2, ,    -4.5, ,   -21.2, ,    -3.2, ,    12.6, ,    -3.2, 
1981,   -19.3, ,   -17.0, ,   -11.3, ,    -9.9, ,     3.6, ,    10.2, ,    16.1, ,    15.3, ,     7.3, ,      .0, ,    -7.1, ,   -20.6, ,    -2.7, ,   -20.5, ,    -5.9, ,    13.9, ,      .1, 
1982,   -31.5,E,   -23.7, ,   -16.1, ,    -7.8, ,     6.6, ,     8.7, ,    14.8, ,    12.1, ,     7.7, ,     1.6, ,   -14.9, ,   -24.7, ,    -5.6,E,   -25.3,E,    -5.8, ,    11.9, ,    -1.9, 
1983,   -23.8, ,   -23.2, ,   -16.3, ,    -6.8, ,    -2.9, ,    12.1, ,    16.9, ,    16.8, ,     8.6, ,     2.5, ,    -5.5, ,   -26.3, ,    -4.0, ,   -23.9, ,    -8.7, ,    15.3, ,     1.9, 
1984,   -27.7, ,   -17.2, ,   -15.5, ,      .3, ,     2.6, ,    13.0, ,    16.8, ,    16.1, ,     5.9, ,     1.4, ,   -12.2, ,   -27.9, ,    -3.7, ,   -23.7, ,    -4.2, ,    15.3, ,    -1.6, 
1985,   -22.8, ,   -25.4, ,   -13.2, ,    -4.2, ,     4.8, ,    10.6, ,    13.7, ,    13.2, ,     7.3, ,     -.7, ,   -16.1, ,   -22.0, ,    -4.6, ,   -25.4, ,    -4.2, ,    12.5, ,    -3.2, 
1986,   -24.1, ,   -22.2, ,   -15.4, ,    -4.5, ,     6.5, ,    10.2, ,    13.1, ,    12.8, ,     5.4, ,    -1.0, ,   -18.7, ,   -17.2, ,    -4.6, ,   -22.8, ,    -4.5, ,    12.0, ,    -4.8, 
1987,   -20.7, ,   -18.5, ,   -11.2, ,     -.8, ,     4.7, ,    13.3, ,    15.0, ,    11.8, ,     9.2, ,    -1.1, ,    -8.5, ,   -16.0, ,    -1.9, ,   -18.8, ,    -2.4, ,    13.4, ,     -.1, 
1988,   -27.9, ,   -24.9, ,   -15.4, ,    -4.2, ,     3.5, ,    13.4, ,    15.9, ,    15.3, ,     9.3, ,    -1.5, ,   -10.4, ,   -22.4, ,    -4.1, ,   -22.9, ,    -5.4, ,    14.9, ,     -.9, 
1989,   -25.3, ,   -22.4, ,   -20.2, ,    -7.3, ,     3.1, ,    10.5, ,    18.5, ,    14.0, ,     7.3, ,      .1, ,   -19.1, ,   -26.5, ,    -5.6, ,   -23.4, ,    -8.1, ,    14.3, ,    -3.9, 
1990,   -25.2, ,   -24.9, ,   -10.8, ,    -6.7, ,     3.9, ,    10.9, ,    16.1, ,    14.6, ,     6.7, ,    -2.4, ,   -12.3, ,   -27.8, ,    -4.8, ,   -25.5, ,    -4.5, ,    13.9, ,    -2.7, 
1991,   -29.7, ,   -19.7, ,   -13.0, ,    -2.7, ,     5.1, ,    13.9, ,    16.7, ,    15.6, ,     6.9, ,    -2.8, ,   -16.6, ,   -22.9, ,    -4.1, ,   -25.7, ,    -3.5, ,    15.4, ,    -4.2, 
1992,   -23.1, ,   -23.2, ,   -14.6, ,    -7.8, ,     3.3, ,     7.6, ,    12.5, ,    13.0, ,     5.1, ,    -1.2, ,    -9.5, ,   -22.9, ,    -5.1, ,   -23.1, ,    -6.4, ,    11.0, ,    -1.9, 
1993,   -21.3, ,   -23.2, ,   -14.1, ,    -3.4, ,     5.7, ,    10.5, ,    15.3, ,    13.7, ,     5.1, ,    -3.5, ,   -13.8, ,   -22.1, ,    -4.3, ,   -22.5, ,    -3.9, ,    13.2, ,    -4.1, 
1994,   -31.1, ,   -26.8, ,   -14.2, ,    -7.6, ,     4.0, ,    13.8, ,    14.5, ,    13.2, ,    10.5, ,     2.3, ,    -9.5, ,   -16.8, ,    -4.0, ,   -26.7, ,    -5.9, ,    13.8, ,     1.1, 
1995,   -21.2, ,   -25.1, ,   -13.9, ,    -7.3, ,     2.5, ,    14.3, ,    14.0, ,    14.7, ,     6.7, ,     -.4, ,   -16.8, ,   -21.5, ,    -4.5, ,   -21.0, ,    -6.2, ,    14.3, ,    -3.5, 
1996,   -29.3, ,   -20.5, ,   -18.6, ,    -8.3, ,     1.9, ,    12.9, ,    16.6, ,    15.2, ,     9.5, ,    -1.1, ,   -14.5, ,   -22.7,E,    -4.9,E,   -23.8, ,    -8.3, ,    14.9, ,    -2.0, 
1997,   -26.3,E,   -21.7, ,   -18.2, ,    -6.7, ,      .0,E,    12.1, ,    17.6, ,    13.8, ,     9.0, ,    -2.5, ,   -12.5, ,   -16.1, ,    -4.3,E,   -23.6,E,    -8.3,E,    14.5, ,    -2.0, 
1998,   -27.1, ,   -14.3, ,   -15.6, ,     -.8, ,     5.7, ,    12.6, ,    16.4, ,    16.8, ,     9.2, ,     2.6, ,    -7.9, ,   -21.0, ,    -2.0, ,   -19.2, ,    -3.6, ,    15.3, ,     1.3, 
1999,   -23.9, ,   -16.9, ,   -10.6, ,     1.8, ,     8.2, ,    13.6, ,    15.4, ,    14.7, ,     7.4, ,    -1.1, ,    -8.6, ,   -19.1, ,    -1.6, ,   -20.6, ,     -.2, ,    14.6, ,     -.8, 
2000,   -24.2, ,   -16.7, ,    -9.3, ,    -5.8, ,     4.1, ,     8.8, ,    15.6, ,    14.9, ,     6.9, ,     2.9, ,   -10.4, ,   -26.1, ,    -3.3, ,   -20.0, ,    -3.7, ,    13.1, ,     -.2, 
2001,   -19.4, ,   -24.3, ,   -12.6, ,    -1.9, ,     7.5, ,    11.7, ,    17.2, ,    15.0, ,     9.9, ,      .3, ,    -8.6, ,   -16.7, ,    -1.8, ,   -23.3, ,    -2.3, ,    14.6, ,      .5, 
2002,   -24.6, ,   -21.4, ,   -18.6, ,    -8.1, ,     -.5, ,    11.5, ,    16.4, ,    13.8, ,     7.9, ,    -3.4, ,   -13.3, ,   -17.1, ,    -4.8, ,   -20.9, ,    -9.1, ,    13.9, ,    -2.9, 
2003,   -21.9, ,   -27.7, ,   -16.4, ,    -6.4, ,     7.5, ,    12.3, ,    16.3, ,    17.0, ,     8.8, ,      .6, ,   -11.5, ,   -16.5, ,    -3.2, ,   -22.2, ,    -5.1, ,    15.2, ,     -.7, 
2004,   -30.4, ,   -19.8, ,   -16.3, ,    -7.1, ,     -.9, ,     8.6, ,    15.3, ,    11.7, ,     9.3, ,     -.3, ,   -10.1, ,   -26.9, ,    -5.6, ,   -22.2, ,    -8.1, ,    11.9, ,     -.4, 
2005,   -25.6, ,   -21.6, ,   -16.5, ,     1.0, ,     5.9, ,    11.3, ,    16.4, ,    13.7, ,     8.2, ,     1.7, ,    -9.0, ,   -18.6, ,    -2.8, ,   -24.7, ,    -3.2, ,    13.8, ,      .3, 
2006,   -18.9, ,   -20.9, ,   -10.8, ,     2.2, ,     5.2, ,    14.5, ,    15.0, ,    15.5, ,     8.7, ,      .9, ,   -13.4, ,   -15.8, ,    -1.5, ,   -19.5, ,    -1.1, ,    15.0, ,    -1.3, 
2007,   -22.6, ,   -23.2, ,   -15.9, ,    -4.3, ,     5.6, ,    10.9, ,    17.1, ,    13.0, ,     6.6, ,     2.1, ,   -13.2, ,   -22.7, ,    -3.9, ,   -20.5, ,    -4.9, ,    13.7, ,    -1.5, 
2008,   -22.3, ,   -25.8, ,   -19.1, ,    -4.8, ,     2.7, ,    11.8, ,    15.5, ,    17.2, ,     6.6, ,     2.4, ,    -8.8, ,   -27.2, ,    -4.3, ,   -23.6, ,    -7.1, ,    14.8, ,      .1, 
2009,   -22.9, ,   -21.0, ,   -17.1, ,    -3.7, ,    -1.4, ,    10.0, ,    13.9, ,    12.4, ,    11.3, ,     -.1, ,    -6.0, ,   -22.2, ,    -3.9, ,   -23.7, ,    -7.4, ,    12.1, ,     1.7, 
2010,   -18.7, ,   -16.6, ,    -5.6, ,     2.3, ,     3.9, ,    12.4, ,    18.0, ,    14.0, ,     7.3, ,     2.7, ,    -8.6, ,   -17.0, ,     -.5, ,   -19.2, ,      .2, ,    14.8, ,      .5, 
2011,   -24.7, ,   -21.2, ,   -16.7, ,    -5.0, ,     3.3, ,    13.4, ,    16.7, ,    15.3, ,    11.3, ,     3.0, ,    -9.4, ,   -18.5, ,    -2.7, ,   -21.0, ,    -6.1, ,    15.1, ,     1.6, 
2012,   -22.7, ,   -16.8, ,   -11.6, ,    -3.1, ,     4.8, ,    11.2, ,    18.3, ,    14.7, ,     9.8, ,     -.4, ,   -14.0, ,   -21.7, ,    -2.6, ,   -19.3, ,    -3.3, ,    14.7, ,    -1.5, 
