6077845,SMOKY FALLS    ,ON, station not joined, Monthly mean of homogenized daily mean temperature                     , °C,          Updated to December 2012
6077845,SMOKY FALLS    ,ON, station non-jointe, Moyenne mensuelle des températures homogénéisées moyennes quotidiennes , °C, Mise à jour jusqu à décembre 2012
Year,     Jan, ,     Feb, ,     Mar, ,     Apr, ,     May, ,     Jun, ,     Jul, ,     Aug, ,     Sep, ,     Oct, ,     Nov, ,     Dec, ,  Annual, ,  Winter, ,  Spring, ,  Summer, ,  Autumn
Year,    Janv, ,     Fév, ,    Mars, ,     Avr, ,     Mai, ,    Juin, ,    Juil, ,    Août, ,    Sept, ,     Oct, ,     Nov, ,     Déc, ,  Annuel, ,   Hiver, ,Printemp, ,     Eté, , Automne
1933, -9999.9,M, -9999.9,M, -9999.9,M, -9999.9,M, -9999.9,M, -9999.9,M, -9999.9,M, -9999.9,M, -9999.9,M, -9999.9,M,   -14.6, ,   -22.7, , -9999.9,M, -9999.9,M, -9999.9,M, -9999.9,M, -9999.9,M
1934,   -18.5, ,   -24.0, ,   -13.2, ,    -2.2, ,     5.9, ,    13.7, ,    16.4, ,    13.3, ,     9.8, ,     2.7, ,    -3.4, ,   -19.0, ,    -1.5, ,   -21.7, ,    -3.2, ,    14.5, ,     3.0, 
1935,   -25.6, ,   -16.6, ,   -12.5, ,    -3.4, ,     5.7, ,    13.6, ,    17.9, ,    17.1, ,     8.9, ,     4.3, ,    -9.4, ,   -15.3, ,    -1.3, ,   -20.4, ,    -3.4, ,    16.2, ,     1.3, 
1936,   -21.7, ,   -22.4, ,    -7.8, ,    -4.5, ,     4.5, ,    13.0, ,    18.8, ,    15.9, ,    11.2, ,      .1, ,   -12.8, ,   -13.1, ,    -1.6, ,   -19.8, ,    -2.6, ,    15.9, ,     -.5, 
1937,   -20.5, ,   -10.9, ,   -14.4, ,     1.1, ,     9.8, ,    15.0, ,    17.1, ,    18.2, ,     9.9, ,     2.5, ,    -5.5, ,   -16.0, ,      .5, ,   -14.8, ,    -1.2, ,    16.8, ,     2.3, 
1938,   -20.5, ,   -18.0, ,    -7.3, ,    -2.0, ,     9.0, ,    14.7, ,    17.4, ,    17.5, ,    10.6, ,     6.3, ,    -7.8, ,   -11.8, ,      .7, ,   -18.2, ,     -.1, ,    16.5, ,     3.0, 
1939,   -19.6, ,   -21.8, ,   -16.3, ,    -3.7, ,     7.0, ,    14.5, ,    18.4, ,    16.8, ,    10.0, ,     1.2, ,    -3.8, ,   -11.1, ,     -.7, ,   -17.7, ,    -4.3, ,    16.6, ,     2.5, 
1940,   -18.5, ,   -16.5, ,   -12.7, ,    -2.8, ,     6.3, ,    12.6, ,    18.3, ,    17.4, ,    12.5, ,     3.2, ,    -8.0, ,   -14.2, ,     -.2, ,   -15.4, ,    -3.1, ,    16.1, ,     2.6, 
1941,   -21.3, ,   -16.0, ,   -12.9, ,      .9, ,     9.9, ,    14.9, ,    18.6, ,    13.5, ,    11.2, ,     3.1, ,    -5.9, ,   -13.9, ,      .2, ,   -17.2, ,     -.7, ,    15.7, ,     2.8, 
1942,   -20.2, ,   -16.1, ,    -8.1, ,     2.1, ,     7.3, ,    16.9, ,    15.4, ,    15.7, ,     9.1, ,     4.8, ,    -5.1, ,   -19.6, ,      .2, ,   -16.7, ,      .4, ,    16.0, ,     2.9, 
1943,   -21.4, ,   -15.9, ,   -15.5, ,    -3.9, ,     8.1, ,    11.7, ,    18.4, ,    15.6, ,     9.6, ,     5.0, ,    -5.0, ,   -17.0, ,     -.9, ,   -19.0, ,    -3.8, ,    15.2, ,     3.2, 
1944,   -11.1, ,   -18.7, ,   -13.6, ,    -4.4, ,     8.1, ,    13.7, ,    18.8, ,    17.5, ,    11.3, ,     3.3, ,    -4.0, ,   -13.2, ,      .6, ,   -15.6, ,    -3.3, ,    16.7, ,     3.5, 
1945,   -23.5, ,   -14.1, ,    -4.0, ,     -.6, ,     4.9, ,    12.3, ,    16.8, ,    16.3, ,    10.1, ,     3.0, ,    -6.0, ,   -17.8, ,     -.2, ,   -16.9, ,      .1, ,    15.1, ,     2.4, 
1946,   -19.0, ,   -22.2, ,    -3.3, ,    -1.5, ,     4.8, ,    12.9, ,    17.0, ,    15.1, ,    12.8, ,     5.9, ,    -6.1, ,   -14.7, ,      .1, ,   -19.7, ,      .0, ,    15.0, ,     4.2, 
1947,   -18.2, ,   -16.9, ,   -10.5, ,    -6.7, ,     3.5, ,    13.2, ,    17.6, ,    18.5, ,    10.6, ,    10.1, ,    -4.9, ,   -15.9, ,      .0, ,   -16.6, ,    -4.6, ,    16.4, ,     5.3, 
1948,   -22.1, ,   -20.0, ,   -12.7, ,     -.1, ,     6.1, ,    14.6, ,    17.8, ,    16.1, ,    13.7, ,     6.3, ,     -.8, ,   -10.7, ,      .7, ,   -19.3, ,    -2.2, ,    16.2, ,     6.4, 
1949,   -17.2, ,   -19.4, ,   -14.3, ,      .3, ,     6.8, ,    16.3, ,    18.5, ,    15.1, ,     9.6, ,     5.9, ,    -6.8, ,   -13.7, ,      .1, ,   -15.8, ,    -2.4, ,    16.6, ,     2.9, 
1950,   -23.0, ,   -19.6, ,   -13.4, ,    -5.5, ,     6.5, ,    10.8, ,    16.1, ,    13.6, ,     9.8, ,     4.3, ,    -5.1, ,   -17.7, ,    -1.9, ,   -18.8, ,    -4.1, ,    13.5, ,     3.0, 
1951,   -19.6, ,   -15.6, ,    -9.2, ,     2.1, ,    10.5, ,    14.6, ,    16.0, ,    14.7, ,     9.9, , -9999.9,M,    -8.2, ,   -15.2, , -9999.9,M,   -17.6, ,     1.1, ,    15.1, , -9999.9,M
1952,   -18.9, ,   -16.6, ,   -10.0, ,     3.0, ,     8.1, ,    14.1, ,    18.1, ,    16.0, ,    11.1, ,     1.4, , -9999.9,M, -9999.9,M, -9999.9,M,   -16.9, ,      .4, ,    16.1, , -9999.9,M
1953,   -17.3, ,   -15.3, ,    -7.1, ,     -.7, ,     6.1, ,    13.3, ,    18.0, ,    17.6, ,     9.1, ,     6.2, ,     -.6, ,   -13.7, ,     1.3, , -9999.9,M,     -.6, ,    16.3, ,     4.9, 
1954, -9999.9,M,   -10.6, , -9999.9,M,    -2.1, , -9999.9,M, -9999.9,M,    16.2, ,    14.7, ,     9.3, ,     3.8, ,    -2.4, ,   -13.4, , -9999.9,M, -9999.9,M, -9999.9,M, -9999.9,M,     3.6, 
1955,   -19.8, ,   -16.9, ,   -13.6, ,     4.5, ,     9.2, ,    18.8, ,    19.9, ,    17.9, ,     9.7, ,     6.0, ,    -4.5, ,   -16.3, ,     1.2, ,   -16.7, ,      .0, ,    18.9, ,     3.7, 
1956,   -16.3, ,   -16.3, ,   -15.1, ,    -1.2, ,     3.1, ,    14.0, ,    14.9, ,    15.2, ,     7.2, ,     6.8, ,    -4.6, ,   -19.0, ,     -.9, ,   -16.3, ,    -4.4, ,    14.7, ,     3.1, 
1957,   -25.5, ,   -16.0, ,    -9.8, ,     -.4, ,     6.9, ,    13.2, ,    17.3, ,    14.2, ,    10.2, ,     5.4, ,    -5.2, ,   -13.3, ,     -.3, ,   -20.2, ,    -1.1, ,    14.9, ,     3.5, 
1958,   -16.0, ,   -19.9, ,    -6.1, ,     1.5, ,     5.2, ,    11.5, ,    16.8, ,    14.1, ,    11.1, ,     4.2, ,    -3.7, ,   -18.6, ,      .0, ,   -16.4, ,      .2, ,    14.1, ,     3.9, 
1959,   -20.6, ,   -20.7, ,   -11.4, ,    -2.4, ,     8.8, ,    14.2, ,    19.5, ,    16.7, ,    11.5, ,     1.6, ,   -10.4, ,   -12.7, ,     -.5, ,   -20.0, ,    -1.7, ,    16.8, ,      .9, 
1960,   -15.2, ,   -17.6, ,   -16.0, ,    -1.8, ,    10.4, ,    14.2, ,    16.1, ,    17.0, ,     9.8, ,     3.5, ,    -4.0, ,   -18.4, ,     -.2, ,   -15.2, ,    -2.5, ,    15.8, ,     3.1, 
1961,   -22.8, ,   -17.1, ,   -10.5, ,      .7, ,     6.0, ,    11.7, ,    17.5, ,    15.9, ,    11.8, ,     4.6, ,    -2.1, , -9999.9,M, -9999.9,M,   -19.4, ,    -1.3, ,    15.0, ,     4.8, 
1962, -9999.9,M,   -22.0, ,    -8.4, ,    -2.0, ,     8.7, ,    14.3, ,    16.8, ,    15.2, ,     9.2, ,     5.9, , -9999.9,M,   -16.4, , -9999.9,M, -9999.9,M,     -.6, ,    15.4, , -9999.9,M
1963, -9999.9,M, -9999.9,M, -9999.9,M, -9999.9,M, -9999.9,M,    14.5, , -9999.9,M,    13.2, , -9999.9,M, -9999.9,M, -9999.9,M, -9999.9,M, -9999.9,M, -9999.9,M, -9999.9,M, -9999.9,M, -9999.9,M
1964, -9999.9,M,   -16.1, , -9999.9,M,     -.2, ,     9.6, , -9999.9,M,    17.5, ,    13.1, ,    10.8, ,     3.2, ,    -5.6, ,   -18.9, , -9999.9,M, -9999.9,M, -9999.9,M, -9999.9,M,     2.8, 
1965,   -20.7, , -9999.9,M,   -14.3, , -9999.9,M,     8.4, ,    13.5, ,    14.0, , -9999.9,M, -9999.9,M,     3.4, ,    -5.8, , -9999.9,M, -9999.9,M, -9999.9,M, -9999.9,M, -9999.9,M, -9999.9,M
1966, -9999.9,M,   -13.6, , -9999.9,M,     -.7, ,     4.9, ,    14.8, ,    17.4, ,    14.6, ,    10.3, ,     2.9, ,    -8.2, ,   -15.5, , -9999.9,M, -9999.9,M, -9999.9,M,    15.6, ,     1.7, 
1967,   -20.0, ,   -22.1, ,   -12.1, ,    -2.7, ,     4.5, ,    15.6, ,    16.9, ,    14.8, ,    11.7, ,     4.1, ,    -6.0, ,   -12.3, ,     -.6, ,   -19.2, ,    -3.4, ,    15.8, ,     3.3, 
1968,   -19.8, ,   -19.0, ,    -7.5, ,     1.6, ,     9.6, ,    13.3, ,    15.7, ,    15.1, ,    14.8, ,     6.3, ,    -4.9, ,   -13.2, ,     1.0, ,   -17.0, ,     1.2, ,    14.7, ,     5.4, 
1969,   -14.4, ,   -12.9, ,   -11.8, ,     -.4, ,     6.5, ,    11.2, ,    17.6, ,    18.0, ,     9.1, ,     2.2, ,    -3.8, ,   -12.1, ,      .8, ,   -13.5, ,    -1.9, ,    15.6, ,     2.5, 
1970,   -18.5, ,   -19.7, ,    -8.7, ,     -.2, ,     5.7,E,    13.9, ,    18.7, ,    17.5, ,    11.4, ,     8.7, ,    -4.1, ,   -16.8, ,      .7,E,   -16.8, ,    -1.1,E,    16.7, ,     5.3, 
1971,   -19.5, ,   -15.0, ,    -9.8, ,      .8, ,     5.8, ,    15.7, ,    15.8, ,    15.7, ,    12.3, ,     7.2, ,    -4.2, ,   -13.5, ,      .9, ,   -17.1, ,    -1.1, ,    15.7, ,     5.1, 
1972,   -20.0, ,   -19.7, ,   -13.1, ,    -1.7, ,     8.3, ,    13.2, ,    16.7, ,    15.3, ,     9.7, ,     1.5, ,    -5.2, ,   -18.9, ,    -1.2, ,   -17.7, ,    -2.2, ,    15.1, ,     2.0, 
1973,   -15.6, ,   -18.5, ,    -3.7, ,     -.9, ,     6.9, ,    15.1, ,    17.6, ,    19.2, ,    10.5, ,     7.5, ,    -4.4, ,   -15.2, ,     1.5, ,   -17.7, ,      .8, ,    17.3, ,     4.5, 
1974,   -21.6, ,   -19.4, ,   -12.7, ,    -2.9, ,     4.9, ,    15.2, ,    18.6, ,    15.5, ,     8.0, ,     1.3, ,    -1.9, ,   -10.3, ,     -.4, ,   -18.7, ,    -3.6, ,    16.4, ,     2.5, 
1975,   -16.6, ,   -14.7, ,   -11.1, ,    -3.7, ,    11.7, ,    17.1, ,    19.4, ,    17.7, , -9999.9,M, -9999.9,M, -9999.9,M, -9999.9,M, -9999.9,M,   -13.9, ,    -1.0, ,    18.1, , -9999.9,M
1976, -9999.9,M,   -15.9,E,   -11.0, ,      .7, ,     7.4, ,    16.6, ,    18.2, ,    17.3, ,     9.5, ,     2.6, ,    -6.6, ,   -22.6, , -9999.9,M, -9999.9,M,    -1.0, ,    17.4, ,     1.8, 
1977,   -20.3, ,   -16.6, ,    -5.0, ,     -.3, ,    11.1, ,    12.2, ,    17.3, ,    14.8, ,    10.1, ,     4.0, ,    -2.4, ,   -15.4, ,      .8, ,   -19.8, ,     1.9, ,    14.8, ,     3.9, 
1978,   -19.4, ,   -17.3, ,   -12.9, ,    -2.8, ,     8.2, ,    11.2, ,    16.6, ,    15.2, ,     8.7, ,     2.8, ,    -7.8, ,   -17.3, ,    -1.2, ,   -17.4, ,    -2.5, ,    14.3, ,     1.2, 
1979,   -20.2, ,   -22.9, ,    -9.3, ,     -.3, ,     7.8, ,    15.5, ,    17.0, ,    13.5, , -9999.9,M,     1.6, ,    -5.5, ,   -12.3, , -9999.9,M,   -20.1, ,     -.6, ,    15.3, , -9999.9,M
1980,   -17.9, ,   -19.6, ,    -9.2, ,      .4, ,     9.6, ,    12.1, ,    18.3, ,    17.9, ,     8.3, ,     1.0, ,    -5.3, ,   -19.7, ,     -.3, ,   -16.6, ,      .3, ,    16.1, ,     1.3, 
1981,   -17.2, ,   -10.2, ,    -5.1, ,      .0, ,     7.5, ,    14.3, ,    19.8, ,    17.5, ,     9.8,E,     3.6, ,     -.3,E,   -10.5, ,     2.4,E,   -15.7, ,      .8, ,    17.2, ,     4.4,E
1982,   -23.0,E,   -17.0, ,    -8.4, ,    -3.5,E,    11.6, ,    13.1,E,    17.3, ,    13.9, ,    11.2, ,     5.8, ,    -4.7, ,   -12.7, ,      .3,E,   -16.8,E,     -.1,E,    14.8,E,     4.1, 
1983,   -17.5, ,   -15.0, ,    -9.8, ,    -1.4, ,     4.5, ,    16.1, ,    19.2, ,    18.4, ,    12.7, ,     5.2, ,    -2.4, ,   -19.0, ,      .9, ,   -15.1, ,    -2.2, ,    17.9, ,     5.2, 
1984,   -21.2, ,   -10.4, ,   -13.3,E,     4.5, ,     6.8, ,    14.2, ,    17.5, ,    18.2, ,     9.6, ,     6.7, ,    -3.0, ,   -15.4,E,     1.2,E,   -16.9, ,     -.7,E,    16.6, ,     4.4, 
1985,   -18.9, ,   -17.1,E,    -8.4, ,     -.2, ,     7.9, ,    12.9,E,    16.0, ,    16.3, ,    11.9,E,     5.7, ,    -7.2, ,   -18.2, ,      .1,E,   -17.1,E,     -.2, ,    15.1,E,     3.5,E
1986,   -19.3, ,   -16.4, ,    -8.3,E,     2.8,E,    10.8, ,    12.2,E,    17.4,E,    15.5,E,     8.8, ,     2.4, ,    -7.4, ,    -8.7, ,      .8,E,   -18.0, ,     1.8,E,    15.0,E,     1.3, 
1987,   -12.6, ,   -13.8, ,    -6.0, ,     4.0, ,    10.0, ,    16.1, ,    17.7,E,    15.9, ,    12.5,E,     2.5, ,    -3.9,E,    -8.7,E,     2.8,E,   -11.7, ,     2.7, ,    16.6,E,     3.7,E
1988,   -18.9, ,   -18.9, ,   -10.0,E,     1.0, ,     9.2,E,    12.4,E,    19.2,E,    16.2, ,    11.1, ,     2.5,E,    -1.9, ,   -16.6, ,      .4,E,   -15.5,E,      .1,E,    15.9,E,     3.9,E
1989, -9999.9,M, -9999.9,M,   -11.9, ,    -1.4,E,     9.8, ,    13.9, ,    18.6, ,    15.3, ,    12.5, ,     4.8, ,    -8.6, ,   -21.1, , -9999.9,M, -9999.9,M,    -1.2,E,    15.9, ,     2.9, 
1990,   -14.8, ,   -15.3, ,    -5.9, ,     -.5,E,     6.5, ,    13.6,E,    17.7,E,    14.8, ,     8.0,E,     3.2,E,    -2.4,E,   -14.0, ,      .9,E,   -17.1, ,      .0,E,    15.4,E,     2.9,E
1991,   -21.3,E,   -12.3, ,    -8.7, ,     3.1,E,     9.8,E,    16.4,E,    18.0,E,    17.1,E,     9.8, ,     2.9, ,    -4.0, ,   -13.6,E,     1.4,E,   -15.9,E,     1.4,E,    17.2,E,     2.9, 
1992,   -16.7, ,   -17.1,E,   -12.7, ,    -1.7, ,     8.8, ,    12.0,E,    14.4,E,    14.1,E,    10.7, ,     2.0, ,    -4.8,E,   -13.5, ,     -.4,E,   -15.8,E,    -1.9, ,    13.5,E,     2.6,E
1993,   -17.3, ,   -20.3,E,    -9.1, ,    -1.2,E,     7.9,E,    14.1,E,    17.7,E,    17.8, ,     8.3, ,     1.2, ,    -6.8, ,   -13.6, ,     -.1,E,   -17.0,E,     -.8,E,    16.5,E,      .9, 
1994,   -26.2, ,   -18.3,E,    -7.4,E,    -2.3, ,     5.9,E,    15.2,E,    16.6,E,    13.8, ,    11.6,E,     7.1,E,     -.8, ,    -8.0, ,      .6,E,   -19.4,E,    -1.3,E,    15.2,E,     6.0,E
1995,   -15.1, ,   -18.4,E,    -7.3,E,    -2.1, ,     8.6,E,    17.3,E,    18.1,E,    19.0,E,     9.4, ,     4.2, ,    -9.5, ,   -16.0, ,      .7,E,   -13.8,E,     -.3,E,    18.1,E,     1.4, 
1996,   -20.9, ,   -18.0, ,   -12.0,E,    -3.6, ,     5.3, ,    17.3, ,    16.5, ,    18.1,E,    13.2, ,     3.6, ,    -4.6, ,   -12.0, ,      .2,E,   -18.3, ,    -3.4,E,    17.3,E,     4.1, 
1997,   -18.8, ,   -16.7, ,   -12.8,E,     -.5, , -9999.9,M, -9999.9,M, -9999.9,M, -9999.9,M, -9999.9,M, -9999.9,M, -9999.9,M, -9999.9,M, -9999.9,M,   -15.8, , -9999.9,M, -9999.9,M, -9999.9,M
