6014353,LANSDOWNE HOUSE,ON, station joined    , Monthly mean of homogenized daily mean temperature                     , °C,          Updated to December 2012
6014353,LANSDOWNE HOUSE,ON, station jointe    , Moyenne mensuelle des températures homogénéisées moyennes quotidiennes , °C, Mise à jour jusqu à décembre 2012
Year,     Jan, ,     Feb, ,     Mar, ,     Apr, ,     May, ,     Jun, ,     Jul, ,     Aug, ,     Sep, ,     Oct, ,     Nov, ,     Dec, ,  Annual, ,  Winter, ,  Spring, ,  Summer, ,  Autumn
Year,    Janv, ,     Fév, ,    Mars, ,     Avr, ,     Mai, ,    Juin, ,    Juil, ,    Août, ,    Sept, ,     Oct, ,     Nov, ,     Déc, ,  Annuel, ,   Hiver, ,Printemp, ,     Eté, , Automne
1941, -9999.9,M, -9999.9,M, -9999.9,M,      .4, ,     9.1, ,    14.7, ,    18.7, ,    14.3, ,     8.8, ,     1.9, ,    -9.0, ,   -16.5, , -9999.9,M, -9999.9,M, -9999.9,M,    15.9, ,      .6, 
1942,   -21.1, ,   -17.9, ,    -8.2, ,      .3, ,     6.5, ,    16.0, ,    14.6, ,    15.2, ,     8.7, ,     4.0, ,   -11.0, ,   -23.1, ,    -1.3, ,   -18.5, ,     -.5, ,    15.3, ,      .6, 
1943,   -24.2, ,   -17.6, , -9999.9,M,    -3.4, ,     5.9, ,    11.6, ,    19.1, ,    15.0, ,     9.0, ,     4.5, ,    -7.2, ,   -18.9, , -9999.9,M,   -21.6, , -9999.9,M,    15.2, ,     2.1, 
1944,   -13.9, ,   -21.0, ,   -14.5, ,    -2.8, ,     7.5, ,    11.7, ,    17.0, ,    16.7, ,    10.8, ,     2.5, ,    -5.9, ,   -16.5, ,     -.7, ,   -17.9, ,    -3.3, ,    15.1, ,     2.5, 
1945,   -24.5, ,   -16.1, ,    -6.3, ,    -5.1, ,     2.4, ,    10.6, ,    16.8, ,    16.3, , -9999.9,M, -9999.9,M, -9999.9,M, -9999.9,M, -9999.9,M,   -19.0, ,    -3.0, ,    14.6, , -9999.9,M
1946, -9999.9,M, -9999.9,M, -9999.9,M, -9999.9,M, -9999.9,M,    13.3, ,    16.7, ,    14.6, ,    11.1, ,     2.2, ,    -8.9, ,   -17.1, , -9999.9,M, -9999.9,M, -9999.9,M,    14.9, ,     1.5, 
1947,   -22.1, ,   -19.5, ,   -11.7, ,    -7.3, ,     1.3, ,    12.9, ,    18.5, ,    17.4, ,     9.4, ,     8.4, ,    -6.7, ,   -18.1, ,    -1.5, ,   -19.6, ,    -5.9, ,    16.3, ,     3.7, 
1948,   -22.2, ,   -21.0, ,   -12.8, ,    -2.3, ,     5.8, ,    13.6, ,    17.6, ,    17.0, ,    14.3, ,     5.9, ,    -3.5, ,   -14.1, ,     -.1, ,   -20.4, ,    -3.1, ,    16.1, ,     5.6, 
1949,   -20.8, ,   -23.1, ,   -14.8, ,    -1.3, ,     5.8, ,    15.1, ,    16.3, ,    15.2, ,     7.5, ,     2.3, ,    -8.6, ,   -18.0, ,    -2.0, ,   -19.3, ,    -3.4, ,    15.5, ,      .4, 
1950,   -28.3, ,   -21.3, ,   -16.1, ,    -7.8, ,     4.5, ,    10.1, ,    15.8, ,    13.5, ,     9.9, ,     2.6, ,    -7.3, ,   -19.3, ,    -3.6, ,   -22.5, ,    -6.5, ,    13.1, ,     1.7, 
1951,   -23.2, ,   -17.7, ,   -11.8, ,    -2.1, ,     8.8, ,    14.1, ,    16.0, ,    14.7, ,     8.5, ,     1.2, ,   -10.5, ,   -19.3, ,    -1.8, ,   -20.1, ,    -1.7, ,    14.9, ,     -.3, 
1952,   -22.5, ,   -18.7, ,   -12.4, ,     1.4, ,     8.0, ,    13.2, ,    16.9, ,    16.0, ,     9.5, ,      .0, ,    -5.7, ,   -10.3, ,     -.4, ,   -20.2, ,    -1.0, ,    15.4, ,     1.3, 
1953,   -20.7, ,   -17.9, ,    -9.1, ,    -1.4, ,     4.6, ,    13.0, ,    16.7, ,    17.9, ,     8.3, ,     5.3, ,    -3.4, ,   -17.0, ,     -.3, ,   -16.3, ,    -2.0, ,    15.9, ,     3.4, 
1954,   -26.3, ,   -12.6, ,   -13.8, ,    -5.1, ,     2.6, ,    14.5, ,    17.5, ,    15.4, ,     8.8, ,     3.5, ,    -5.7, ,   -14.1, ,    -1.3, ,   -18.6, ,    -5.4, ,    15.8, ,     2.2, 
1955,   -21.5, ,   -19.7, ,   -16.6, ,     2.0, ,     8.1, ,    17.7, ,    19.0, ,    17.6, ,     8.4, ,     3.7, ,    -6.9, ,   -19.2, ,     -.6, ,   -18.4, ,    -2.2, ,    18.1, ,     1.7, 
1956,   -19.3, ,   -18.7, ,   -15.7, ,    -5.1, ,      .8, ,    14.3, ,    15.7, ,    14.6, ,     6.4, ,     4.9, ,    -6.7, ,   -21.8, ,    -2.6, ,   -19.1, ,    -6.7, ,    14.9, ,     1.5, 
1957,   -26.1, ,   -17.7, ,   -11.1, ,    -2.8, ,     5.4, ,    12.1, ,    18.2, ,    14.7, ,    10.3, ,     4.7, ,    -8.9, ,   -16.7, ,    -1.5, ,   -21.9, ,    -2.8, ,    15.0, ,     2.0, 
1958,   -18.0, ,   -21.8, ,    -8.8, ,    -1.2, ,     3.4, ,    10.8, ,    16.2, ,    13.4, ,     9.7, ,     3.2, ,    -5.8, ,   -21.2, ,    -1.7, ,   -18.8, ,    -2.2, ,    13.5, ,     2.4, 
1959,   -24.7, ,   -20.4, ,   -11.2, ,    -4.2, ,     4.6, ,    13.1, ,    18.0, ,    15.6, ,    10.9, ,     -.5, ,   -12.6, ,   -14.7, ,    -2.2, ,   -22.1, ,    -3.6, ,    15.6, ,     -.7, 
1960,   -19.5, ,   -17.6, ,   -15.7, ,    -4.4, ,     7.8, ,    14.4, ,    16.4, ,    16.8, ,     9.9, ,     2.6, ,    -7.5, ,   -19.8, ,    -1.4, ,   -17.3, ,    -4.1, ,    15.9, ,     1.7, 
1961,   -23.2, ,   -17.2, ,   -11.3, ,    -2.7, ,     5.3, ,    13.0, ,    18.6, ,    16.5, ,     9.5, ,     2.5, ,    -5.9, ,   -18.4, ,    -1.1, ,   -20.1, ,    -2.9, ,    16.0, ,     2.0, 
1962,   -25.6, ,   -23.6, ,    -9.8, ,    -4.7, ,     6.3, ,    15.2, ,    16.7, ,    14.7, ,     8.7, ,     4.8, ,    -6.1, ,   -19.5, ,    -1.9, ,   -22.5, ,    -2.7, ,    15.5, ,     2.5, 
1963,   -25.6, ,   -21.9, ,   -14.5, ,    -1.5, ,     4.9, ,    14.1, ,    19.1, ,    15.0, ,     8.8, ,     9.0, ,    -5.8, ,   -19.4, ,    -1.5, ,   -22.3, ,    -3.7, ,    16.1, ,     4.0, 
1964,   -19.0, ,   -16.6, ,   -17.9, ,    -2.1, ,     8.2, ,    12.5, ,    17.7, ,    12.7, ,     8.7, ,     2.8, ,    -7.6, ,   -21.6, ,    -1.9, ,   -18.3, ,    -3.9, ,    14.3, ,     1.3, 
1965,   -23.3, ,   -22.8, ,   -15.8, ,    -1.7, ,     6.2, ,    13.1, ,    13.9, ,    12.4, ,     7.1, ,     2.4, ,    -9.4, ,   -15.0, ,    -2.7, ,   -22.6, ,    -3.8, ,    13.1, ,      .0, 
1966,   -23.8, ,   -18.2, ,   -11.0, ,    -2.9, ,     3.7, ,    14.0, ,    17.8, ,    14.8, ,    10.7, ,     1.1, ,   -13.0, ,   -19.3, ,    -2.2, ,   -19.0, ,    -3.4, ,    15.5, ,     -.4, 
1967,   -23.0, ,   -25.0, ,   -13.1, ,    -5.6, ,     2.1, ,    13.9, ,    16.4, ,    15.5, ,    12.5, ,     1.9, ,    -8.1, ,   -15.7, ,    -2.4, ,   -22.4, ,    -5.5, ,    15.3, ,     2.1, 
1968,   -22.9, ,   -20.5, ,    -8.9, ,     -.7, ,     8.1, ,    12.9, ,    14.6, ,    13.4, ,    13.7, ,     3.4, ,    -7.6, ,   -16.6, ,     -.9, ,   -19.7, ,     -.5, ,    13.6, ,     3.2, 
1969,   -19.9, ,   -16.4, ,   -15.2, ,     -.2, ,     4.2, ,     8.8, ,    17.3, ,    17.8, ,     7.3, ,      .0, ,    -6.9, ,   -13.8, ,    -1.4, ,   -17.6, ,    -3.7, ,    14.6, ,      .1, 
1970,   -23.1, ,   -23.0, ,   -11.3, ,    -3.1, ,     4.0, ,    14.3, ,    18.2, ,    16.2, ,     9.5, ,     5.3, ,    -6.3, ,   -21.4, ,    -1.7, ,   -20.0, ,    -3.5, ,    16.2, ,     2.8, 
1971,   -22.8, ,   -16.5, ,   -12.5, ,    -1.8, ,     5.5, ,    14.6, ,    14.7, ,    14.9, ,    10.7, ,     5.1, ,    -7.4, ,   -17.6, ,    -1.1, ,   -20.2, ,    -2.9, ,    14.7, ,     2.8, 
1972,   -26.5, ,   -24.2, ,   -14.7, ,    -3.3, ,     8.0, ,    14.7, ,    15.3, ,    15.6, ,     7.5, ,     -.3, ,   -10.0, ,   -23.9, ,    -3.5, ,   -22.8, ,    -3.3, ,    15.2, ,     -.9, 
1973,   -18.8, ,   -19.6, ,    -6.5, ,    -3.9, ,     5.3, ,    13.0, ,    17.0, ,    18.3, ,     9.2, ,     5.6, ,    -7.0, ,   -20.7, ,     -.7, ,   -20.8, ,    -1.7, ,    16.1, ,     2.6, 
1974,   -26.5, ,   -21.7, ,   -16.4, ,    -4.1, ,     2.8, ,    12.7, ,    18.2, ,    14.2, ,     6.2, ,      .0, ,    -4.9, ,   -12.8, ,    -2.7, ,   -23.0, ,    -5.9, ,    15.0, ,      .4, 
1975,   -22.0, ,   -17.6, ,   -12.9, ,    -3.3, ,     9.0, ,    15.6, ,    17.4, ,    15.1, ,     8.7, ,     3.5, ,    -4.8, ,   -19.7, ,     -.9, ,   -17.5, ,    -2.4, ,    16.0, ,     2.5, 
1976,   -23.9, ,   -17.1, ,   -15.3, ,     -.1, ,     5.9, ,    15.4, ,    17.6, ,    16.4, ,     9.4, ,     1.4, ,    -8.5, ,   -25.7, ,    -2.0, ,   -20.2, ,    -3.2, ,    16.5, ,      .8, 
1977,   -22.6, ,   -17.8, ,    -7.1, ,      .6, ,    11.0, ,    13.4, ,    16.3, ,    12.6, ,     9.8, ,     5.3, ,    -5.0, ,   -18.9, ,     -.2, ,   -22.0, ,     1.5, ,    14.1, ,     3.4, 
1978,   -22.7, ,   -18.0, ,   -14.0, ,    -3.3, ,     8.1, ,    11.2, ,    16.4, ,    14.1, ,     7.9, ,     2.2, ,    -9.2, ,   -21.3, ,    -2.4, ,   -19.9, ,    -3.1, ,    13.9, ,      .3, 
1979,   -23.4, ,   -24.1, ,   -12.0, ,    -1.6, ,     5.9, ,    13.9, ,    17.6, ,    13.2, ,     7.8, ,      .5, ,    -7.8, ,   -13.6, ,    -2.0, ,   -22.9, ,    -2.6, ,    14.9, ,      .2, 
1980,   -21.9, ,   -20.7, ,   -12.6, ,     -.3, ,     9.4, ,    12.5, ,    17.6, ,    16.5, ,     7.0, ,     -.6, ,    -7.9, ,   -20.3, ,    -1.8, ,   -18.7, ,    -1.2, ,    15.5, ,     -.5, 
1981,   -17.8, ,   -13.8, ,    -7.1, ,    -4.4, ,     5.8, ,    12.6, ,    19.2, ,    17.8, ,     8.8, ,     1.9, ,    -1.7, ,   -16.2, ,      .4, ,   -17.3, ,    -1.9, ,    16.5, ,     3.0, 
1982,   -26.8, ,   -19.8, ,   -12.2, ,    -5.2, ,     9.3, ,    10.6, ,    17.3, ,    13.2, ,     9.7, ,     3.7, ,    -7.7, ,   -16.3, ,    -2.0, ,   -20.9, ,    -2.7, ,    13.7, ,     1.9, 
1983,   -19.3, ,   -17.7, ,   -12.3, ,    -2.6, ,     2.6, ,    14.9, ,    19.3, ,    18.7, ,    11.4, ,     4.3, ,    -4.1, ,   -22.7, ,     -.6, ,   -17.8, ,    -4.1, ,    17.6, ,     3.9, 
1984,   -24.6, ,   -12.4, ,   -14.0, ,     3.4, ,     6.4, ,    14.1, ,    18.0, ,    18.9, ,     7.9, ,     4.5, ,    -6.5, ,   -19.6, ,     -.3, ,   -19.9, ,    -1.4, ,    17.0, ,     2.0, 
1985,   -22.3, ,   -20.4, ,    -9.7, ,    -2.7, ,     6.5, ,    12.0, ,    15.7, ,    15.2, ,     9.4, ,     3.3, ,   -11.7, ,   -20.6, ,    -2.1, ,   -20.8, ,    -2.0, ,    14.3, ,      .3, 
1986,   -21.8, ,   -18.8, ,   -10.6, ,      .6, ,    10.2, ,    12.1, ,    17.1, ,    15.3, ,     7.5, ,     1.6, ,   -13.7, ,   -12.3, ,    -1.1, ,   -20.4, ,      .1, ,    14.8, ,    -1.5, 
1987,   -15.3, ,   -14.1, ,    -7.6, ,     3.5, ,     9.4, ,    14.9, ,    17.0, ,    14.6, ,    11.6, ,      .5, ,    -5.6, ,   -10.8, ,     1.5, ,   -13.9, ,     1.8, ,    15.5, ,     2.2, 
1988,   -23.5, ,   -22.0, ,   -11.6, ,      .5, ,     8.9, ,    15.1, ,    18.4, ,    16.9, ,     9.6, ,     1.3, ,    -5.5, ,   -19.9, ,    -1.0, ,   -18.8, ,     -.7, ,    16.8, ,     1.8, 
1989,   -21.1, ,   -20.6, ,   -15.1, ,    -2.7, ,     9.2, ,    13.5, , -9999.9,M, -9999.9,M, -9999.9,M, -9999.9,M, -9999.9,M, -9999.9,M, -9999.9,M,   -20.5, ,    -2.9, , -9999.9,M, -9999.9,M
1990, -9999.9,M, -9999.9,M, -9999.9,M, -9999.9,M, -9999.9,M, -9999.9,M, -9999.9,M, -9999.9,M, -9999.9,M, -9999.9,M, -9999.9,M, -9999.9,M, -9999.9,M, -9999.9,M, -9999.9,M, -9999.9,M, -9999.9,M
1991, -9999.9,M, -9999.9,M, -9999.9,M, -9999.9,M, -9999.9,M, -9999.9,M, -9999.9,M, -9999.9,M, -9999.9,M, -9999.9,M, -9999.9,M, -9999.9,M, -9999.9,M, -9999.9,M, -9999.9,M, -9999.9,M, -9999.9,M
1992, -9999.9,M, -9999.9,M, -9999.9,M, -9999.9,M, -9999.9,M, -9999.9,M, -9999.9,M, -9999.9,M, -9999.9,M, -9999.9,M, -9999.9,M,   -19.7,E, -9999.9,M, -9999.9,M, -9999.9,M, -9999.9,M, -9999.9,M
1993,   -19.5,E,   -22.1, , -9999.9,M,    -2.7, , -9999.9,M, -9999.9,M,    16.1,E,    15.7,E, -9999.9,M,     -.9,E,   -10.9,E,   -20.1,E, -9999.9,M,   -20.4,E, -9999.9,M, -9999.9,M, -9999.9,M
1994, -9999.9,M,   -24.4,E, -9999.9,M, -9999.9,M, -9999.9,M, -9999.9,M, -9999.9,M,    12.7,E,    11.6,E, -9999.9,M, -9999.9,M, -9999.9,M, -9999.9,M, -9999.9,M, -9999.9,M, -9999.9,M, -9999.9,M
1995,   -19.2,E, -9999.9,M, -9999.9,M,    -3.7,E,     7.8,E,    15.9, ,    15.4,E,    16.7,E,     7.4,E,     1.0, ,   -14.3,E,   -19.7,E, -9999.9,M, -9999.9,M, -9999.9,M,    16.0,E,    -2.0,E
1996,   -25.6, ,   -19.6,E,   -13.4,E,    -5.0, ,     4.4,E,    15.0, ,    15.3,E,    16.2, , -9999.9,M, -9999.9,M, -9999.9,M, -9999.9,M, -9999.9,M,   -21.6,E,    -4.7,E,    15.5,E, -9999.9,M
1997,   -24.2,E,   -20.2,E,   -13.4,E,    -2.2,E,     3.0,E,    14.1,E,    17.3,E,    14.2,E,    10.0,E,     1.5,E,    -9.1,E,   -13.7,E,    -1.9,E, -9999.9,M,    -4.2,E,    15.2,E,      .8,E
1998,   -21.6,E,    -9.9,E,   -10.4,E,     1.7, ,     8.1,E,    14.3,E,    16.1,E, -9999.9,M, -9999.9,M,     5.0,E,    -3.5,E,   -14.5, , -9999.9,M,   -15.1,E,     -.2,E, -9999.9,M, -9999.9,M
1999,   -18.4, ,   -11.1, ,    -6.3,E,     4.5, ,    11.6,E,    15.9, ,    17.7, ,    15.5, ,    10.6, ,     2.8, ,    -4.5,E,   -13.0, ,     2.1,E,   -14.7, ,     3.3,E,    16.4, ,     3.0,E
2000,   -23.1, ,   -20.2, ,   -12.3,E,    -6.0, ,     8.0, ,     8.7, ,    15.8, , -9999.9,M, -9999.9,M,     4.6, ,    -4.9, ,   -22.2,E, -9999.9,M,   -18.8, ,    -3.4,E, -9999.9,M, -9999.9,M
2001,   -17.5,E,   -20.3,E,    -9.6, ,     1.5, ,    11.0, ,    13.0, ,    16.6, ,    17.5, ,    11.0, ,     2.4, ,    -3.3, ,   -10.6, ,     1.0,E,   -20.0,E,     1.0, ,    15.7, ,     3.4, 
2002,   -21.4, ,   -20.3, ,   -16.2, ,    -3.7, ,     3.0, ,    14.1,E,    18.1,E,    15.4,E,    10.9, ,    -1.4, ,   -10.5, ,   -13.7, ,    -2.1,E,   -17.4, ,    -5.6, ,    15.9,E,     -.3, 
2003,   -21.0, ,   -24.5, ,   -14.1, ,    -3.7, ,     9.7, ,    15.1, ,    16.3, ,    16.7,E,    11.0, ,     1.6, ,    -8.4, ,   -13.7, ,    -1.3,E,   -19.7, ,    -2.7, ,    16.0,E,     1.4, 
2004,   -27.4, ,   -15.3, ,   -10.4, ,    -3.7, ,     2.8, ,    10.4, ,    15.9, ,    12.0, ,    11.2, ,     2.7, ,    -5.4, ,   -21.4, ,    -2.4, ,   -18.8, ,    -3.8, ,    12.8, ,     2.8, 
2005,   -22.5, ,   -17.3, ,   -13.5, ,     2.8, ,     8.8, ,    14.9,E,    17.9, ,    16.2, ,    11.0, ,     4.5, ,    -8.4,E,   -15.8, ,     -.1,E,   -20.4, ,     -.6, ,    16.3,E,     2.4,E
2006,   -15.9, ,   -19.3, ,    -7.4, ,     2.9, ,     8.2, ,    15.1, ,    17.5, ,    15.5, ,     9.5, ,     1.8, ,    -7.5, ,   -11.9, ,      .7, ,   -17.0, ,     1.2, ,    16.0, ,     1.3, 
2007,   -18.6, ,   -22.7, ,   -10.6,E,    -2.1, ,     9.3,E,    13.3, ,    17.9, ,    14.6, ,     9.3,E,     4.1,E,    -7.9, ,   -19.2,E,    -1.1,E,   -17.7, ,    -1.1,E,    15.3, ,     1.8,E
2008,   -18.0, ,   -20.4, ,   -13.4,E,    -2.7,E,     4.3, ,    12.5, ,    15.7, ,    16.9, ,     9.2, ,     3.6,E,    -5.2, ,   -23.1, ,    -1.7,E,   -19.2,E,    -3.9,E,    15.0, ,     2.5,E
2009,   -22.7,E,   -19.2,E,   -13.2, ,     -.8, ,     3.9, ,    13.7,E,    13.7, ,    13.6,E,    13.6, ,     1.1, ,     -.3, ,   -18.0,E,    -1.2,E,   -21.7,E,    -3.4, ,    13.7,E,     4.8, 
2010,   -17.1, ,   -15.7, ,    -3.7, ,     4.4,E,    10.4, ,    13.2,E,    18.1, ,    16.5, ,     7.8, ,     4.4, ,    -5.0, ,   -14.3, ,     1.6,E,   -16.9,E,     3.7,E,    15.9,E,     2.4, 
2011,   -22.5, ,   -18.1, ,   -14.3, ,     -.4, ,     8.2, , -9999.9,M,    18.2, ,    16.2, ,    11.3, ,     5.7, ,    -4.0, ,   -15.8, , -9999.9,M,   -18.3, ,    -2.2, , -9999.9,M,     4.3, 
2012,   -18.6, ,   -13.6, ,    -5.1, ,      .7, ,     7.4, ,    15.5, ,    18.1, ,    15.0,E,    10.2,E,     1.8,E,    -7.4,E,   -17.8,E,      .5,E,   -16.0, ,     1.0, ,    16.2,E,     1.5,E
