6105976,OTTAWA         ,ON, station not joined, Monthly mean of homogenized daily mean temperature                     , °C,          Updated to December 2012
6105976,OTTAWA         ,ON, station non-jointe, Moyenne mensuelle des températures homogénéisées moyennes quotidiennes , °C, Mise à jour jusqu à décembre 2012
Year,     Jan, ,     Feb, ,     Mar, ,     Apr, ,     May, ,     Jun, ,     Jul, ,     Aug, ,     Sep, ,     Oct, ,     Nov, ,     Dec, ,  Annual, ,  Winter, ,  Spring, ,  Summer, ,  Autumn
Year,    Janv, ,     Fév, ,    Mars, ,     Avr, ,     Mai, ,    Juin, ,    Juil, ,    Août, ,    Sept, ,     Oct, ,     Nov, ,     Déc, ,  Annuel, ,   Hiver, ,Printemp, ,     Eté, , Automne
1889, -9999.9,M, -9999.9,M, -9999.9,M, -9999.9,M, -9999.9,M, -9999.9,M, -9999.9,M, -9999.9,M, -9999.9,M, -9999.9,M,     1.2, ,    -5.6, , -9999.9,M, -9999.9,M, -9999.9,M, -9999.9,M, -9999.9,M
1890,    -9.9, ,    -8.8, ,    -4.9, ,     4.4, ,    10.6, ,    18.3, ,    20.3, ,    17.9, ,    14.1, ,     7.9, ,     -.2, ,   -13.5, ,     4.7, ,    -8.1, ,     3.4, ,    18.8, ,     7.3, 
1891,   -10.0, ,    -9.8, ,    -4.2, ,     6.2, ,    11.9, ,    19.2, ,    18.1, ,    19.1, ,    16.9, ,     7.1, ,      .9, ,    -2.1, ,     6.1, ,   -11.1, ,     4.6, ,    18.8, ,     8.3, 
1892,   -11.4, ,    -8.9, ,    -5.9, ,     4.8, ,    11.6, ,    18.5, ,    20.7, ,    19.4, ,    14.6, ,     7.5, ,    -1.0, ,    -9.1, ,     5.1, ,    -7.5, ,     3.5, ,    19.5, ,     7.0, 
1893,   -16.1, ,   -12.9, ,    -5.0, ,     2.8, ,    12.4, ,    20.3, ,    19.9, ,    19.5, ,    12.1, ,     9.4, ,      .5, ,   -11.7, ,     4.3, ,   -12.7, ,     3.4, ,    19.9, ,     7.3, 
1894,   -10.6, ,   -11.9, ,     -.5, ,     7.9, ,    13.1, ,    19.0, ,    20.6, ,    17.1, ,    15.9, ,     9.1, ,    -1.4, ,    -6.2, ,     6.0, ,   -11.4, ,     6.8, ,    18.9, ,     7.9, 
1895,   -11.3, ,   -10.8, ,    -6.6, ,     5.4, ,    14.5, ,    20.9, ,    19.0, ,    18.6, ,    15.7, ,     4.8, ,      .6, ,    -6.7, ,     5.3, ,    -9.4, ,     4.4, ,    19.5, ,     7.0, 
1896,   -11.6, ,   -10.6, ,    -7.4, ,     6.6, ,    15.1, ,    17.9, ,    20.6, ,    19.5, ,    13.5, ,     6.2, ,     1.6, ,    -8.3, ,     5.3, ,    -9.6, ,     4.8, ,    19.3, ,     7.1, 
1897,   -10.2, ,    -8.2, ,    -4.0, ,     6.2, ,    12.6, ,    16.7, ,    22.5, ,    17.9, ,    15.3, ,     8.8, ,    -1.1, ,    -8.0, ,     5.7, ,    -8.9, ,     4.9, ,    19.0, ,     7.7, 
1898,   -11.9, ,    -7.3, ,     1.0, ,     6.4, ,    14.2, ,    19.1, ,    21.5, ,    19.8, ,    16.2, ,     8.2, ,      .4, ,    -7.9, ,     6.6, ,    -9.1, ,     7.2, ,    20.1, ,     8.3, 
1899,   -10.3, ,   -10.9, ,    -5.6, ,     5.8, , -9999.9,M,    18.7, ,    20.0, ,    20.9, ,    13.3, ,     8.9, ,     1.2, ,    -5.4, , -9999.9,M,    -9.7, , -9999.9,M,    19.9, ,     7.8, 
1900,    -9.5, ,    -8.8, ,    -8.1, ,     7.1, ,    11.8, ,    19.3, ,    20.3, ,    20.4, ,    16.1, ,    12.1, ,      .6, ,    -8.6, ,     6.1, ,    -7.9, ,     3.6, ,    20.0, ,     9.6, 
1901,   -11.8, ,   -12.1, ,    -4.7, ,     7.9, ,    13.8, ,    19.5, ,    21.8, ,    20.2, ,    15.7, ,     8.6, ,    -2.1, ,    -7.3, ,     5.8, ,   -10.8, ,     5.7, ,    20.5, ,     7.4, 
1902,   -11.7, ,    -9.4, ,      .9, ,     7.5, ,    12.1, ,    16.0, ,    20.4, ,    18.3, ,    15.8, ,     6.2, ,     2.9, ,   -10.1, ,     5.7, ,    -9.5, ,     6.8, ,    18.2, ,     8.3, 
1903,   -11.5, ,    -8.7, ,      .9, ,     6.6, ,    15.0, ,    17.0, ,    19.9, ,    16.5, ,    15.1, ,     9.0, ,    -1.1, ,   -11.9, ,     5.6, ,   -10.1, ,     7.5, ,    17.8, ,     7.7, 
1904,   -15.3, ,   -15.1, ,    -4.7, ,     3.6, ,    15.0, ,    18.3, ,    19.8, ,    17.9, ,    12.9, ,     6.7, ,    -1.6, ,   -13.5, ,     3.7, ,   -14.1, ,     4.6, ,    18.7, ,     6.0, 
1905,   -14.1, ,   -13.3, ,    -5.4, ,     5.1, ,    12.3, ,    18.0, ,    20.6, ,    18.5, ,    14.9, ,     7.5, ,     -.8, ,    -6.6, ,     4.7, ,   -13.6, ,     4.0, ,    19.0, ,     7.2, 
1906,    -7.0, ,    -9.9, ,    -5.6, ,     6.1, ,    11.5, ,    18.9, ,    20.7, ,    21.4, ,    16.6, ,     7.9, ,     -.5, ,   -11.1, ,     5.8, ,    -7.8, ,     4.0, ,    20.3, ,     8.0, 
1907,   -12.7, ,   -13.9, ,    -3.3, ,     2.5, ,     9.0, ,    18.4, ,    19.7, ,    17.3, ,    14.4, ,     5.3, ,     -.1, ,    -5.1, ,     4.3, ,   -12.6, ,     2.7, ,    18.5, ,     6.5, 
1908,   -12.1, ,   -12.5, ,    -5.0, ,     2.6, ,    14.5, ,    19.1, ,    21.9, ,    19.2, ,    17.6, ,     9.6, ,      .7, ,    -9.8, ,     5.5, ,    -9.9, ,     4.0, ,    20.1, ,     9.3, 
1909,   -10.4, ,    -9.1, ,    -4.4, ,     3.0, ,    12.0, ,    18.7, ,    19.6, ,    20.0, ,    14.4, ,     7.4, ,     2.0, ,    -7.3, ,     5.5, ,    -9.8, ,     3.5, ,    19.4, ,     7.9, 
1910,    -7.8, ,   -10.6, ,      .9, ,     8.8, ,    12.3, ,    18.3, ,    21.4, ,    19.3, ,    13.2, ,     8.2, ,      .2, ,   -11.2, ,     6.1, ,    -8.6, ,     7.3, ,    19.7, ,     7.2, 
1911,   -11.5, ,   -10.9, ,    -5.7, ,     4.1, ,    17.2, ,    18.2, ,    22.0, ,    21.3, ,    13.9, ,     8.5, ,     -.9, ,    -3.2, ,     6.1, ,   -11.2, ,     5.2, ,    20.5, ,     7.2, 
1912,   -16.6, ,   -11.1, ,    -7.0, ,     4.0, ,    13.5, ,    16.5, ,    20.6, ,    17.0, ,    14.5, ,     9.4, ,     1.3, ,    -5.2, ,     4.7, ,   -10.3, ,     3.5, ,    18.0, ,     8.4, 
1913,    -6.1, ,   -11.9, ,    -3.2, ,     7.5, ,    12.1, ,    18.0, ,    21.2, ,    19.5, ,    13.9, ,    10.4, ,     3.3, ,    -4.3, ,     6.7, ,    -7.7, ,     5.5, ,    19.6, ,     9.2, 
1914,   -11.4, ,   -14.4, ,    -3.8, ,     3.8, ,    15.4, ,    17.3, ,    20.5, ,    18.7, ,    14.5, ,     9.6, ,     -.9, ,    -8.4, ,     5.1, ,   -10.0, ,     5.1, ,    18.8, ,     7.7, 
1915,    -9.6, ,    -7.1, ,    -3.3, ,     9.9, ,    11.1, ,    18.2, ,    20.5, ,    18.1, ,    16.3, ,     9.6, ,     1.7, ,    -6.3, ,     6.6, ,    -8.4, ,     5.9, ,    18.9, ,     9.2, 
1916,    -8.4, ,   -11.3, ,    -8.1, ,     3.5, ,    12.3, ,    16.9, ,    23.8, ,    21.3, ,    15.0, ,     7.7, ,     -.4, ,    -8.5, ,     5.3, ,    -8.7, ,     2.6, ,    20.7, ,     7.4, 
1917,   -12.6, ,   -14.3, ,    -4.4, ,     4.4, ,     9.5, ,    17.4, ,    21.5, ,    20.0, ,    13.7, ,     5.8, ,    -2.2, ,   -14.1, ,     3.7, ,   -11.8, ,     3.2, ,    19.6, ,     5.8, 
1918,   -15.0, ,   -12.7, ,    -3.7, ,     6.1, ,    14.1, ,    16.6, ,    21.1, ,    19.8, ,    12.3, ,     8.4, ,     1.7, ,    -6.8, ,     5.2, ,   -13.9, ,     5.5, ,    19.2, ,     7.5, 
1919,    -8.4, ,    -8.0, ,    -3.5, ,     3.8, ,    13.0, ,    21.8, ,    22.2, ,    19.3, ,    14.8, ,     7.7, ,     -.4, ,    -9.8, ,     6.0, ,    -7.7, ,     4.4, ,    21.1, ,     7.4, 
1920,   -16.7, ,   -10.8, ,    -2.0, ,     4.6, ,    13.6, ,    19.0, ,    18.8, ,    20.7, ,    16.2, ,    10.8, ,     -.6, ,    -6.0, ,     5.6, ,   -12.4, ,     5.4, ,    19.5, ,     8.8, 
1921,    -8.7, ,    -7.9, ,      .1, ,     8.3, ,    15.6, ,    19.7, ,    24.9, ,    19.3, ,    17.4, ,     7.8, ,    -2.0, ,    -8.0, ,     7.2, ,    -7.5, ,     8.0, ,    21.3, ,     7.7, 
1922,   -11.4, ,    -9.7, ,    -2.4, ,     6.2, ,    15.6, ,    18.4, ,    21.0, ,    19.2, ,    16.6, ,     7.0, ,     1.5, ,    -8.2, ,     6.2, ,    -9.7, ,     6.5, ,    19.5, ,     8.4, 
1923,   -12.9, ,   -13.4, ,    -7.8, ,     3.5, ,    11.6, ,    19.1, ,    19.7, ,    18.2, ,    15.3, ,     8.1, ,     1.7, ,    -1.9, ,     5.1, ,   -11.5, ,     2.4, ,    19.0, ,     8.4, 
1924,   -11.0, ,   -12.8, ,    -1.6, ,     4.9, ,     9.8, ,    17.7, ,    18.9, ,    18.3, ,    13.5, ,     8.9, ,     2.3, ,    -9.4, ,     5.0, ,    -8.6, ,     4.4, ,    18.3, ,     8.2, 
1925,   -14.7, ,    -6.1, ,    -1.2, ,     6.4, ,    10.5, ,    18.6, ,    18.5, ,    19.8, ,    14.6, ,     3.9, ,      .1, ,    -7.6, ,     5.2, ,   -10.1, ,     5.2, ,    19.0, ,     6.2, 
1926,   -10.3, ,   -11.3, ,    -7.3, ,      .7, ,    11.1, ,    15.5, ,    19.3, ,    18.6, ,    13.7, ,     6.9, ,     -.1, ,   -10.1, ,     3.9, ,    -9.7, ,     1.5, ,    17.8, ,     6.8, 
1927,   -11.5, ,    -9.1, ,    -1.3, ,     6.0, ,    11.7, ,    15.7, ,    19.7, ,    17.3, ,    15.1, ,     9.7, ,     1.6, ,    -6.0, ,     5.7, ,   -10.2, ,     5.5, ,    17.6, ,     8.8, 
1928,    -9.9, ,   -10.5, ,    -4.7, ,     2.6, ,    12.0, ,    15.7, ,    20.0, ,    20.2, ,    11.9, ,     8.1, ,      .4, ,    -5.3, ,     5.0, ,    -8.8, ,     3.3, ,    18.6, ,     6.8, 
1929,   -12.8, ,   -11.7, ,    -2.1, ,     4.7, ,    11.4, ,    17.1, ,    19.4, ,    17.1, ,    15.5, ,     6.9, ,      .1, ,   -10.2, ,     4.6, ,    -9.9, ,     4.7, ,    17.9, ,     7.5, 
1930,   -10.9, ,   -10.1, ,    -3.5, ,     4.2, ,    13.3, ,    19.2, ,    18.8, ,    18.3, ,    15.0, ,     8.5, ,     2.5, ,    -6.8, ,     5.7, ,   -10.4, ,     4.7, ,    18.8, ,     8.7, 
1931,   -12.9, ,    -9.7, ,     -.4, ,     6.6, ,    12.8, ,    17.7, ,    22.2, ,    19.6, ,    16.8, ,     9.8, ,     3.5, ,    -5.9, ,     6.7, ,    -9.8, ,     6.3, ,    19.8, ,    10.0, 
1932,    -4.6, ,    -9.9, ,    -6.2, ,     2.6, ,    12.8, ,    17.7, ,    18.7, ,    20.1, ,    15.0, ,     8.3, ,    -2.1, ,    -5.6, ,     5.6, ,    -6.8, ,     3.1, ,    18.8, ,     7.1, 
1933,    -5.0, ,    -7.9, ,    -4.2, ,     5.6, ,    13.1, ,    19.0, ,    20.3, ,    19.0, ,    15.7, ,     6.5, ,    -6.4, ,   -14.7, ,     5.1, ,    -6.2, ,     4.8, ,    19.4, ,     5.3, 
1934,   -12.3, ,   -20.7, ,    -7.4, ,     3.7, ,    13.0, ,    18.5, ,    21.0, ,    17.4, ,    16.5, ,     6.4, ,     2.0, ,   -11.6, ,     3.9, ,   -15.9, ,     3.1, ,    19.0, ,     8.3, 
1935,   -15.1, ,   -11.6, ,    -4.1, ,     5.8, ,    10.2, ,    16.9, ,    21.5, ,    19.2, ,    12.2, ,     7.6, ,     1.5, ,   -11.1, ,     4.4, ,   -12.8, ,     4.0, ,    19.2, ,     7.1, 
1936,   -12.6, ,   -14.0, ,    -1.7, ,     3.8, ,    13.2, ,    17.2, ,    19.6, ,    18.0, ,    14.6, ,     6.4, ,    -2.5, ,    -7.4, ,     4.6, ,   -12.6, ,     5.1, ,    18.3, ,     6.2, 
1937,    -5.5, ,    -6.7, ,    -6.0, ,     5.0, ,    13.6, ,    18.2, ,    20.9, ,    21.5, ,    14.1, ,     6.9, ,     1.2, ,    -9.5, ,     6.1, ,    -6.5, ,     4.2, ,    20.2, ,     7.4, 
1938,   -12.5, ,    -9.8, ,    -4.4, ,     6.4, ,    12.3, ,    18.1, ,    20.7, ,    20.6, ,    12.3, ,     8.6, ,     1.3, ,    -6.5, ,     5.6, ,   -10.6, ,     4.8, ,    19.8, ,     7.4, 
1939,   -11.0, ,   -12.2, ,    -7.1, ,     1.3, ,    12.5, ,    17.5, ,    20.0, ,    20.4, ,    13.5, ,     6.7, ,    -1.2, ,    -6.9, ,     4.5, ,    -9.9, ,     2.2, ,    19.3, ,     6.3, 
1940,   -14.8, ,   -10.6, ,    -6.8, ,     2.5, ,    12.9, ,    16.7, ,    19.7, ,    19.2, ,    14.6, ,     6.2, ,     -.5, ,    -8.3, ,     4.2, ,   -10.8, ,     2.9, ,    18.5, ,     6.8, 
1941,   -13.1, ,   -10.1, ,    -6.9, ,     8.3, ,    13.2, ,    19.5, ,    21.3, ,    17.6, ,    15.0, ,     7.4, ,     1.2, ,    -7.2, ,     5.5, ,   -10.5, ,     4.9, ,    19.5, ,     7.9, 
1942,   -10.7, ,   -10.0, ,     -.2, ,     7.8, ,    14.0, ,    18.2, ,    19.8, ,    18.7, ,    14.2, ,     8.5, ,      .5, ,   -10.8, ,     5.8, ,    -9.3, ,     7.2, ,    18.9, ,     7.7, 
1943,   -15.3, ,    -9.9, ,    -6.2, ,     1.2, ,    12.0, ,    18.7, ,    20.7, ,    18.3, ,    12.8, ,     8.4, ,      .6, ,   -10.2, ,     4.3, ,   -12.0, ,     2.3, ,    19.2, ,     7.3, 
1944,    -8.4, ,   -10.7, ,    -5.8, ,     3.2, ,    15.8, ,    18.3, ,    21.5, ,    21.3, ,    15.2, ,     7.3, ,     1.4, ,   -11.3, ,     5.7, ,    -9.8, ,     4.4, ,    20.4, ,     8.0, 
1945,   -16.2, ,    -9.5, ,     1.6, ,     7.9, ,     9.8, ,    17.0, ,    20.0, ,    19.1, , -9999.9,M,     7.4, ,      .7, ,    -9.9, , -9999.9,M,   -12.3, ,     6.4, ,    18.7, , -9999.9,M
1946,   -11.6, ,   -13.6, ,     2.9, ,     5.0, ,    11.4, ,    17.1, ,    20.1, ,    17.5, ,    15.6, ,     9.4, ,     1.9, ,    -7.4, ,     5.7, ,   -11.7, ,     6.4, ,    18.2, ,     9.0, 
1947,   -10.3, ,   -12.3, ,    -3.8, ,     2.6, ,    10.0, ,    17.3, ,    20.8, ,    21.8, ,    14.9, ,    12.1, ,      .5, ,    -9.7, ,     5.3, ,   -10.0, ,     2.9, ,    20.0, ,     9.2, 
1948,   -13.0, ,   -13.0, ,    -4.0, ,     6.7, ,    12.1, ,    17.2, ,    20.6, ,    20.5, ,    16.3, ,     7.8, ,     5.4, ,    -3.7, ,     6.1, ,   -11.9, ,     4.9, ,    19.4, ,     9.8, 
1949,    -8.0, ,    -7.6, ,    -4.3, ,     6.1, ,    12.8, ,    20.2, ,    22.0, ,    21.1, ,    13.6, ,    10.6, ,    -1.2, ,    -5.5, ,     6.7, ,    -6.4, ,     4.9, ,    21.1, ,     7.7, 
1950,    -6.2, ,   -11.3, ,    -7.2, ,     3.3, ,    12.9, ,    17.9, ,    20.2, ,    17.9, ,    12.7, ,     9.0, ,     2.4, ,    -7.0, ,     5.4, ,    -7.7, ,     3.0, ,    18.7, ,     8.0, 
1951,    -9.8, ,    -8.4, ,    -1.8, ,     6.8, ,    13.8, ,    17.1, ,    20.2, ,    17.8, ,    14.4, ,     9.1, ,    -1.3, ,    -7.3, ,     5.9, ,    -8.4, ,     6.3, ,    18.4, ,     7.4, 
1952,   -10.1, ,    -6.2, ,    -2.8, ,     7.7, ,    11.3, ,    18.4, ,    21.7, ,    19.2, ,    15.5, ,     6.0, ,     2.7, ,    -3.8, ,     6.6, ,    -7.9, ,     5.4, ,    19.8, ,     8.1, 
1953,    -6.8, ,    -5.7, ,     -.2, ,     5.7, ,    13.5, ,    18.2, ,    20.9, ,    19.7, ,    14.7, ,     9.3, ,     4.4, ,    -2.9, ,     7.6, ,    -5.4, ,     6.3, ,    19.6, ,     9.5, 
1954,   -13.8, ,    -5.4, ,    -3.8, ,     5.1, ,    11.7, ,    18.2, ,    19.0, ,    17.8, ,    13.2, ,     9.4, ,     2.2, ,    -7.5, ,     5.5, ,    -7.4, ,     4.3, ,    18.3, ,     8.3, 
1955,   -12.8, ,    -9.1, ,    -4.8, ,     7.1, ,    14.5, ,    19.6, ,    23.2, ,    22.4, ,    14.5, ,     9.6, ,      .6, ,   -10.9, ,     6.2, ,    -9.8, ,     5.6, ,    21.7, ,     8.2, 
1956,    -8.5, ,    -8.5, ,    -5.8, ,     3.9, ,     9.4, ,    17.8, ,    18.5, ,    18.2, ,    12.4, ,     9.3, ,     1.7, ,    -6.8, ,     5.1, ,    -9.3, ,     2.5, ,    18.2, ,     7.8, 
1957,   -13.9, ,    -7.0, ,     -.9, ,     7.0, ,    11.8, ,    19.0, ,    20.0, ,    17.8, ,    15.2, ,     8.6, ,     3.1, ,    -3.7, ,     6.4, ,    -9.2, ,     6.0, ,    18.9, ,     9.0, 
1958,    -8.2, ,   -11.6, ,      .5, ,     7.3, ,    10.6, ,    14.8, ,    19.8, ,    18.7, ,    14.7, ,     7.9, ,     2.2, ,   -13.3, ,     5.3, ,    -7.8, ,     6.1, ,    17.8, ,     8.3, 
1959,   -11.6, ,   -13.0, ,    -5.0, ,     5.7, ,    13.7, ,    18.9, ,    21.5, ,    22.2, ,    16.6, ,     7.3, ,      .1, ,    -6.0, ,     5.9, ,   -12.6, ,     4.8, ,    20.9, ,     8.0, 
1960,   -10.1, ,    -6.8, ,    -6.6, ,     5.3, ,    15.8, ,    17.9, ,    19.4, ,    19.5, ,    15.5, ,     8.2, ,     4.1, ,    -7.9, ,     6.2, ,    -7.6, ,     4.8, ,    18.9, ,     9.3, 
1961,   -14.8, ,    -6.9, ,    -3.0, ,     5.1, ,    11.4, ,    16.6, ,    20.3, ,    19.4, ,    18.0, ,    10.5, ,     2.3, ,    -5.3, ,     6.1, ,    -9.9, ,     4.5, ,    18.8, ,    10.3, 
1962,   -11.6, ,   -12.0, ,    -1.5, ,     5.0, ,    14.5, ,    18.4, ,    18.5, ,    19.2, ,    13.6, ,     7.9, ,      .2, ,    -8.2, ,     5.3, ,    -9.6, ,     6.0, ,    18.7, ,     7.2, 
1963,   -11.1, ,   -13.6, ,    -4.4, ,     6.0, ,    11.6, ,    19.5, ,    21.4, ,    17.3, ,    12.2, ,    11.9, ,     4.5, ,   -12.9, ,     5.2, ,   -11.0, ,     4.4, ,    19.4, ,     9.5, 
1964,    -6.7, ,    -9.0, ,    -1.6, ,     5.9, ,    14.7, ,    17.7, ,    21.5, ,    17.2, ,    13.7, ,     7.1, ,     1.2, ,    -6.3, ,     6.3, ,    -9.5, ,     6.3, ,    18.8, ,     7.3, 
1965,   -11.3, ,   -10.5, ,    -3.2, ,     4.0, ,    14.2, ,    17.7, ,    18.5, ,    18.5, ,    15.1, ,     7.8, ,      .0, ,    -3.9, ,     5.6, ,    -9.4, ,     5.0, ,    18.2, ,     7.6, 
1966,   -10.9, ,    -7.8, ,     -.9, ,     5.6, ,    10.6, ,    18.7, ,    21.3, ,    19.2, ,    13.6, ,     8.2, ,     3.2, ,    -7.0, ,     6.2, ,    -7.5, ,     5.1, ,    19.7, ,     8.3, 
1967,    -7.0, ,   -13.3, ,    -5.4, ,     5.2, ,     9.3, ,    19.7, ,    20.7, ,    19.3, ,    15.2, ,     8.5, ,     -.5, ,    -5.1, ,     5.6, ,    -9.1, ,     3.0, ,    19.9, ,     7.7, 
1968,   -13.9, ,   -11.2, ,     -.8, ,     8.9, ,    12.1, ,    17.2, ,    20.9, ,    18.4, ,    17.2, ,    10.4, ,      .1, ,    -9.0, ,     5.9, ,   -10.1, ,     6.7, ,    18.8, ,     9.2, 
1969,    -9.2, ,    -6.5, ,    -3.6, ,     5.8, ,    11.0, ,    17.4, ,    20.2, ,    21.2, ,    14.5, ,     7.8, ,     2.4, ,    -7.8, ,     6.1, ,    -8.2, ,     4.4, ,    19.6, ,     8.2, 
1970,   -14.5, ,   -11.1, ,    -3.6, ,     5.6, ,    12.5, ,    18.1, ,    21.1, ,    20.4, ,    14.9, ,    10.1, ,     2.9, ,   -10.5, ,     5.5, ,   -11.1, ,     4.8, ,    19.9, ,     9.3, 
1971,   -13.9, ,    -8.7, ,    -5.4, ,     3.0, ,    13.0, ,    18.4, ,    19.4, ,    18.7, ,    17.1, ,    11.7, ,      .1, ,    -7.1, ,     5.5, ,   -11.0, ,     3.5, ,    18.8, ,     9.6, 
1972,    -8.9, ,   -12.0, ,    -5.9, ,     1.9, ,    14.0, ,    17.3, ,    20.4, ,    18.4, ,    15.0, ,     5.9, ,      .2, ,    -8.3, ,     4.8, ,    -9.3, ,     3.3, ,    18.7, ,     7.0, 
1973,    -8.4, ,   -10.8, ,     1.8, ,     6.2, ,    12.0, ,    19.2, ,    21.9, ,    22.1, ,    14.8, ,    10.0, ,      .9, ,    -6.5, ,     6.9, ,    -9.2, ,     6.7, ,    21.1, ,     8.6, 
1974,    -9.6, ,   -11.4, ,    -4.3, ,     6.0, ,    10.4, ,    17.9, ,    20.5, ,    19.7, ,    13.4, ,     6.2, ,     1.4, ,    -3.6, ,     5.6, ,    -9.2, ,     4.0, ,    19.4, ,     7.0, 
1975,    -8.7, ,    -7.6, ,    -4.8, ,     2.9, ,    17.2, ,    19.5, ,    22.4, ,    20.7, ,    14.0, ,     9.2, ,     4.3, ,    -9.3, ,     6.7, ,    -6.6, ,     5.1, ,    20.9, ,     9.2, 
1976,   -14.1, ,    -6.9, ,    -3.4, ,     7.7, ,    11.8, ,    20.2, ,    19.6, ,    19.0, ,    13.8, ,     6.2, ,     -.5, ,   -11.8, ,     5.1, ,   -10.1, ,     5.4, ,    19.6, ,     6.5, 
1977,   -13.5, ,    -7.7, ,     1.3, ,     7.0, ,    15.4, ,    17.4, ,    20.8, ,    18.7, ,    14.2, ,     7.8, ,     2.3, ,    -8.0, ,     6.3, ,   -11.0, ,     7.9, ,    19.0, ,     8.1, 
1978,   -12.2, ,   -11.5, ,    -4.7, ,     3.6, ,    15.2, ,    17.8, ,    21.1, ,    20.3, ,    13.3, ,     7.9, ,     1.1, ,    -7.0, ,     5.4, ,   -10.6, ,     4.7, ,    19.7, ,     7.4, 
1979,    -9.6, ,   -13.9, ,      .6, ,     6.5, ,    13.3, ,    18.0, ,    21.8, ,    18.5, ,    14.4, ,     8.0, ,     3.6, ,    -4.6, ,     6.4, ,   -10.2, ,     6.8, ,    19.4, ,     8.7, 
1980,    -8.5, ,    -9.6, ,    -2.6,E,     6.9, ,    13.7, ,    15.9, ,    20.8, ,    20.8, ,    14.0, ,     6.2, ,     -.6, ,   -12.4, ,     5.4,E,    -7.6, ,     6.0,E,    19.2, ,     6.5, 
1981,   -14.6, ,    -2.6,E,      .1, ,     7.4, ,    12.9, ,    18.3, ,    20.8, ,    19.1, ,    13.9, ,     5.9, ,     1.9, ,    -3.8, ,     6.6,E,    -9.9,E,     6.8, ,    19.4, ,     7.2, 
1982,   -15.4, ,    -9.8, ,    -3.6, ,     4.5,E,    15.2, ,    16.8,E,    20.7,E,    17.4, ,    14.9, ,     9.2, ,     2.8, ,    -3.3, ,     5.8,E,    -9.7, ,     5.4,E,    18.3,E,     9.0, 
1983,    -8.6, ,    -6.7, ,    -1.1, ,     4.4,E,    11.0, ,    19.1, ,    21.8, ,    21.0, ,    17.2, ,     8.2, ,     1.6, ,    -8.8, ,     6.6,E,    -6.2, ,     4.8,E,    20.6, ,     9.0, 
1984,   -13.0, ,    -4.4, ,    -7.1,E,     7.4, ,    11.1,E,    18.9, ,    20.8, ,    21.1, ,    13.6,E,     9.6, ,     1.9, ,    -4.2, ,     6.3,E,    -8.7, ,     3.8,E,    20.3, ,     8.4,E
1985,   -13.7,E,    -8.2, ,    -2.0, ,     6.2, ,    13.6, ,    16.4, ,    20.1, ,    19.6, ,    16.3, ,     9.4, ,     1.2, ,    -8.3, ,     5.9,E,    -8.7,E,     5.9, ,    18.7, ,     9.0, 
1986,    -9.7, ,    -9.1, ,    -1.0, ,     9.3, ,    14.5, ,    16.6, ,    19.7, ,    17.9, ,    13.6, ,     7.9, ,     -.1, ,    -4.4, ,     6.3, ,    -9.0, ,     7.6, ,    18.1, ,     7.1, 
1987,    -8.6, ,    -9.6, ,      .5, ,     9.5, ,    13.1, ,    18.6, ,    21.8, ,    18.9, ,    15.0, ,     6.7, ,      .9, ,    -3.4, ,     7.0, ,    -7.5, ,     7.7, ,    19.8, ,     7.5, 
1988,    -8.5, ,    -8.4, ,    -3.4,E,     6.2, ,    14.8, ,    18.0, ,    22.7, ,    20.5, ,    14.3, ,     6.1, ,     3.2, ,    -7.0, ,     6.5,E,    -6.8, ,     5.9,E,    20.4, ,     7.9, 
1989,    -8.0, ,    -9.4, ,    -4.8, ,     4.9, ,    14.2, ,    18.9, ,    21.9, ,    19.6, ,    15.3, ,     9.3, ,     -.5, ,   -16.4, ,     5.4, ,    -8.1, ,     4.8, ,    20.1, ,     8.0, 
1990,    -4.2, ,    -7.0, ,    -1.7, ,     7.7, ,    12.0, ,    18.8, ,    21.5, ,    20.3, ,    13.8, ,     8.2, ,     2.5, ,    -4.8, ,     7.3, ,    -9.2, ,     6.0, ,    20.2, ,     8.2, 
1991,   -10.0, ,    -5.7, ,    -1.0, ,     8.5, ,    15.6, ,    19.7, ,    21.7, ,    21.2, ,    13.7, ,     9.6, ,     2.3, ,    -7.4, ,     7.4, ,    -6.8, ,     7.7, ,    20.9, ,     8.5, 
1992,   -10.7, ,    -9.2, ,    -5.9, ,     5.2, ,    13.3, ,    17.2, ,    18.1, ,    18.2, ,    14.5, ,     6.4, ,     1.7, ,    -4.7, ,     5.3, ,    -9.1, ,     4.2, ,    17.8, ,     7.5, 
1993,    -8.8, ,   -13.3, ,    -3.7,E,     5.6, ,    13.6, ,    17.5, ,    21.5, ,    20.8, ,    13.6, ,     6.9, ,     1.1, ,    -6.3, ,     5.7,E,    -8.9, ,     5.2,E,    19.9, ,     7.2, 
1994,   -17.5, ,   -11.8, ,    -2.8, ,     5.8, ,    12.4, ,    19.2, ,    21.5, ,    18.4, ,    15.4, ,     9.3, ,     4.1, ,    -3.9, ,     5.8, ,   -11.9, ,     5.1, ,    19.7, ,     9.6, 
1995,    -6.4, ,    -9.7, ,      .7, ,     4.1, ,    13.5, ,    20.4, ,    22.0, ,    20.4, ,    13.0, ,    10.8, ,    -1.8, ,    -9.2, ,     6.5, ,    -6.7, ,     6.1, ,    20.9, ,     7.3, 
1996,   -11.3, ,    -8.9, ,    -3.3, ,     4.7, ,    12.3, ,    19.1, ,    20.1, ,    20.2, ,    16.6, ,     8.2, ,     -.6, ,    -2.1, ,     6.3, ,    -9.8, ,     4.6, ,    19.8, ,     8.1, 
1997,   -10.9, ,    -7.6, ,    -4.6, ,     5.5, ,    10.6, ,    20.2, ,    21.0, ,    18.8, ,    14.6, ,     7.5, ,      .2, ,    -5.8, ,     5.8, ,    -6.9, ,     3.8, ,    20.0, ,     7.4, 
1998,    -7.4, ,    -3.3, ,     -.5, ,     8.9, ,    17.5, ,    19.3, ,    20.9, ,    20.6, ,    16.0, ,    10.0, ,     3.6, ,    -2.5, ,     8.6, ,    -5.5, ,     8.6, ,    20.3, ,     9.9, 
1999,   -10.0, ,    -5.7, ,    -2.4, ,     7.1, ,    16.4, ,    21.0, ,    22.8, ,    19.5,E,    17.6, ,     8.1, ,     5.1, ,    -3.6, ,     8.0,E,    -6.1, ,     7.0, ,    21.1,E,    10.3, 
2000,    -9.6, ,    -6.6, ,     2.4, ,     5.6, ,    13.6, ,    17.5, ,    19.6, ,    19.6, ,    14.2, ,     9.4, ,     2.3, ,   -10.1, ,     6.5, ,    -6.6, ,     7.2, ,    18.9, ,     8.6, 
2001,    -9.2, ,    -8.7,E,    -2.8, ,     7.0, ,    14.8, ,    19.9, ,    20.3, ,    22.6, ,    16.6, ,    10.0,E,     5.2,E,     -.7, ,     7.9,E,    -9.3,E,     6.3, ,    20.9, ,    10.6,E
2002,    -4.3, ,    -5.9, ,    -2.6, ,     7.1, ,    11.5, ,    17.5,E,    22.1,E,    21.2, ,    18.1, ,     7.9,E,      .8, ,    -5.4,E,     7.3,E,    -3.6, ,     5.3, ,    20.3,E,     8.9,E
2003,   -12.6,E,   -11.2, ,    -3.4, ,     4.3, ,    13.5,E,    19.0, ,    21.0, ,    21.5,E,    17.2, ,     7.6,E,     2.8, ,    -4.4, ,     6.3,E,    -9.7,E,     4.8,E,    20.5,E,     9.2,E
2004,   -14.7, ,    -7.3, ,      .5, ,     6.3, ,    13.5, ,    17.6, ,    20.8, ,    18.9, ,    16.7,E,     9.2, ,     2.4, ,    -8.1, ,     6.3,E,    -8.8, ,     6.8, ,    19.1, ,     9.4,E
2005,   -11.5, ,    -6.7, ,    -3.3, ,     7.3,E,    11.7, ,    21.4, ,    22.6, ,    21.7, ,    17.7, ,    10.1, ,     2.8, ,    -5.7,E,     7.3,E,    -8.8, ,     5.2,E,    21.9, ,    10.2, 
2006,    -4.6, ,    -7.3, ,     -.9, ,     7.7, ,    14.7, ,    19.4, ,    22.4, ,    19.6, ,    14.5, ,     7.6, ,     4.5, ,    -1.1, ,     8.0, ,    -5.9,E,     7.2, ,    20.5, ,     8.9, 
2007,    -7.5, ,   -10.9, ,    -2.7, ,     6.1, ,    13.9, ,    19.5, ,    19.9, ,    20.2, ,    16.9, ,    11.3, ,     1.2, ,    -6.8, ,     6.8, ,    -6.5, ,     5.8, ,    19.9, ,     9.8, 
2008,    -5.8, ,    -8.0, ,    -5.0, ,     8.3, ,    12.1, ,    19.4, ,    20.4, ,    19.0, ,    15.4, ,     7.9, ,     1.5, ,    -7.4, ,     6.5, ,    -6.9, ,     5.1, ,    19.6, ,     8.3, 
2009,   -13.8, ,    -6.8, ,     -.9, ,     7.4, ,    12.7, ,    18.0, ,    19.3, ,    20.1, ,    15.1, ,     6.9, ,     4.6, ,    -6.1, ,     6.4, ,    -9.3, ,     6.4, ,    19.1, ,     8.9, 
2010,    -6.9, ,    -4.5, ,     3.7, ,     9.7, ,    15.8, ,    18.5, ,    22.9, ,    20.3, ,    15.6, ,     8.4, ,     2.4, ,    -5.3, ,     8.4, ,    -5.8, ,     9.7, ,    20.6, ,     8.8, 
2011,   -10.4, ,    -7.6, ,    -2.4, ,     6.8, ,    14.2, ,    19.8, ,    22.8, ,    20.7, ,    17.9, ,    10.3, ,     5.5, ,    -3.0, ,     7.9, ,    -7.8, ,     6.2, ,    21.1, ,    11.2, 
2012,    -8.4, ,    -4.6, ,     3.8, ,     6.8, ,    16.3, ,    19.8, ,    23.1, ,    21.6, ,    15.7, ,    10.5, ,      .9, ,    -4.4, ,     8.4, ,    -5.3, ,     9.0, ,    21.5, ,     9.0, 
