6139148,VINELAND       ,ON, station joined    , Monthly mean of homogenized daily mean temperature                     , °C,          Updated to December 2012
6139148,VINELAND       ,ON, station jointe    , Moyenne mensuelle des températures homogénéisées moyennes quotidiennes , °C, Mise à jour jusqu à décembre 2012
Year,     Jan, ,     Feb, ,     Mar, ,     Apr, ,     May, ,     Jun, ,     Jul, ,     Aug, ,     Sep, ,     Oct, ,     Nov, ,     Dec, ,  Annual, ,  Winter, ,  Spring, ,  Summer, ,  Autumn
Year,    Janv, ,     Fév, ,    Mars, ,     Avr, ,     Mai, ,    Juin, ,    Juil, ,    Août, ,    Sept, ,     Oct, ,     Nov, ,     Déc, ,  Annuel, ,   Hiver, ,Printemp, ,     Eté, , Automne
1924, -9999.9,M, -9999.9,M, -9999.9,M, -9999.9,M, -9999.9,M, -9999.9,M, -9999.9,M, -9999.9,M, -9999.9,M,    11.5, ,     4.9, ,    -4.0, , -9999.9,M, -9999.9,M, -9999.9,M, -9999.9,M, -9999.9,M
1925, -9999.9,M, -9999.9,M, -9999.9,M, -9999.9,M, -9999.9,M, -9999.9,M, -9999.9,M, -9999.9,M, -9999.9,M, -9999.9,M, -9999.9,M, -9999.9,M, -9999.9,M, -9999.9,M, -9999.9,M, -9999.9,M, -9999.9,M
1926,    -3.5, ,    -5.1, ,    -2.9, ,     3.5, ,    11.3, ,    16.4, ,    20.3, ,    21.2, ,    16.4, ,    10.2, ,     4.3, ,    -3.7, ,     7.4, , -9999.9,M,     4.0, ,    19.3, ,    10.3, 
1927,    -4.3, ,    -1.3, ,     2.8, ,     7.0, ,    11.4, ,    16.7, ,    20.9, ,    18.7, ,    18.4, ,    12.9, ,     6.9, ,     -.5, ,     9.1, ,    -3.1, ,     7.1, ,    18.8, ,    12.7, 
1928, -9999.9,M, -9999.9,M, -9999.9,M, -9999.9,M, -9999.9,M, -9999.9,M, -9999.9,M, -9999.9,M, -9999.9,M, -9999.9,M, -9999.9,M, -9999.9,M, -9999.9,M, -9999.9,M, -9999.9,M, -9999.9,M, -9999.9,M
1929,    -4.2, ,    -4.8, ,     4.4, ,     8.3, ,    12.4, ,    17.7, ,    20.8, ,    19.5, ,    17.5, ,    10.3, ,     3.8, ,    -2.7, ,     8.6, , -9999.9,M,     8.4, ,    19.3, ,    10.5, 
1930,    -4.1, ,    -1.4, ,      .6, ,     6.8, ,    14.9, ,    20.6, ,    22.1, ,    21.5, ,    18.7, ,     9.5, ,     5.4, ,    -1.1, ,     9.5, ,    -2.7, ,     7.4, ,    21.4, ,    11.2, 
1931,    -2.6, ,    -1.4, ,      .9, ,     7.2, ,    13.2, ,    19.0, ,    24.0, ,    21.4, ,    20.2, ,    13.2, ,     8.9, ,     2.1, ,    10.5, ,    -1.7, ,     7.1, ,    21.5, ,    14.1, 
1932,     3.1, ,      .2, ,     -.8, ,     4.4, ,    12.8, ,    18.6, ,    20.1, ,    21.0, ,    17.2, ,    11.7, ,     3.1, ,      .2, ,     9.3, ,     1.8, ,     5.5, ,    19.9, ,    10.7, 
1933,     1.6, ,    -2.2, ,      .2, ,     6.7, ,    13.5, ,    20.1, ,    23.1, ,    20.7, ,    18.7, ,     9.9, ,     1.7, ,    -2.6, ,     9.3, ,     -.1, ,     6.8, ,    21.3, ,    10.1, 
1934,    -2.0, ,   -10.9, ,    -1.5, ,     5.5, ,    13.6, ,    19.7, ,    22.1, ,    19.3, ,    18.5, ,    10.2, ,     6.9, ,    -2.7, ,     8.2, ,    -5.2, ,     5.9, ,    20.4, ,    11.9, 
1935,    -4.5, ,    -4.4, ,     2.6, ,     6.3, ,    10.6, ,    17.7, ,    23.7, ,    21.1, ,    15.9, ,    10.2, ,     5.3, ,    -3.7, ,     8.4, ,    -3.9, ,     6.5, ,    20.8, ,    10.5, 
1936,    -5.0, ,    -7.9, ,     1.5, ,     4.6, ,    14.8, ,    17.5, ,    22.6, ,    20.9, ,    17.8, ,    10.8, ,     2.2, ,      .6, ,     8.4, ,    -5.5, ,     7.0, ,    20.3, ,    10.3, 
1937,      .2, ,    -1.6, ,    -1.2, ,     6.4, ,    13.0, ,    18.4, ,    22.2, ,    22.4, ,    16.2, ,     9.1, ,     4.7, ,    -2.2, ,     9.0, ,     -.3, ,     6.1, ,    21.0, ,    10.0, 
1938,    -4.5, ,    -1.8, ,     3.3, ,     8.1, , -9999.9,M,    19.2, ,    22.1, ,    23.1, ,    15.2, ,    11.3, ,     5.5, ,     -.6, , -9999.9,M,    -2.8, , -9999.9,M,    21.5, ,    10.7, 
1939,    -3.2, ,    -2.8, ,     -.9, ,     5.0, ,    13.8, ,    17.9, ,    21.4, ,    22.2, ,    18.1, ,    10.7, ,     3.3, ,      .6, ,     8.8, ,    -2.2, ,     6.0, ,    20.5, ,    10.7, 
1940,    -6.6, ,    -3.6, ,    -2.9, ,     5.2, ,    11.0, ,    17.4, ,    21.4, ,    20.4, ,    16.3, ,     9.7, ,     4.1, ,     -.2, ,     7.7, ,    -3.2, ,     4.4, ,    19.7, ,    10.0, 
1941,    -3.3, ,    -3.9, ,    -1.8, ,     9.2, ,    14.3, ,    20.0, ,    22.7, ,    20.7, ,    18.5, ,    11.8, ,     6.2, ,      .8, ,     9.6, ,    -2.5, ,     7.2, ,    21.1, ,    12.2, 
1942,    -3.6, ,    -5.6, ,     2.3, ,     9.5, ,    13.6, ,    18.1, ,    21.2, ,    21.0, ,    17.6, ,    11.3, ,     5.7, ,    -2.6, ,     9.0, ,    -2.8, ,     8.5, ,    20.1, ,    11.5, 
1943,    -5.0, ,    -2.3, ,     -.1, ,     4.2, ,    12.1, ,    20.0, ,    21.2, ,    20.9, ,    16.0, ,     9.8, ,     3.7, ,    -2.1, ,     8.2, ,    -3.3, ,     5.4, ,    20.7, ,     9.8, 
1944,     -.8, ,    -2.9, ,     -.7, ,     4.3, ,    14.2, ,    18.8, ,    21.9, ,    22.2, ,    16.6, ,    10.8, ,     5.4, ,    -3.1, ,     8.9, ,    -1.9, ,     5.9, ,    21.0, ,    10.9, 
1945,    -8.1, ,    -2.8, ,     6.1, ,     9.0, ,     9.7, ,    17.1, ,    20.0, ,    20.9, ,    17.7, ,    10.3, ,     5.4, ,    -3.3, ,     8.5, ,    -4.7, ,     8.3, ,    19.3, ,    11.1, 
1946,    -2.3, ,    -3.9, ,     5.9, ,     7.4, ,    11.7, ,    18.1, ,    21.3, ,    19.2, ,    16.8, ,    13.1, ,     6.6, ,     -.2, ,     9.5, ,    -3.2, ,     8.3, ,    19.5, ,    12.2, 
1947,    -1.3, ,    -4.9, ,     -.4, ,     6.0, ,    11.3, ,    17.1, ,    20.9, ,    22.7, ,    18.2, ,    14.9, ,     3.5, ,    -1.6, ,     8.9, ,    -2.1, ,     5.6, ,    20.2, ,    12.2, 
1948,    -6.5, ,    -4.2, ,      .9, ,     7.9, ,    10.4, ,    18.3, ,    22.0, ,    21.3, ,    19.0, ,     9.4, ,     7.6, ,      .4, ,     8.9, ,    -4.1, ,     6.4, ,    20.5, ,    12.0, 
1949,     -.3, ,     -.7, ,     1.3, ,     7.6, ,    14.2, ,    21.6, ,    23.3, ,    22.6, ,    15.7, ,    13.2, ,     3.8, ,      .9, ,    10.3, ,     -.2, ,     7.7, ,    22.5, ,    10.9, 
1950,     1.4, ,    -3.7, ,    -1.6, ,     4.8, ,    11.3, ,    18.7, ,    20.6, ,    20.4, ,    15.6, ,    12.6, ,     3.9, ,    -1.9, ,     8.5, ,     -.5, ,     4.8, ,    19.9, ,    10.7, 
1951,    -1.6, ,    -2.4, ,     1.6, ,     6.6, ,    13.5, ,    18.5, ,    21.5, ,    20.2, ,    17.0, ,    11.5, ,     2.0, ,    -1.2, ,     8.9, ,    -2.0, ,     7.2, ,    20.1, ,    10.2, 
1952,    -1.4, ,    -1.6, ,      .8, ,     8.4, ,    11.7, ,    19.6, ,    23.9, ,    20.6, ,    18.2, ,     8.9, ,     6.1, ,     1.6, ,     9.7, ,    -1.4, ,     7.0, ,    21.4, ,    11.1, 
1953,     -.2, ,     -.5, ,     2.6, ,     6.2, ,    13.1, ,    19.7, ,    21.6, ,    21.7, ,    17.8, ,    11.9, ,     7.5, ,     1.9, ,    10.3, ,      .3, ,     7.3, ,    21.0, ,    12.4, 
1954,    -4.4, ,      .7, ,      .3, ,     7.8, ,    12.1, ,    19.3, ,    21.1, ,    19.8, ,    17.2, ,    12.6, ,     5.5, ,    -1.0, ,     9.3, ,     -.6, ,     6.7, ,    20.1, ,    11.8, 
1955,    -3.5, ,    -2.3, ,     1.4, ,    10.1, ,    15.5, ,    19.1, ,    24.5, ,    23.4, ,    17.1, ,    12.9, ,     3.8, ,    -3.0, ,     9.9, ,    -2.3, ,     9.0, ,    22.3, ,    11.3, 
1956,    -3.5, ,    -2.0, ,     -.2, ,     5.7, ,    11.0, ,    18.6, ,    20.2, ,    20.6, ,    14.6, ,    11.5, ,     5.0, ,     1.3, ,     8.6, ,    -2.8, ,     5.5, ,    19.8, ,    10.4, 
1957,    -6.1, ,    -1.6, ,     1.9, ,     7.7, ,    12.2, ,    19.9, ,    21.4, ,    20.2, ,    17.0, ,    10.4, ,     5.9, ,     2.0, ,     9.2, ,    -2.1, ,     7.3, ,    20.5, ,    11.1, 
1958,    -3.2, ,    -5.7, ,     1.7, ,     8.4, ,    12.6, ,    16.3, ,    21.3, ,    20.9, ,    17.1, ,    10.8, ,     5.8, ,    -5.0, ,     8.4, ,    -2.3, ,     7.6, ,    19.5, ,    11.2, 
1959,    -5.1, ,    -4.8, ,     -.4, ,     7.6, ,    13.6, ,    19.4, ,    22.2, ,    23.4, ,    19.4, ,    11.3, ,     3.7, ,      .2, ,     9.2, ,    -5.0, ,     6.9, ,    21.7, ,    11.5, 
1960,    -2.9, ,    -2.7, ,    -4.4, ,     7.7, ,    12.4, ,    18.3, ,    20.7, ,    20.5, ,    18.4, ,    10.9, ,     6.7, ,    -3.2, ,     8.5, ,    -1.8, ,     5.2, ,    19.8, ,    12.0, 
1961,    -5.9, ,    -1.6, ,     1.6, ,     4.9, ,    11.3, ,    17.3, ,    21.6, ,    20.9, ,    20.3, ,    13.1, ,     5.2, ,     -.9, ,     9.0, ,    -3.6, ,     5.9, ,    19.9, ,    12.9, 
1962,    -4.8, ,    -5.3, ,      .9, ,     7.4, ,    15.5, ,    18.5, ,    19.9, ,    20.6, ,    15.4, ,    11.5, ,     3.8, ,    -3.1, ,     8.4, ,    -3.7, ,     7.9, ,    19.7, ,    10.2, 
1963,    -6.7, ,    -7.1, ,     2.0, ,     7.3, ,    11.5, ,    18.3, ,    21.8, ,    19.2, ,    14.7, ,    14.5, ,     7.5, ,    -4.7, ,     8.2, ,    -5.6, ,     6.9, ,    19.8, ,    12.2, 
1964,    -2.0, ,    -3.6, ,     1.1, ,     6.8, ,    14.3, ,    17.7, ,    22.5, ,    18.4, ,    16.5, ,     9.9, ,     6.5, ,      .1, ,     9.0, ,    -3.4, ,     7.4, ,    19.5, ,    11.0, 
1965,    -3.8, ,    -2.9, ,     -.9, ,     4.7, ,    13.4, ,    17.6, ,    19.1, ,    19.7, ,    17.2, ,     9.5, ,     4.6, ,     1.4, ,     8.3, ,    -2.2, ,     5.7, ,    18.8, ,    10.4, 
1966,    -5.3, ,    -3.3, ,     1.7, ,     5.7, ,    10.4, , -9999.9,M,    22.9, ,    20.8, ,    15.8, ,    10.3, ,     5.6, ,    -1.0, , -9999.9,M,    -2.4, ,     5.9, , -9999.9,M,    10.6, 
1967,     -.4, ,    -5.2, ,     -.1, ,     7.1, ,     9.1, ,    20.3, ,    20.8, ,    19.8, ,    15.7, ,    10.7, ,     3.1, ,      .5, ,     8.5, ,    -2.2, ,     5.4, ,    20.3, ,     9.8, 
1968,    -5.5, ,    -5.5, ,     2.2, ,     8.4, ,    10.3, ,    17.4, ,    21.1, ,    20.6, ,    18.4, ,    12.1, ,     5.1, ,    -1.9, ,     8.6, ,    -3.5, ,     7.0, ,    19.7, ,    11.9, 
1969,    -3.6, ,    -2.4, ,      .0, ,     7.2, ,    11.9, ,    17.0, ,    20.9, ,    22.6, ,    17.2, ,    10.6, ,     5.0, ,    -2.9, ,     8.6, ,    -2.6, ,     6.4, ,    20.2, ,    10.9, 
1970,    -7.6, ,    -4.5, ,     -.6, ,     7.5, ,    13.0, ,    18.6, ,    21.6, ,    21.3, ,    17.6, ,    12.4, ,     6.1, ,    -1.7, ,     8.6, ,    -5.0, ,     6.6, ,    20.5, ,    12.0, 
1971,    -6.0, ,    -2.9, ,     -.9, ,     5.6, ,    12.3, ,    18.5, ,    20.9, ,    20.4, ,    18.7, ,    14.0, ,     4.6, ,     1.3, ,     8.9, ,    -3.5, ,     5.7, ,    19.9, ,    12.4, 
1972,    -3.8, ,    -4.7, ,    -1.7, ,     4.4, ,    12.3, ,    16.0, ,    21.4, ,    20.1, ,    17.7, ,     8.3, ,     3.0, ,      .1, ,     7.8, ,    -2.4, ,     5.0, ,    19.2, ,     9.7, 
1973,    -1.8, ,    -4.7, ,     3.8, ,     6.9, ,    11.0, ,    19.6, ,    21.8, ,    22.9, ,    17.4, ,    12.3, ,     5.3, ,    -1.4, ,     9.4, ,    -2.1, ,     7.2, ,    21.4, ,    11.7, 
1974,    -2.8, ,    -4.6, ,     1.0, ,     8.5, ,    11.1, ,    17.8, ,    21.7, ,    21.4, ,    15.9, ,     9.0, ,     5.2, ,      .7, ,     8.7, ,    -2.9, ,     6.9, ,    20.3, ,    10.0, 
1975,     -.7, ,    -1.6, ,     -.5, ,     3.9, ,    15.4, ,    19.2, ,    22.4, ,    20.9, ,    14.9, ,    11.9, ,     8.6, ,    -1.8, ,     9.4, ,     -.5, ,     6.3, ,    20.8, ,    11.8, 
1976,    -5.8, ,      .4, ,     2.9, ,     9.0, ,    10.9, ,    19.7, ,    19.7, ,    19.6, ,    15.8, ,     8.1, ,     2.1, ,    -4.8, ,     8.1, ,    -2.4, ,     7.6, ,    19.7, ,     8.7, 
1977,    -9.4, ,    -3.7, ,     3.5, ,     7.5, ,    14.7, ,    17.2, ,    21.8, ,    20.0, ,    17.2, ,     9.9, ,     5.9, ,    -1.7, ,     8.6, ,    -6.0, ,     8.6, ,    19.7, ,    11.0, 
1978,    -6.2,E,    -7.7, ,    -1.8, ,     5.0, ,    12.5, ,    18.4, ,    21.5, ,    20.9,E,    16.8, ,    10.4, ,     5.1, ,     -.5, ,     7.9,E,    -5.2,E,     5.2, ,    20.3,E,    10.8, 
1979,    -5.8, ,    -8.3, ,     2.2, ,     5.6, ,    11.4, ,    17.9, ,    21.4, ,    19.7, ,    16.6, ,    10.3, ,     5.5, ,      .8, ,     8.1, ,    -4.9, ,     6.4, ,    19.7, ,    10.8, 
1980,    -3.3, ,    -5.0, ,     -.4, ,     6.8, ,    14.0, ,    16.3, ,    21.9, ,    22.3, ,    17.0, ,     8.9, ,     3.9, ,    -3.6, ,     8.2, ,    -2.5, ,     6.8, ,    20.2, ,     9.9, 
1981,    -7.3, ,     -.5, ,     1.6, ,     8.5, ,    11.7, ,    18.9, ,    21.7, ,    20.7, ,    16.5, ,     7.8, ,     4.7, ,    -1.0, ,     8.6, ,    -3.8, ,     7.3, ,    20.4, ,     9.7, 
1982,    -6.7, ,    -4.7, ,      .6, ,     6.0, ,    12.4, ,    15.3, ,    21.2, ,    18.6, ,    15.4, ,    11.2, ,     5.9, ,     2.8, ,     8.2, ,    -4.1, ,     6.3, ,    18.4, ,    10.8, 
1983,    -2.1, ,    -1.4, ,     1.1, ,     6.2, ,    11.0, ,    18.6, ,    23.5, ,    21.6, ,    18.2, ,    11.2, ,     4.9, ,    -3.9, ,     9.1, ,     -.2, ,     6.1, ,    21.2, ,    11.4, 
1984,    -6.0, ,      .1, ,    -2.7, ,     6.4,E,    10.9,E,    19.4, ,    21.0,E,    21.9, ,    15.6, ,    11.6, ,     4.8, ,     1.5, ,     8.7,E,    -3.3, ,     4.9,E,    20.8,E,    10.7, 
1985,    -5.8, ,    -3.7, ,     2.1, ,     7.9, ,    13.7, ,    16.7, ,    20.9, ,    20.4, ,    18.4, ,    11.2, ,     5.2, ,    -3.2, ,     8.7, ,    -2.7, ,     7.9, ,    19.3, ,    11.6, 
1986,    -3.4, ,    -4.5, ,     2.1, ,     7.4,E,    14.5, ,    17.2, ,    21.3, ,    19.6, ,    15.6, ,    11.0, ,     3.3, ,      .2, ,     8.7,E,    -3.7, ,     8.0,E,    19.4, ,    10.0, 
1987,    -2.9, ,    -3.2, ,     2.2, ,     8.3,E,    14.7, ,    20.1, ,    23.2, ,    20.4, ,    16.7, ,     8.5, ,     5.2, ,     1.6, ,     9.6,E,    -2.0, ,     8.4,E,    21.2, ,    10.1, 
1988,    -3.1, ,    -3.9, ,     1.3,E,     6.2, ,    14.2, ,    19.2,E,    23.8, ,    22.0, ,    16.6, ,     8.5, ,     6.1, ,     -.9, ,     9.2,E,    -1.8, ,     7.2,E,    21.7,E,    10.4, 
1989,     -.3, ,    -4.4, ,     -.4, ,     5.8, ,    13.1, ,    18.9, ,    22.0, ,    20.9, ,    16.9, ,    11.3, ,     4.1, ,    -7.2, ,     8.4, ,    -1.9, ,     6.2, ,    20.6, ,    10.8, 
1990,     1.0, ,    -1.4, ,     2.0, ,     8.9, ,    12.1, ,    19.7, ,    21.5, ,    21.1, ,    16.9, ,    10.7, ,     6.5, ,     1.1, ,    10.0, ,    -2.5, ,     7.7, ,    20.8, ,    11.4, 
1991,    -3.7, ,     -.5, ,     2.8, ,     9.3, ,    17.0, ,    20.8, ,    22.6, ,    21.9, ,    16.7, ,    12.1, ,     4.1, ,      .2, ,    10.3, ,    -1.0, ,     9.7, ,    21.8, ,    11.0, 
1992,    -2.4, ,    -1.8,E,      .4, ,     5.9, ,    12.8, ,    17.1, ,    18.8, ,    19.0,E,    16.4, ,     9.0, ,     4.4,E,      .2, ,     8.3,E,    -1.3,E,     6.4, ,    18.3,E,     9.9,E
1993,    -1.8, ,    -6.5, ,    -1.5, ,     7.0, ,    12.9,E,    17.8, ,    22.4, ,    21.8, ,    15.3, ,     9.6, ,     4.5,E,    -1.2, ,     8.4,E,    -2.7, ,     6.1,E,    20.7, ,     9.8,E
1994,    -9.0, ,    -6.1, ,      .3, ,     8.3, ,    12.1, ,    19.2, ,    22.5, ,    19.8, ,    16.8,E,    11.0, ,     7.3, ,     1.3, ,     8.6,E,    -5.4, ,     6.9, ,    20.5, ,    11.7,E
1995,    -1.1, ,    -5.5, ,     3.1, ,     4.9, ,    13.5, ,    19.8, ,    22.6,E,    22.5, ,    15.9, ,    12.4, ,     2.4, ,    -3.3, ,     8.9,E,    -1.8, ,     7.2, ,    21.6,E,    10.2, 
1996,    -4.9, ,    -3.8, ,    -2.0, ,     4.8,E,    11.6,E,    19.0, ,    20.6, ,    21.7, ,    17.2, ,    10.8, ,     2.3, ,     1.3, ,     8.2,E,    -4.0, ,     4.8,E,    20.4, ,    10.1, 
1997,    -4.2, ,     -.4, ,      .9,E,     6.7, ,    10.4, ,    19.9, ,    21.1, ,    19.7, ,    16.7, ,    10.5, ,     3.3, ,      .6, ,     8.8,E,    -1.1, ,     6.0,E,    20.2, ,    10.2, 
1998,     -.5, ,      .4, ,     3.4,E,     9.0, ,    16.7, ,    19.3, ,    22.2, ,    22.2, ,    19.4, ,    12.1, ,     6.3, ,     2.4, ,    11.1,E,      .2, ,     9.7,E,    21.2, ,    12.6, 
1999,    -4.5, ,     -.3, ,     1.1, ,     7.8, ,    15.2, ,    20.7, ,    24.7, ,    20.6, ,    18.7, ,    11.1, ,     7.0, ,      .7, ,    10.2, ,     -.8, ,     8.0, ,    22.0, ,    12.3, 
2000,    -3.9, ,    -1.2, ,     4.9, ,     6.8, ,    14.7, ,    18.7, ,    20.3, ,    20.8, ,    17.0, ,    12.0, ,     4.6, ,    -5.3, ,     9.1, ,    -1.5, ,     8.8, ,    19.9, ,    11.2, 
2001,    -2.5, ,    -1.6, ,      .2, ,     8.1, ,    15.1,E,    19.9, ,    21.1, ,    23.2, ,    17.4, ,    12.0, ,     8.5,E,     2.6, ,    10.3,E,    -3.1, ,     7.8,E,    21.4, ,    12.6,E
2002,      .8, ,      .2, ,     1.8, ,     8.5,E,    12.0, ,    19.6, ,    24.4, ,    23.3,E,    21.1, ,    10.3, ,     4.8, ,    -1.1, ,    10.5,E,     1.2, ,     7.4,E,    22.4,E,    12.1, 
2003,    -6.4, ,    -5.6, ,      .7,E,     5.7, ,    12.4,E,    18.3,E,    22.2, ,    22.4, ,    17.6, ,     9.7, ,     6.5, ,     1.1, ,     8.7,E,    -4.4, ,     6.3,E,    21.0,E,    11.3, 
2004,    -7.3, ,    -2.5, ,     2.8, ,     7.8, ,    14.1, ,    18.3, ,    21.1, ,    20.3, ,    19.2, ,    11.7, ,     6.5, ,     -.8, ,     9.3, ,    -2.9, ,     8.2, ,    19.9, ,    12.5, 
2005,    -4.9, ,    -2.4, ,     -.5, ,     8.2, ,    12.3, ,    22.8, ,    24.6, ,    23.5, ,    19.9, ,    12.1, ,     6.5, ,    -2.4, ,    10.0, ,    -2.7, ,     6.7, ,    23.6, ,    12.8, 
2006,     1.5, ,    -1.8, ,     2.6, ,     8.8, ,    14.7, ,    19.8, ,    23.6, ,    21.6, ,    16.4, ,    10.0, ,     6.4, ,     3.1, ,    10.6, ,     -.9, ,     8.7, ,    21.7, ,    10.9, 
2007,    -1.6, ,    -6.6, ,     1.7, ,     6.9, ,    14.8, ,    21.4, ,    21.9, ,    23.0, ,    19.3, ,    15.2, ,     4.4, ,     -.9, ,    10.0, ,    -1.7, ,     7.8, ,    22.1, ,    13.0, 
2008,     -.6, ,    -3.5, ,      .8,E,     8.1, ,    12.2, ,    19.8, ,    21.6, ,    19.8, ,    17.2, ,     9.8,E,     4.0, ,    -1.3, ,     9.0,E,    -1.7, ,     7.0,E,    20.4, ,    10.3,E
2009,    -6.9, ,    -1.9, ,     1.4, ,     7.6,E, -9999.9,M,    17.2, ,    19.3, ,    21.1, ,    16.9, ,     9.4, ,     6.2, ,     -.8, , -9999.9,M,    -3.4, , -9999.9,M,    19.2, ,    10.8, 
2010,    -3.6, ,    -2.2, ,     4.1, ,    10.1, ,    14.7, ,    19.6,E,    23.4, ,    22.5, ,    16.8, ,    11.2, ,     5.2, ,    -2.3, ,    10.0,E,    -2.2, ,     9.6, ,    21.8,E,    11.1, 
2011,    -5.3, ,    -3.7, ,      .5, ,     6.7, ,    12.5, ,    18.9, ,    24.2, ,    21.8, ,    17.6, ,    10.8, ,     7.8,E,     2.3, ,     9.5,E,    -3.8, ,     6.6, ,    21.6, ,    12.1,E
2012,     -.6, ,      .8, ,     6.6, ,     7.8, ,    15.5, ,    21.0, ,    24.3, ,    22.1,E,    17.0,E,    11.1,E,     4.2,E,     2.5, ,    11.0,E,      .8, ,    10.0, ,    22.5,E,    10.8,E
