6110607,BEATRICE       ,ON, station joined    , Monthly mean of homogenized daily mean temperature                     , °C,          Updated to December 2012
6110607,BEATRICE       ,ON, station jointe    , Moyenne mensuelle des températures homogénéisées moyennes quotidiennes , °C, Mise à jour jusqu à décembre 2012
Year,     Jan, ,     Feb, ,     Mar, ,     Apr, ,     May, ,     Jun, ,     Jul, ,     Aug, ,     Sep, ,     Oct, ,     Nov, ,     Dec, ,  Annual, ,  Winter, ,  Spring, ,  Summer, ,  Autumn
Year,    Janv, ,     Fév, ,    Mars, ,     Avr, ,     Mai, ,    Juin, ,    Juil, ,    Août, ,    Sept, ,     Oct, ,     Nov, ,     Déc, ,  Annuel, ,   Hiver, ,Printemp, ,     Eté, , Automne
1877, -9999.9,M, -9999.9,M, -9999.9,M, -9999.9,M, -9999.9,M, -9999.9,M, -9999.9,M, -9999.9,M, -9999.9,M, -9999.9,M, -9999.9,M, -9999.9,M, -9999.9,M, -9999.9,M, -9999.9,M, -9999.9,M, -9999.9,M
1878,    -8.8, ,    -5.9, ,      .9, ,     8.8, ,     9.2, ,    14.3, ,    20.2, ,    18.0, ,    14.0, ,     7.6, ,     -.8, ,    -8.3, ,     5.8, , -9999.9,M,     6.3, ,    17.5, ,     6.9, 
1879,   -12.8, ,   -14.3, ,    -6.3, ,     1.7, ,    11.5, ,    14.6, ,    18.3, ,    16.4, ,    11.2, ,    11.6, ,    -1.7, ,    -8.7, ,     3.5, ,   -11.8, ,     2.3, ,    16.4, ,     7.0, 
1880,    -3.8, ,    -7.3, ,    -6.1, ,     2.6, ,    13.3, ,    16.1, ,    17.3, ,    16.2, ,    13.3, ,     5.0, ,    -4.2, ,   -10.0, ,     4.4, ,    -6.6, ,     3.3, ,    16.5, ,     4.7, 
1881,   -12.4, ,    -9.4, ,    -2.6, ,     1.8, ,    14.2, ,    13.0, ,    19.5, ,    18.8, ,    17.0, ,     6.0, ,    -1.3, ,    -2.9, ,     5.1, ,   -10.6, ,     4.5, ,    17.1, ,     7.2, 
1882,    -9.8, ,    -6.0, ,    -4.2, ,     1.5, ,     7.9, ,    13.7, ,    16.9, ,    18.1, ,    12.8, ,     8.4, ,    -1.1, ,    -8.0, ,     4.2, ,    -6.2, ,     1.7, ,    16.2, ,     6.7, 
1883,   -12.6, ,   -11.5, ,   -10.5, ,     1.0, ,     7.7, ,    16.0, ,    15.9, ,    15.2, ,    10.8, ,     4.3, ,     -.6, ,    -8.9, ,     2.2, ,   -10.7, ,     -.6, ,    15.7, ,     4.8, 
1884,   -14.4, ,    -8.9, ,    -5.9, ,     3.0, ,     9.7, ,    17.5, ,    15.9, ,    16.3, ,    14.3, ,     6.7, ,    -1.7, ,    -8.9, ,     3.6, ,   -10.7, ,     2.3, ,    16.6, ,     6.4, 
1885,   -12.6, ,   -16.1, ,   -12.7, ,      .5, ,    10.2, ,    14.7, ,    18.5, ,    14.6, ,    11.5, ,     5.9, ,      .6, ,    -7.6, ,     2.3, ,   -12.5, ,     -.7, ,    15.9, ,     6.0, 
1886,   -12.1, ,   -11.6, ,    -4.7, ,     5.4, ,    10.0, ,    14.8, ,    16.8, ,    16.2, ,    12.1, ,     6.9, ,    -1.2, ,   -10.8, ,     3.5, ,   -10.4, ,     3.6, ,    15.9, ,     5.9, 
1887,   -13.8, ,   -10.9, ,    -8.7, ,     1.3, ,    14.8, ,    17.0, ,    20.2, ,    15.6, ,    10.4, ,     4.5, ,    -2.0, ,    -6.7, ,     3.5, ,   -11.8, ,     2.5, ,    17.6, ,     4.3, 
1888,   -15.4, ,   -10.6, ,    -9.0, ,      .3, ,     9.7, ,    17.1, ,    17.3, ,    16.2, ,    11.8, ,     3.2, ,     -.5, ,    -5.8, ,     2.9, ,   -10.9, ,      .3, ,    16.9, ,     4.8, 
1889,    -5.9, ,   -13.3, ,    -2.4, ,     5.1, ,    11.2, ,    13.9, ,    18.7, ,    16.2, ,    14.4, ,     3.4, ,     1.1, ,    -2.9, ,     5.0, ,    -8.3, ,     4.6, ,    16.3, ,     6.3, 
1890,    -7.0, ,    -7.3, ,    -6.5, ,     3.2, ,     8.3, ,    17.8, ,    18.1, ,    16.0, ,    12.5, ,     7.2, ,     -.4, ,   -10.3, ,     4.3, ,    -5.7, ,     1.7, ,    17.3, ,     6.4, 
1891,    -8.9, ,    -7.4, ,    -5.4, ,     3.9, ,    10.1, ,    17.5, ,    16.4, ,    16.7, ,    15.5, ,     6.5, ,      .2, ,    -1.7, ,     5.3, ,    -8.9, ,     2.9, ,    16.9, ,     7.4, 
1892,   -10.2, ,    -7.5, ,    -5.7, ,     2.9, ,    10.1, ,    16.8, ,    17.7, ,    17.5, ,    13.4, ,     6.2, ,    -1.5, ,    -8.6, ,     4.3, ,    -6.5, ,     2.4, ,    17.3, ,     6.0, 
1893,   -14.6, ,   -12.0, ,    -5.8, ,     1.8, ,     9.7, ,    18.7, ,    17.9, ,    17.2, ,    11.4, ,     8.3, ,      .2, ,   -10.5, ,     3.5, ,   -11.7, ,     1.9, ,    17.9, ,     6.6, 
1894, -9999.9,M,   -10.7, ,     -.6, ,     6.0, ,    10.8, ,    17.1, ,    18.7, ,    15.7, ,    14.9, ,     8.4, ,    -2.8, ,    -4.8, , -9999.9,M, -9999.9,M,     5.4, ,    17.2, ,     6.8, 
1895,   -10.9, ,   -11.9, ,    -8.7, ,     4.4, ,    12.4, ,    17.7, ,    16.1, ,    16.2, ,    13.4, ,     3.3, ,     -.6, ,    -4.5, ,     3.9, ,    -9.2, ,     2.7, ,    16.7, ,     5.4, 
1896,   -11.4, ,    -9.7, ,    -8.8, ,     6.3, ,    13.1, ,    15.9, ,    17.9, ,    16.9, ,    11.1, ,     4.9, ,     1.5, ,    -7.3, ,     4.2, ,    -8.5, ,     3.5, ,    16.9, ,     5.8, 
1897,    -8.8, ,    -8.3, ,    -4.5, ,     4.2, ,    10.1, ,    13.2, ,    20.8, ,    15.4, ,    13.3, ,     8.0, ,    -1.1, ,    -7.0, ,     4.6, ,    -8.1, ,     3.3, ,    16.5, ,     6.7, 
1898,    -9.2, ,    -7.6, ,      .2, ,     3.9, ,    12.1, ,    17.1, ,    19.1, ,    17.4, ,    14.4, ,     7.3, ,      .2, ,    -7.7, ,     5.6, ,    -7.9, ,     5.4, ,    17.9, ,     7.3, 
1899,   -10.5, ,   -12.2, ,    -6.9, ,     4.9, ,    11.1, ,    15.8, ,    17.1, ,    18.1, ,    11.1, ,     8.0, ,     1.4, ,    -5.7, ,     4.4, ,   -10.1, ,     3.0, ,    17.0, ,     6.8, 
1900,    -8.2, ,   -10.1, ,    -8.3, ,     5.7, ,    10.8, ,    16.2, ,    18.1, ,    19.7, ,    15.0, ,    11.4, ,     -.1, ,    -6.3, ,     5.3, ,    -8.0, ,     2.7, ,    18.0, ,     8.8, 
1901,   -10.0, ,   -13.1, ,    -5.2, ,     6.9, ,    11.8, ,    17.1, ,    19.9, ,    17.7, ,    13.5, ,     7.4, ,    -2.6, ,    -7.0, ,     4.7, ,    -9.8, ,     4.5, ,    18.2, ,     6.1, 
1902,   -10.0, ,    -8.7, ,     1.1, ,     5.5, ,    10.0, ,    13.1, ,    18.4, ,    15.2, ,    13.6, ,     5.7, ,     3.0, ,    -8.8, ,     4.8, ,    -8.6, ,     5.5, ,    15.6, ,     7.4, 
1903,    -9.4, ,    -8.3, ,     1.6, ,     5.0, ,    12.3, ,    14.9, ,    17.7, ,    15.1, ,    13.3, ,     7.1, ,    -1.7, ,   -11.0, ,     4.7, ,    -8.8, ,     6.3, ,    15.9, ,     6.2, 
1904,   -14.5, ,   -16.1, ,    -5.6, ,     1.4, ,    12.4, ,    16.2, ,    17.3, ,    15.3, ,    11.8, ,     5.3, ,     -.9, ,   -11.8, ,     2.6, ,   -13.9, ,     2.7, ,    16.3, ,     5.4, 
1905,   -13.1, ,   -12.5, ,    -5.1, ,     3.2, ,     9.6, ,    15.9, ,    19.0, ,    16.8, ,    13.8, ,     6.7, ,    -1.4, ,    -5.1, ,     4.0, ,   -12.5, ,     2.6, ,    17.2, ,     6.4, 
1906,    -5.4, ,   -10.1, ,    -6.8, ,     4.4, ,    10.1, ,    16.9, , -9999.9,M, -9999.9,M, -9999.9,M,     7.2, ,     -.7, ,   -10.4, , -9999.9,M,    -6.9, ,     2.6, , -9999.9,M, -9999.9,M
1907,   -10.8, ,   -13.2, ,    -3.0, ,      .9, ,     6.7, ,    16.6, ,    17.5, ,    15.2, ,    13.1, ,     4.1, ,     -.5, ,    -5.8, ,     3.4, ,   -11.5, ,     1.5, ,    16.4, ,     5.6, 
1908,   -10.5, ,   -12.1, ,    -4.6, ,     2.0, ,    12.0, ,    15.8, ,    18.6, ,    16.1, ,    15.0, ,     7.8, ,     1.4, ,    -7.4, ,     4.5, ,    -9.5, ,     3.1, ,    16.8, ,     8.1, 
1909,    -7.6, ,    -7.8, ,    -5.1, ,     1.7, ,    10.2, ,    17.8, ,    18.4, ,    18.3, ,    12.6, ,     5.8, ,     2.2, ,    -6.3, ,     5.0, ,    -7.6, ,     2.3, ,    18.2, ,     6.9, 
1910,    -7.9, ,   -10.5, ,     -.4, ,     7.1, ,     9.4, ,    15.8, ,    18.5, ,    17.7, ,    11.9, ,     7.9, ,    -1.0, ,   -10.3, ,     4.9, ,    -8.2, ,     5.4, ,    17.3, ,     6.3, 
1911,    -8.6, ,    -8.2, ,    -5.8, ,     3.7, ,    14.2, ,    16.8, ,    19.5, ,    18.3, ,    12.8, ,     6.9, ,    -1.4, ,    -3.0, ,     5.4, ,    -9.0, ,     4.0, ,    18.2, ,     6.1, 
1912,   -15.6, ,   -11.8, ,    -8.0, ,     2.6, ,    11.2, ,    14.0, ,    18.5, ,    14.7, ,    14.3, ,     7.9, ,      .7, ,    -4.8, ,     3.6, ,   -10.1, ,     1.9, ,    15.7, ,     7.6, 
1913,    -5.9, ,   -12.3, ,    -3.8, ,     5.8, ,     9.9, ,    15.6, ,    18.0, ,    17.3, ,    12.7, ,     8.3, ,     3.1, ,    -2.2, ,     5.5, ,    -7.7, ,     4.0, ,    17.0, ,     8.0, 
1914,    -8.6, ,   -14.8, ,    -4.4, ,     3.4, ,    12.5, ,    15.1, ,    18.4, ,    17.1, ,    12.9, ,     9.4, ,    -1.0, ,    -6.9, ,     4.4, ,    -8.5, ,     3.8, ,    16.9, ,     7.1, 
1915,    -8.7, ,    -7.0, ,    -5.1, ,     7.5, ,     9.3, ,    15.4, ,    17.5, ,    16.4, ,    14.4, ,     8.6, ,     2.1, ,    -6.6, ,     5.3, ,    -7.5, ,     3.9, ,    16.4, ,     8.4, 
1916,    -5.6, ,   -11.0, ,    -7.6, ,     5.0, ,     9.6, ,    14.6, ,    21.3, ,    19.0, ,    13.5, ,     6.8, ,      .3, ,    -7.1, ,     4.9, ,    -7.7, ,     2.3, ,    18.3, ,     6.9, 
1917,    -9.6, ,   -14.3, ,    -3.8, ,     3.4, ,     8.3, ,    14.4, ,    19.3, ,    17.2, ,    11.9, ,     4.6, ,    -1.8, ,   -12.6, ,     3.1, ,   -10.3, ,     2.6, ,    17.0, ,     4.9, 
1918,   -15.1, ,   -11.0, ,    -3.1, ,     4.7, ,    12.0, ,    14.1, ,    18.1, ,    18.0, ,    10.3, ,     7.7, ,     2.7, ,    -5.2, ,     4.4, ,   -12.9, ,     4.5, ,    16.7, ,     6.9, 
1919,    -6.6, ,    -7.4, ,    -3.1, ,     3.2, ,    11.2, ,    20.5, ,    19.3, ,    16.9, ,    14.1, ,     8.1, ,    -1.2, ,   -10.7, ,     5.4, ,    -6.4, ,     3.8, ,    18.9, ,     7.0, 
1920,   -16.5, ,   -11.4, ,    -3.0, ,     2.5, ,    10.1, ,    16.2, ,    15.8, ,    18.1, ,    14.4, ,     9.9, ,     -.4, ,    -5.6, ,     4.2, ,   -12.9, ,     3.2, ,    16.7, ,     8.0, 
1921,    -8.1, ,    -7.1, ,      .0, ,     8.0, ,    13.2, ,    17.2, ,    22.6, ,    16.7, ,    15.8, ,     7.0, ,    -1.9, ,    -7.3, ,     6.3, ,    -6.9, ,     7.1, ,    18.8, ,     7.0, 
1922,   -10.9, ,    -9.3, ,    -3.5, ,     4.7, ,    14.0, ,    16.4, ,    17.7, ,    16.7, ,    13.8, ,     5.8, ,     1.5, ,    -6.7, ,     5.0, ,    -9.2, ,     5.1, ,    16.9, ,     7.0, 
1923,   -11.7, ,   -13.2, ,    -8.8, ,     1.9, ,     9.1, ,    17.0, ,    18.4, ,    15.7, ,    13.1, ,     6.1, ,      .2, ,    -1.4, ,     3.9, ,   -10.5, ,      .7, ,    17.0, ,     6.5, 
1924,   -11.0, ,   -11.9, ,    -3.3, ,     2.9, ,     8.2, ,    15.0, ,    16.5, ,    15.8, ,    11.4, ,     7.8, ,      .6, ,   -10.6, ,     3.5, ,    -8.1, ,     2.6, ,    15.8, ,     6.6, 
1925,   -12.1, ,    -6.5, ,    -2.4, ,     5.2, ,     7.5, ,    16.2, ,    16.6, ,    17.9, ,    13.3, ,     2.6, ,     -.9, ,    -7.5, ,     4.2, ,    -9.7, ,     3.4, ,    16.9, ,     5.0, 
1926,    -8.8, ,   -10.8, ,    -8.0, ,    -1.6, ,     9.1, ,    13.0, ,    17.2, ,    16.9, ,    11.6, ,     5.3, ,    -1.0, ,    -8.8, ,     2.8, ,    -9.0, ,     -.2, ,    15.7, ,     5.3, 
1927,   -11.3, ,    -8.0, ,    -1.3, ,     3.9, ,     9.9, ,    12.9, ,    17.4, ,    14.5, ,    14.2, ,     8.4, ,     1.1, ,    -5.9, ,     4.7, ,    -9.4, ,     4.2, ,    14.9, ,     7.9, 
1928,    -9.3, ,   -10.7, ,    -6.1, ,     1.7, ,     9.5, ,    15.0, ,    18.4, ,    18.0, ,    10.6, ,     7.5, ,     -.2, ,    -4.3, ,     4.2, ,    -8.6, ,     1.7, ,    17.1, ,     6.0, 
1929,   -11.5, ,   -11.4, ,    -2.0, ,     4.2, ,     8.6, ,    14.8, ,    17.2, ,    15.4, ,    14.1, ,     6.0, ,     -.9, ,    -8.7, ,     3.8, ,    -9.1, ,     3.6, ,    15.8, ,     6.4, 
1930,    -9.6, ,    -8.4, ,    -5.1, ,     2.7, ,    11.9, ,    17.7, ,    17.4, ,    17.1, ,    13.5, ,     6.6, ,     2.3, ,    -5.8, ,     5.0, ,    -8.9, ,     3.2, ,    17.4, ,     7.5, 
1931,    -9.9, ,    -7.8, ,    -2.3, ,     4.3, ,    11.8, ,    16.0, ,    20.1, ,    17.9, ,    15.3, ,     8.8, ,     4.3, ,    -4.4, ,     6.2, ,    -7.8, ,     4.6, ,    18.0, ,     9.5, 
1932,    -3.1, ,    -7.0, ,    -5.7, ,     2.0, ,    10.8, ,    16.2, ,    17.1, ,    17.8, ,    12.8, ,     8.4, ,    -1.6, ,    -5.1, ,     5.2, ,    -4.8, ,     2.4, ,    17.0, ,     6.5, 
1933,    -4.5, ,    -9.0, ,    -4.5, ,     5.1, ,    12.0, ,    17.0, ,    18.9, ,    17.4, ,    14.3, ,     6.3, ,    -5.6, ,   -10.6, ,     4.7, ,    -6.2, ,     4.2, ,    17.8, ,     5.0, 
1934,    -8.6, ,   -17.6, ,    -6.8, ,     2.2, ,    11.7, ,    17.2, ,    18.9, ,    15.1, ,    15.9, ,     5.7, ,     2.7, ,   -10.6, ,     3.8, ,   -12.3, ,     2.4, ,    17.1, ,     8.1, 
1935,   -12.7, ,   -10.3, ,    -2.7, ,     4.4, ,     8.3, ,    15.2, ,    21.0, ,    18.0, ,    11.1, ,     7.1, ,      .8, ,   -10.9, ,     4.1, ,   -11.2, ,     3.3, ,    18.1, ,     6.3, 
1936,   -10.8, ,   -13.4, ,    -2.5, ,     1.3, ,    12.2, ,    15.8, ,    18.4, ,    16.6, ,    14.0, ,     5.6, ,    -3.2, ,    -5.1, ,     4.1, ,   -11.7, ,     3.7, ,    16.9, ,     5.5, 
1937,    -5.4, ,    -6.6, ,    -6.3, ,     4.1, ,    11.8, ,    16.3, ,    19.1, ,    19.5, ,    12.5, ,     5.4, ,      .7, ,    -7.7, ,     5.3, ,    -5.7, ,     3.2, ,    18.3, ,     6.2, 
1938,   -11.4, ,    -8.4, ,    -2.6, ,     5.3, ,    11.2, ,    15.8, ,    19.2, ,    19.2, ,    11.5, ,     8.3, ,     1.3, ,    -6.0, ,     5.3, ,    -9.2, ,     4.6, ,    18.1, ,     7.0, 
1939,   -10.0, ,    -9.7, ,    -6.7, ,     1.4, ,    11.8, ,    16.6, ,    18.9, ,    18.7, ,    12.8, ,     6.7, ,    -2.0, ,    -5.7, ,     4.4, ,    -8.6, ,     2.2, ,    18.1, ,     5.8, 
1940,   -14.0, ,    -9.8, ,    -7.0, ,     2.2, ,    11.5, ,    15.7, ,    18.1, ,    17.5, ,    12.9, ,     5.1, ,     -.8, ,    -5.8, ,     3.8, ,    -9.8, ,     2.2, ,    17.1, ,     5.7, 
1941,   -11.0, ,    -9.1, ,    -7.3, ,     7.3, ,    11.9, ,    18.0, ,    20.3, ,    15.7, ,    14.1, ,     7.5, ,     1.7, ,    -5.9, ,     5.3, ,    -8.6, ,     4.0, ,    18.0, ,     7.8, 
1942,    -9.8, ,   -10.3, ,    -1.4, ,     7.1, ,    11.8, ,    17.0, ,    17.9, ,    17.7, ,    12.8, ,     7.6, ,     -.1, ,    -8.9, ,     5.1, ,    -8.7, ,     5.8, ,    17.5, ,     6.8, 
1943,   -13.3, ,    -8.9, ,    -7.9, ,     -.2, ,    10.9, ,    18.0, ,    19.1, ,    17.1, ,    12.3, ,     6.6, ,     -.4, ,    -9.2, ,     3.7, ,   -10.4, ,      .9, ,    18.1, ,     6.2, 
1944,    -6.4, ,    -8.8, ,    -6.3, ,     2.0, ,    14.1, ,    17.7, ,    18.7, ,    18.7, ,    13.5, ,     6.7, ,     1.3, ,    -8.6, ,     5.2, ,    -8.1, ,     3.3, ,    18.4, ,     7.2, 
1945,   -14.5, ,    -7.8, ,     2.3, ,     6.6, ,     8.9, ,    15.1, ,    18.5, ,    18.0, ,    13.1, ,     6.3, ,      .6, ,    -9.4, ,     4.8, ,   -10.3, ,     5.9, ,    17.2, ,     6.7, 
1946,    -9.0, ,   -12.0, ,     2.5, ,     4.1, ,    10.1, ,    15.2, ,    18.4, ,    16.4, ,    14.2, ,     9.8, ,     2.0, ,    -6.6, ,     5.4, ,   -10.1, ,     5.6, ,    16.7, ,     8.7, 
1947,    -9.0, ,   -11.7, ,    -4.7, ,     1.9, ,     9.2, ,    16.2, ,    18.9, ,    21.0, ,    14.0, ,    11.9, ,     -.1, ,    -8.2, ,     5.0, ,    -9.1, ,     2.1, ,    18.7, ,     8.6, 
1948,   -13.4, ,   -10.5, ,    -4.6, ,     6.6, ,    10.2, ,    15.4, ,    19.1, ,    18.5, ,    15.0, ,     6.6, ,     4.7, ,    -4.1, ,     5.3, ,   -10.7, ,     4.1, ,    17.7, ,     8.8, 
1949,    -6.9, ,    -5.9, ,    -4.8, ,     5.0, ,    11.5, ,    19.4, ,    19.6, ,    18.8, ,    12.2, ,    10.1, ,    -1.6, ,    -5.0, ,     6.0, ,    -5.6, ,     3.9, ,    19.3, ,     6.9, 
1950,    -5.4, ,    -9.3, ,    -6.2, ,     1.0, ,    11.4, ,    15.6, ,    17.8, ,    16.7, ,    12.2, ,     9.0, ,      .2, ,    -7.4, ,     4.6, ,    -6.6, ,     2.1, ,    16.7, ,     7.1, 
1951,    -9.2, ,    -7.4, ,    -2.4, ,     5.0, ,    12.1, ,    16.2, ,    18.0, ,    16.0, ,    12.3, ,     8.4, ,    -2.6, ,    -6.5, ,     5.0, ,    -8.0, ,     4.9, ,    16.7, ,     6.0, 
1952,    -8.1, ,    -7.1, ,    -4.2, ,     6.1, ,    10.3, ,    16.5, ,    19.9, ,    17.6, ,    14.0, ,     4.5, ,     2.6, ,    -3.3, ,     5.7, ,    -7.2, ,     4.1, ,    18.0, ,     7.0, 
1953,    -6.7, ,    -5.5, ,    -1.5, ,     4.0, ,    12.0, ,    16.1, ,    18.9, ,    17.7, ,    13.3, ,     8.0, ,     3.2, ,    -4.4, ,     6.3, ,    -5.2, ,     4.8, ,    17.6, ,     8.2, 
1954,   -12.5, ,    -4.2, ,    -4.4, ,     5.1, ,     9.9, ,    17.6, ,    17.3, ,    16.5, ,    12.2, ,     8.1, ,     1.9, ,    -7.7, ,     5.0, ,    -7.0, ,     3.5, ,    17.1, ,     7.4, 
1955,   -10.1, ,    -7.5, ,    -5.1, ,     8.1, ,    12.6, ,    17.4, ,    21.2, ,    20.2, ,    12.8, ,     8.7, ,    -1.0, ,   -10.0, ,     5.6, ,    -8.4, ,     5.2, ,    19.6, ,     6.8, 
1956,    -8.9, ,    -8.0, ,    -5.7, ,     2.5, ,     8.4, ,    16.8, ,    17.3, ,    16.9, ,    10.8, ,     8.8, ,     1.5, ,    -5.3, ,     4.6, ,    -9.0, ,     1.7, ,    17.0, ,     7.0, 
1957,   -12.3, ,    -6.5, ,    -2.5, ,     5.8, ,    10.2, ,    17.1, ,    18.4, ,    15.9, ,    13.1, ,     6.6, ,     1.3, ,    -4.2, ,     5.2, ,    -8.0, ,     4.5, ,    17.1, ,     7.0, 
1958,    -8.9, ,   -11.5, ,     -.2, ,     6.2, ,     9.7, ,    13.6, ,    17.7, ,    16.6, ,    13.4, ,     8.1, ,     1.5, ,   -12.0, ,     4.5, ,    -8.2, ,     5.2, ,    16.0, ,     7.7, 
1959,   -11.8, ,   -12.9, ,    -5.4, ,     3.9, ,    12.2, ,    16.3, ,    18.4, ,    20.2, ,    14.7, ,     6.2, ,    -1.7, ,    -5.8, ,     4.5, ,   -12.2, ,     3.6, ,    18.3, ,     6.4, 
1960,    -9.6, ,    -8.2, ,    -9.1, ,     5.0, ,    13.2, ,    14.6, ,    16.6, ,    16.8, ,    13.7, ,     7.0, ,     2.8, ,    -9.8, ,     4.4, ,    -7.9, ,     3.0, ,    16.0, ,     7.8, 
1961,   -13.9, ,    -7.3, ,    -3.2, ,     2.9, ,     8.7, ,    14.4, ,    18.4, ,    17.7, ,    16.6, ,     9.1, ,      .8, ,    -6.0, ,     4.9, ,   -10.3, ,     2.8, ,    16.8, ,     8.8, 
1962,   -11.6, ,   -12.3, ,    -2.4, ,     4.5, ,    13.5, ,    15.7, ,    16.7, ,    17.5, ,    12.3, ,     7.9, ,      .0, ,    -7.8, ,     4.5, ,   -10.0, ,     5.2, ,    16.6, ,     6.7, 
1963,   -12.1, ,   -14.2, ,    -3.6, ,     4.0, ,     8.9, ,    15.9, ,    18.2, ,    15.2, ,    10.6, ,    10.6, ,     3.7, ,   -12.3, ,     3.7, ,   -11.4, ,     3.1, ,    16.4, ,     8.3, 
1964,    -7.2, ,    -9.3, ,    -3.0, ,     4.4, ,    12.5, ,    15.1, ,    19.7, ,    14.3, ,    12.2, ,     5.4, ,     1.5, ,    -6.5, ,     4.9, ,    -9.6, ,     4.6, ,    16.4, ,     6.4, 
1965,   -12.0, ,   -10.5, ,    -5.5, ,     2.0, ,    12.4, ,    14.5, ,    15.0, ,    16.1, ,    13.3, ,     6.1, ,     -.4, ,    -3.5, ,     4.0, ,    -9.7, ,     3.0, ,    15.2, ,     6.3, 
1966,   -12.6, ,    -8.1, ,    -2.3, ,     3.2, ,     7.0, ,    16.2, ,    19.2, ,    17.4, ,    11.2, ,     6.3, ,     1.9, ,    -8.3, ,     4.3, ,    -8.1, ,     2.6, ,    17.6, ,     6.5, 
1967,    -6.6, ,   -13.8, ,    -5.5, ,     3.8, ,     7.1, ,    17.9, ,    17.6, ,    15.8, ,    11.9, ,     6.7, ,    -2.0, ,    -5.3, ,     4.0, ,    -9.6, ,     1.8, ,    17.1, ,     5.5, 
1968,   -11.7, ,   -11.9, ,    -2.2, ,     6.5, ,     9.7, ,    15.3, ,    18.0, ,    16.3, ,    15.0, ,     8.8, ,     -.3, ,    -8.8, ,     4.6, ,    -9.6, ,     4.7, ,    16.5, ,     7.8, 
1969,    -9.9, ,    -7.3, ,    -4.8, ,     4.7, ,     9.3, ,    14.0, ,    17.8, ,    18.6, ,    13.5, ,     6.9, ,     1.1, ,    -8.8, ,     4.6, ,    -8.7, ,     3.1, ,    16.8, ,     7.2, 
1970,   -14.2, ,   -10.3, ,    -5.4, ,     4.6, ,    11.0, ,    15.5, ,    19.0, ,    17.4, ,    13.2, ,     8.6, ,     1.7, ,    -9.7, ,     4.3, ,   -11.1, ,     3.4, ,    17.3, ,     7.8, 
1971,   -13.2, ,    -8.1, ,    -6.5, ,     2.3, ,    10.3, ,    16.7, ,    17.0, ,    16.2, ,    15.2, ,    11.4, ,     -.2, ,    -4.9, ,     4.7, ,   -10.3, ,     2.0, ,    16.6, ,     8.8, 
1972,    -9.7, ,   -12.0, ,    -6.9, ,     1.4, ,    12.1, ,    14.0, ,    18.0, ,    16.8, ,    13.0, ,     4.4, ,     -.7, ,    -6.9, ,     3.6, ,    -8.9, ,     2.2, ,    16.3, ,     5.6, 
1973,    -8.6, ,   -11.0, ,     2.0, ,     4.9, ,     9.7, ,    17.0, ,    18.8, ,    19.6, ,    13.0, ,     9.4, ,      .7, ,    -6.9, ,     5.7, ,    -8.8, ,     5.5, ,    18.5, ,     7.7, 
1974,    -8.6, ,   -12.2, ,    -4.6, ,     4.9, ,     8.6, ,    15.6, ,    17.6, ,    17.6, ,    11.2, ,     4.8, ,      .5, ,    -3.9, ,     4.3, ,    -9.2, ,     3.0, ,    16.9, ,     5.5, 
1975,    -8.2, ,    -8.0, ,    -5.9, ,      .6, ,    14.3, ,    17.1, ,    19.0, ,    17.7, ,    11.2, ,     8.1, ,     3.4, ,    -9.1, ,     5.0, ,    -6.7, ,     3.0, ,    17.9, ,     7.6, 
1976,   -13.5, ,    -6.6, ,    -3.0, ,     5.7, ,     9.7, ,    17.6, ,    17.7, ,    16.8, ,    12.1, ,     4.6, ,    -2.3, ,   -12.3, ,     3.9, ,    -9.7, ,     4.1, ,    17.4, ,     4.8, 
1977,   -14.7, ,    -9.3, ,     -.1, ,     5.6, ,    13.2, ,    14.9, ,    19.1, ,    16.3, ,    13.1, ,     6.0, ,     1.4, ,    -8.4, ,     4.8, ,   -12.1, ,     6.2, ,    16.8, ,     6.8, 
1978,   -13.0, ,   -12.9, ,    -6.1, ,     1.9, ,    12.9, ,    14.6, ,    17.7, ,    17.7, ,    11.8, ,     5.6, ,      .2, ,    -6.8, ,     3.6, ,   -11.4, ,     2.9, ,    16.7, ,     5.9, 
1979,   -12.0, ,   -14.8, , -9999.9,M, -9999.9,M, -9999.9,M, -9999.9,M, -9999.9,M, -9999.9,M,    12.8, ,     6.5, ,     2.1, ,    -5.3, , -9999.9,M,   -11.2, , -9999.9,M, -9999.9,M,     7.1, 
1980,    -9.2, ,   -12.0, ,    -4.7, ,     5.1, ,    11.0, ,    12.3, ,    17.8, ,    18.6, ,    11.7, ,     4.3,E,    -1.4, ,   -12.6, ,     3.4,E,    -8.8, ,     3.8, ,    16.2, ,     4.9,E
1981,   -16.1,E,    -4.9, ,    -3.4, ,     4.4, ,     9.2, ,    14.8, ,    17.6, ,    16.7, ,    11.3, ,     4.3, ,     -.4,E,    -6.7, ,     3.9,E,   -11.2,E,     3.4, ,    16.4, ,     5.1,E
1982,   -16.6, ,   -11.0, ,    -5.2, ,      .5, ,    13.1, ,    13.0, ,    17.0, ,    13.9, ,    11.7, ,     6.8, ,      .6, ,    -4.2, ,     3.3, ,   -11.4, ,     2.8, ,    14.6, ,     6.4, 
1983,    -9.8, ,    -7.4, ,    -2.9, ,     2.2, ,     7.4,E,    14.6, ,    18.0, ,    17.7, ,    13.4,E,     5.8, ,     -.8, ,   -11.5, ,     3.9,E,    -7.1, ,     2.2,E,    16.8, ,     6.1,E
1984,   -14.2, ,    -5.1, ,    -8.5, ,     5.0, ,     7.5, ,    16.2,E,    17.4, ,    18.6,E,    11.4,E,     8.9, ,      .5, ,    -3.4, ,     4.5,E,   -10.3, ,     1.3, ,    17.4,E,     6.9,E
1985,   -13.0, ,    -7.8, ,    -3.5, ,     4.3, ,    11.0, ,    13.1, ,    17.1, ,    16.0, ,    13.9, ,     7.4, ,      .7,E,    -9.0, ,     4.2,E,    -8.1, ,     3.9, ,    15.4, ,     7.3,E
1986,   -11.0, ,   -10.0, ,    -2.4, ,     7.0, ,    13.0,E,    13.8, ,    18.5, ,    15.5, ,    12.4, ,     6.6,E,    -1.4,E,    -4.6, ,     4.8,E,   -10.0, ,     5.9,E,    15.9, ,     5.9,E
1987,    -8.7, ,    -9.5,E,    -1.6, ,     8.0, ,    11.6, ,    16.3, ,    19.5, ,    16.9, ,    13.6, ,     5.0, ,      .1, ,    -4.0, ,     5.6,E,    -7.6,E,     6.0, ,    17.6, ,     6.2, 
1988,    -9.8, ,   -11.0, ,    -5.3, ,     4.4, ,    12.6, ,    14.6, ,    20.2, ,    18.5, ,    12.5,E,     4.9, ,     2.2, ,    -7.5, ,     4.7,E,    -8.3, ,     3.9, ,    17.8, ,     6.5,E
1989,    -7.4, ,   -11.4,E,    -6.1, ,     1.9, ,    11.1, ,    16.4,E,    18.8, ,    17.2, ,    12.7, ,     7.3, ,    -1.5, ,   -15.9, ,     3.6,E,    -8.8,E,     2.3, ,    17.5,E,     6.2, 
1990,    -4.9, ,    -7.9, ,    -2.7, ,     5.8, ,     9.6, ,    15.8, ,    18.1, ,    17.7, ,    12.3, ,     7.0, ,     1.1, ,    -5.2, ,     5.6, ,    -9.6, ,     4.2, ,    17.2, ,     6.8, 
1991,   -10.5, ,    -7.3, ,    -2.2, ,     6.7, ,    14.1, ,    16.8, ,    18.3, ,    18.4, ,    11.9, ,     8.4, ,      .5, ,    -6.5, ,     5.7, ,    -7.7, ,     6.2, ,    17.8, ,     6.9, 
1992,    -9.9, ,    -8.1, ,    -6.5, ,     3.0, ,    11.1, ,    13.8, ,    15.4, ,    15.3, ,    12.9, ,     4.8, ,     -.3, ,    -5.5, ,     3.8, ,    -8.2, ,     2.5, ,    14.8, ,     5.8, 
1993,    -8.1, ,   -13.2, ,    -4.0, ,     4.8, ,    10.6, ,    14.9, ,    18.7, ,    18.3,E,    10.8,E,     5.6,E,     -.4, ,    -6.6, ,     4.3,E,    -8.9, ,     3.8, ,    17.3,E,     5.3,E
1994,   -17.7, ,   -12.6, ,    -3.8, ,     4.7, ,     9.6, ,    16.1, ,    18.4, ,    15.7, ,    13.0, ,     7.3, ,     2.0, ,    -4.6, ,     4.0, ,   -12.3, ,     3.5, ,    16.7, ,     7.4, 
1995,    -6.6, ,   -12.0, ,    -1.3, ,     1.7, ,    10.5, ,    17.5, ,    18.6, ,    18.8, ,    10.8, ,     8.5, ,    -3.5, ,    -9.9, ,     4.4, ,    -7.7, ,     3.6, ,    18.3, ,     5.3, 
1996,   -11.6, ,   -10.4, ,    -5.7, ,     2.6, ,     9.2,E,    16.8, ,    16.9, ,    17.6, ,    14.0, ,     6.9, ,    -2.1, ,    -2.9, ,     4.3,E,   -10.6, ,     2.0,E,    17.1, ,     6.3, 
1997,   -11.9, ,    -7.8,E,    -5.9, ,     2.8, ,     7.5, ,    16.9, ,    17.4, ,    15.7, ,    12.7, ,     6.5, ,     -.4, ,    -5.5, ,     4.0,E,    -7.5,E,     1.5, ,    16.7, ,     6.3, 
1998,    -6.3, ,    -2.8, ,    -1.6, ,     6.2,E,    14.9, ,    16.5, ,    18.1, ,    18.3, ,    14.2, ,     7.9, ,     1.8, ,    -3.4, ,     7.0,E,    -4.9, ,     6.5,E,    17.6, ,     8.0, 
1999,   -10.7, ,    -6.0,E,    -3.7, ,     5.6,E,    13.1,E,    17.6, ,    19.2, ,    16.4, ,    14.8, ,     6.4,E,     2.4, ,    -5.6, ,     5.8,E,    -6.7,E,     5.0,E,    17.7, ,     7.9,E
2000,   -10.6, ,    -6.9, ,     1.3,E,     3.9, ,    11.5, ,    14.8, ,    16.7, ,    16.7, ,    13.9,E,     7.6,E,     -.2, ,   -12.2, ,     4.7,E,    -7.7, ,     5.6,E,    16.1, ,     7.1,E
2001,    -9.0,E,    -8.5, ,    -3.6, ,     5.4, ,    12.5, ,    16.6, ,    17.2,E,    19.3,E,    13.1,E,     7.0,E,     3.9,E,    -1.6, ,     6.0,E,    -9.9,E,     4.8, ,    17.7,E,     8.0,E
2002,    -4.8, ,    -6.4,E,    -3.8,E,     4.6,E,     8.8,E,    16.6, ,    19.3, ,    18.2, ,    16.2, ,     5.4,E,     -.8, ,    -5.9, ,     5.6,E,    -4.3,E,     3.2,E,    18.0, ,     6.9,E
2003,   -14.2,E,   -12.9,E,    -4.6, ,     2.7,E,    11.0,E,    16.0, ,    17.9,E,    18.8, ,    14.2, ,     5.6,E,     1.4, ,    -4.5,E,     4.3,E,   -11.0,E,     3.0,E,    17.6,E,     7.1,E
2004,   -15.7, ,    -8.3, ,    -1.7, ,     4.3,E,    10.6,E,    14.4, ,    18.3,E,    16.3, ,    15.0, ,     7.7, ,      .9,E,    -8.9,E,     4.4,E,    -9.5,E,     4.4,E,    16.3,E,     7.9,E
2005,   -12.1, ,    -7.4, ,    -7.4,E,     5.2,E,     9.6, ,    19.1,E,    19.7,E,    18.8, ,    15.2, ,     8.8, ,     1.3, ,    -7.4, ,     5.3,E,    -9.5,E,     2.5,E,    19.2,E,     8.4, 
2006,    -5.0, ,   -10.0, ,    -3.7, ,     5.6,E,    12.3,E,    16.7,E,    19.8, ,    17.4, ,    12.3, ,     5.9,E,     2.8, ,    -2.1, ,     6.0,E,    -7.5, ,     4.7,E,    18.0,E,     7.0,E
2007,    -8.8, ,   -12.2, ,    -2.9, ,     5.3, ,    11.4, ,    16.8, ,    17.4, , -9999.9,M,    14.6, ,    10.7, ,     -.5, ,    -6.9, , -9999.9,M,    -7.7, ,     4.6, , -9999.9,M,     8.3, 
2008,    -6.5, ,   -10.1, , -9999.9,M,     6.3, ,     8.7, ,    17.3, ,    18.6, ,    16.9, ,    13.2, ,     5.8,E,     -.6, ,    -7.6, , -9999.9,M,    -7.8, , -9999.9,M,    17.6, ,     6.1,E
2009,   -14.4, ,    -7.9, ,    -3.2, ,     4.5, ,     9.6, ,    14.5, ,    15.8, ,    16.5, ,    12.7, ,     6.1, ,     3.3, ,    -7.3, ,     4.2, ,   -10.0, ,     3.6, ,    15.6, ,     7.4, 
2010,    -9.4, ,    -8.5, ,     1.8, ,     7.8, ,    13.0, ,    15.4,E,    19.4, ,    18.3, ,    12.9, ,     6.5, ,     1.6, ,    -8.0, ,     5.9,E,    -8.4, ,     7.5, ,    17.7,E,     7.0, 
2011,   -12.3, ,    -9.5, ,    -4.6, ,     4.0, ,    12.6, ,    15.6, ,    19.5, ,    17.6, ,    14.0, ,     7.8, ,     3.0, ,    -3.4, ,     5.4, ,    -9.9, ,     4.0, ,    17.6, ,     8.3, 
2012,    -7.2, ,    -5.4, ,     2.7, ,     3.7, ,    13.0, ,    16.5, ,    19.4, ,    17.5, ,    12.4, ,     7.7, ,     -.1, ,    -4.1, ,     6.3, ,    -5.3, ,     6.5, ,    17.8, ,     6.7, 
