7051200,CAUSAPSCAL     ,QC, station not joined, Monthly mean of homogenized daily mean temperature                     , °C,          Updated to December 2012
7051200,CAUSAPSCAL     ,QC, station non-jointe, Moyenne mensuelle des températures homogénéisées moyennes quotidiennes , °C, Mise à jour jusqu à décembre 2012
Year,     Jan, ,     Feb, ,     Mar, ,     Apr, ,     May, ,     Jun, ,     Jul, ,     Aug, ,     Sep, ,     Oct, ,     Nov, ,     Dec, ,  Annual, ,  Winter, ,  Spring, ,  Summer, ,  Autumn
Year,    Janv, ,     Fév, ,    Mars, ,     Avr, ,     Mai, ,    Juin, ,    Juil, ,    Août, ,    Sept, ,     Oct, ,     Nov, ,     Déc, ,  Annuel, ,   Hiver, ,Printemp, ,     Eté, , Automne
1913, -9999.9,M, -9999.9,M, -9999.9,M, -9999.9,M, -9999.9,M, -9999.9,M, -9999.9,M, -9999.9,M, -9999.9,M, -9999.9,M,      .6, ,    -8.2, , -9999.9,M, -9999.9,M, -9999.9,M, -9999.9,M, -9999.9,M
1914,   -17.6, ,   -19.2, ,    -4.6, ,    -2.1, ,     9.5, ,    11.9, ,    16.7, ,    14.1, ,    10.0, , -9999.9,M,    -4.6, ,   -11.3, , -9999.9,M,   -15.0, ,      .9, ,    14.2, , -9999.9,M
1915,   -12.8, ,   -10.2, ,    -6.3, ,     2.2, ,     6.7, ,    13.5, ,    16.1, ,    14.8, ,    10.6, ,     5.5, ,    -1.9, ,    -5.7, ,     2.7, ,   -11.4, ,      .9, ,    14.8, ,     4.7, 
1916,   -13.6, ,   -14.8, , -9999.9,M, -9999.9,M, -9999.9,M, -9999.9,M, -9999.9,M, -9999.9,M, -9999.9,M, -9999.9,M, -9999.9,M, -9999.9,M, -9999.9,M,   -11.4, , -9999.9,M, -9999.9,M, -9999.9,M
1917, -9999.9,M, -9999.9,M, -9999.9,M, -9999.9,M, -9999.9,M, -9999.9,M, -9999.9,M, -9999.9,M, -9999.9,M, -9999.9,M, -9999.9,M, -9999.9,M, -9999.9,M, -9999.9,M, -9999.9,M, -9999.9,M, -9999.9,M
1918, -9999.9,M, -9999.9,M, -9999.9,M, -9999.9,M, -9999.9,M, -9999.9,M, -9999.9,M, -9999.9,M,     9.8, ,     4.7, , -9999.9,M, -9999.9,M, -9999.9,M, -9999.9,M, -9999.9,M, -9999.9,M, -9999.9,M
1919, -9999.9,M, -9999.9,M, -9999.9,M, -9999.9,M, -9999.9,M, -9999.9,M,    16.9, ,    16.5, ,    11.1, ,     2.4, ,    -2.3, ,   -15.0, , -9999.9,M, -9999.9,M, -9999.9,M, -9999.9,M,     3.7, 
1920,   -19.4, , -9999.9,M, -9999.9,M, -9999.9,M, -9999.9,M, -9999.9,M, -9999.9,M, -9999.9,M, -9999.9,M, -9999.9,M, -9999.9,M,    -8.1, , -9999.9,M, -9999.9,M, -9999.9,M, -9999.9,M, -9999.9,M
1921,   -12.5, ,   -15.6, ,    -5.5, ,      .9, ,    10.2, ,    13.3, ,    19.7, ,    13.1, ,    10.3, ,     3.5, ,    -5.2, ,   -12.2, ,     1.7, ,   -12.1, ,     1.9, ,    15.4, ,     2.9, 
1922,   -17.0, ,   -17.1, ,    -6.3, ,     2.2, ,     9.0, ,    14.8, ,    16.8, ,    15.5, ,    10.2, ,     3.0, ,    -3.2, ,   -15.6, ,     1.0, ,   -15.4, ,     1.6, ,    15.7, ,     3.3, 
1923,   -18.4, ,   -21.0, ,   -13.6, ,    -2.7, ,     7.4, ,    12.7, ,    15.8, ,    13.3, ,    10.6, ,     5.9, ,     -.7, ,    -4.7, ,      .4, ,   -18.3, ,    -3.0, ,    13.9, ,     5.3, 
1924,   -17.0, ,   -17.6, ,    -3.4, ,      .5, ,     7.5, ,    14.0, ,    16.5, ,    15.4, ,    10.9, ,     4.7, ,    -1.6, ,   -13.5, ,     1.4, ,   -13.1, ,     1.5, ,    15.3, ,     4.7, 
1925,   -21.2, ,   -11.3, ,    -5.4, ,     -.3, ,     7.1, ,    15.5, ,    17.4, ,    16.9, ,     9.0, ,      .6, ,    -2.7, ,   -11.0, ,     1.2, ,   -15.3, ,      .5, ,    16.6, ,     2.3, 
1926,   -15.7, ,   -14.1, ,   -10.5, ,    -2.0, , -9999.9,M, -9999.9,M,    15.7, ,    14.6, ,     9.1, ,     5.0, ,    -2.7, ,   -12.4, , -9999.9,M,   -13.6, , -9999.9,M, -9999.9,M,     3.8, 
1927,   -13.1, ,   -12.5, ,    -6.4, ,      .3, ,     6.4, ,    12.4, ,    18.8, ,    14.7, ,    10.7, ,     6.8, ,    -1.3, ,    -7.8, ,     2.4, ,   -12.7, ,      .1, ,    15.3, ,     5.4, 
1928,   -15.6, ,   -15.3, ,    -7.2, ,      .1, ,    10.4, ,    13.0, ,    16.9, ,    17.3, ,     9.2, ,     3.6, ,    -5.4, ,    -7.4, ,     1.6, ,   -12.9, ,     1.1, ,    15.7, ,     2.5, 
1929,   -14.4, ,   -14.2, ,    -7.5, ,    -1.2, ,     7.4, ,    14.4, ,    16.9, ,    15.0, ,    10.1, ,     5.3, ,    -4.0, ,   -13.7, ,     1.2, ,   -12.0, ,     -.4, ,    15.4, ,     3.8, 
1930,   -16.9, ,   -14.4, ,    -6.0, ,      .2, ,     8.4, ,    17.5, ,    16.7, ,    15.4, ,    10.7, ,     6.0, ,    -1.2, ,   -10.1, ,     2.2, ,   -15.0, ,      .9, ,    16.5, ,     5.2, 
1931,   -15.8, ,   -12.2, ,     -.4, ,     4.0, ,    10.1, ,    15.4, ,    20.1, ,    15.9, ,    10.2, ,     6.6, ,     1.4, ,    -8.7, ,     3.9, ,   -12.7, ,     4.6, ,    17.1, ,     6.1, 
1932,   -12.2, ,   -15.5, ,    -7.0, ,     2.0, ,     9.1, ,    13.6, ,    16.6, ,    16.9, ,    12.2, ,     6.1, ,    -4.4, ,   -10.4, ,     2.3, ,   -12.1, ,     1.4, ,    15.7, ,     4.6, 
1933,   -11.5, ,   -11.1, ,    -9.3, ,     1.8, ,     7.7, ,    13.5, ,    16.3, ,    15.6, ,    10.5, ,     4.4, ,    -9.1, ,   -17.6, ,      .9, ,   -11.0, ,      .1, ,    15.1, ,     1.9, 
1934,   -16.7, ,   -18.8, ,    -9.3, ,     2.2, ,     7.6, ,    14.0, ,    17.0, ,    15.2, ,    14.4, ,     3.9, ,    -1.8, ,   -13.0, ,     1.2, ,   -17.7, ,      .2, ,    15.4, ,     5.5, 
1935,   -17.8, ,   -16.7, ,    -9.1, ,     1.4, ,     7.7, ,    17.9, ,    17.9, ,    16.9, ,     9.1, ,     4.4, ,    -2.8, ,    -9.3, ,     1.6, ,   -15.8, ,      .0, ,    17.6, ,     3.6, 
1936,   -12.7, ,   -14.8, ,    -2.5, ,     1.8, ,     7.1, ,    15.0, ,    15.2, ,    14.2, ,    10.2, ,     3.5, ,    -6.2, ,   -10.4, ,     1.7, ,   -12.3, ,     2.1, ,    14.8, ,     2.5, 
1937,   -14.6, ,   -10.4, ,    -7.9, ,     3.3, ,    11.6, ,    15.0, ,    19.4, ,    18.7, ,    11.6, ,     5.2, ,    -2.1, ,   -11.6, ,     3.2, ,   -11.8, ,     2.3, ,    17.7, ,     4.9, 
1938,   -15.2, ,   -14.3, ,    -7.3, ,     1.1, ,     8.8, ,    16.6, ,    17.9, ,    15.8, ,    10.7, ,     5.7, ,    -2.2, ,    -8.1, ,     2.5, ,   -13.7, ,      .9, ,    16.8, ,     4.7, 
1939,   -14.1, ,   -16.7, ,   -12.7, ,     -.3, ,     8.1, ,    13.3, ,    19.2, ,    17.9, ,    10.1, ,     3.9, ,    -3.0, ,    -7.7, ,     1.5, ,   -13.0, ,    -1.6, ,    16.8, ,     3.7, 
1940,   -13.3, ,   -13.4, ,    -6.1, ,     1.2, ,    10.2, ,    14.0, ,    18.1, ,    16.4, ,    11.0, ,     2.5, ,    -1.8, ,   -13.5, ,     2.1, ,   -11.5, ,     1.8, ,    16.2, ,     3.9, 
1941,   -16.1, ,    -9.2, ,    -7.3, ,     1.2, ,     8.1, ,    13.3, ,    17.9, ,    13.8, ,     9.1, ,     3.1, ,    -3.0, ,    -8.2, ,     1.9, ,   -12.9, ,      .7, ,    15.0, ,     3.1, 
1942,   -17.0, ,   -12.0, ,    -4.5, ,     1.1, ,    10.0, ,    14.9, ,    16.7, ,    16.6, ,    11.1, ,     5.6, ,    -3.1, ,   -16.2, ,     1.9, ,   -12.4, ,     2.2, ,    16.1, ,     4.5, 
1943, -9999.9,M,    -7.1, ,    -6.4, ,    -1.1, ,     5.6, ,    12.6, ,    17.0, ,    15.5, ,    10.0, ,     6.6, ,    -2.9, ,   -12.0, , -9999.9,M, -9999.9,M,     -.6, ,    15.0, ,     4.6, 
1944,   -11.2, ,   -16.3, ,    -9.2, ,     -.6, , -9999.9,M, -9999.9,M, -9999.9,M,    19.2, ,    12.2, , -9999.9,M, -9999.9,M,    -9.9, , -9999.9,M,   -13.2, , -9999.9,M, -9999.9,M, -9999.9,M
1945,   -13.9, ,   -12.1, ,    -3.8, ,     3.0, , -9999.9,M,    14.4, ,    17.4, ,    16.2, ,    11.8, ,     3.7, ,    -2.6, ,    -9.9, , -9999.9,M,   -12.0, , -9999.9,M,    16.0, ,     4.3, 
1946,   -13.8, ,   -15.6, ,    -4.5, , -9999.9,M,     7.5, ,    13.9, ,    15.7, ,    15.7, ,    13.2, ,     6.5, ,    -2.7, ,   -12.5, , -9999.9,M,   -13.1, , -9999.9,M,    15.1, ,     5.7, 
1947,   -14.6, ,    -8.8, ,    -5.3, ,    -3.6, ,     6.8, ,    14.0, ,    19.6, ,    16.5, ,     9.6, ,     6.6, , -9999.9,M, -9999.9,M, -9999.9,M,   -12.0, ,     -.7, ,    16.7, , -9999.9,M
1948,   -15.6, ,   -19.0, ,   -11.8, ,    -1.1, , -9999.9,M, -9999.9,M,    15.7, ,    16.2, ,    11.0, , -9999.9,M, -9999.9,M, -9999.9,M, -9999.9,M, -9999.9,M, -9999.9,M, -9999.9,M, -9999.9,M
1949, -9999.9,M,   -15.4, ,    -7.2, ,     2.4, ,     8.0, ,    16.5, ,    18.5, ,    15.9, ,    11.3, ,     6.4, ,    -4.4, ,    -6.9, , -9999.9,M, -9999.9,M,     1.1, ,    17.0, ,     4.4, 
1950,   -14.4, ,   -16.5, ,    -9.3, ,     1.2, ,     9.6, ,    14.0, ,    17.4, ,    14.9, ,     9.0, ,     4.5, ,     1.0, ,    -5.6, ,     2.2, ,   -12.6, ,      .5, ,    15.4, ,     4.8, 
1951,   -11.7, ,   -11.3, ,    -6.3, ,     5.2, ,     9.4, ,    12.9, , -9999.9,M,    15.6, ,    12.2, ,     6.4, ,    -2.8, ,   -12.1, , -9999.9,M,    -9.5, ,     2.8, , -9999.9,M,     5.3, 
1952,   -14.3, ,   -10.2, ,    -3.5, ,     2.5, ,     8.7, ,    14.4, ,    19.8, ,    17.1, ,    11.9, ,     4.0, ,    -2.0, ,    -7.3, ,     3.4, ,   -12.2, ,     2.6, ,    17.1, ,     4.6, 
1953,   -11.5, ,   -10.5, ,    -4.8, ,     4.0, ,     8.9, ,    14.9, ,    17.1, ,    14.9, ,    12.3, ,     6.0, ,     1.7, ,    -6.7, ,     3.9, ,    -9.8, ,     2.7, ,    15.6, ,     6.7, 
1954,   -16.3, ,    -8.1, ,    -6.1, ,      .4, ,     8.7, ,    14.4, ,    16.3, ,    14.8, ,    10.4, ,     5.5, ,     -.5, ,    -8.4, ,     2.6, ,   -10.4, ,     1.0, ,    15.2, ,     5.1, 
1955,   -11.0, ,   -11.6, ,    -7.9, ,     1.7, ,     7.8, ,    15.1, ,    18.0, ,    16.4, ,    10.1, ,     5.6, ,     -.5, ,   -11.9, ,     2.7, ,   -10.3, ,      .5, ,    16.5, ,     5.1, 
1956,    -6.1, ,   -12.9, ,   -10.2, ,     1.4, ,     5.4, , -9999.9,M,    15.2, ,    14.1, ,     9.7, ,     6.1, ,    -3.1, ,   -12.9, , -9999.9,M,   -10.3, ,    -1.1, , -9999.9,M,     4.2, 
1957,   -20.4, ,   -11.6, ,    -5.0, ,     -.1, ,     6.9, ,    12.9, ,    16.0, ,    13.8, ,    10.7, ,     6.1, ,      .1, ,    -7.6, ,     1.8, ,   -15.0, ,      .6, ,    14.2, ,     5.6, 
1958,    -8.9, ,   -11.1, ,    -1.3, ,     3.2, ,     7.5, ,    10.7, ,    15.8, ,    15.0, ,    10.4, ,     4.4, ,    -3.2, ,   -16.5, ,     2.2, ,    -9.2, ,     3.1, ,    13.8, ,     3.9, 
1959,   -13.4, ,   -17.8, ,   -10.4, ,     1.8, ,     9.5, ,    13.5, ,    19.7, ,    16.2, ,    12.5, ,     4.5, ,    -2.7, ,    -9.8, ,     2.0, ,   -15.9, ,      .3, ,    16.5, ,     4.8, 
1960,   -13.4, ,    -6.9, ,    -7.2, ,      .3, ,    12.3, ,    15.2, ,    16.5, ,    16.7, ,    11.1, ,     4.6, ,    -1.6, ,   -10.4, ,     3.1, ,   -10.0, ,     1.8, ,    16.1, ,     4.7, 
1961,   -18.5, ,   -14.6, ,    -8.1, ,     2.3, ,     7.7, ,    13.7, ,    16.8, ,    16.0, ,    13.9, ,     6.8, ,      .5, ,    -6.4, ,     2.5, ,   -14.5, ,      .6, ,    15.5, ,     7.1, 
1962,   -15.4, ,   -18.1, ,    -3.4, ,     1.5, ,     7.4, ,    14.1, ,    15.0, , -9999.9,M,    10.4, ,     4.6, ,    -2.4, ,    -9.2, , -9999.9,M,   -13.3, ,     1.8, , -9999.9,M,     4.2, 
1963,   -12.6, ,   -15.7, ,    -8.9, ,     1.0, ,     7.8, ,    15.0, ,    18.6, ,    13.9, ,     9.2, ,     6.8, ,     1.7, ,   -13.6, ,     1.9, ,   -12.5, ,      .0, ,    15.8, ,     5.9, 
1964,   -13.2, ,   -10.8, ,    -6.8, ,     1.1, ,     8.7, ,    13.2, ,    17.5, ,    14.3, ,    10.1, ,     4.2, ,    -3.1, ,   -10.0, ,     2.1, ,   -12.5, ,     1.0, ,    15.0, ,     3.7, 
1965,   -14.6, ,   -12.7, ,    -5.1, ,     1.2, ,     7.8, ,    14.3, ,    15.0, ,    14.6, ,    10.4, ,     3.5, ,    -4.3, ,   -10.3, ,     1.7, ,   -12.4, ,     1.3, ,    14.6, ,     3.2, 
1966,    -9.1, ,   -10.3, ,    -2.7, ,     2.3, ,     7.6, ,    14.8, ,    16.5, ,    15.5, ,     9.8, ,     5.1, ,      .5, ,    -6.7, ,     3.6, ,    -9.9, ,     2.4, ,    15.6, ,     5.1, 
1967,   -11.8, ,   -15.5, ,   -10.6, ,     -.6, ,     5.2, ,    15.2, ,    19.0, ,    17.2, ,    12.6, ,     5.8, ,    -1.0, ,    -8.6, ,     2.2, ,   -11.3, ,    -2.0, ,    17.1, ,     5.8, 
1968,   -16.1, ,   -14.0, ,    -6.2, ,     4.0, ,     8.1, ,    13.6, ,    16.9, ,    12.8, ,    13.5, ,     7.7, ,    -2.7, ,    -7.5, ,     2.5, ,   -12.9, ,     2.0, ,    14.4, ,     6.2, 
1969,    -9.4, ,    -8.5, ,    -4.5, ,     -.3, ,     6.7, ,    15.0, ,    16.4, ,    16.4, ,    10.0, ,     4.3, ,     1.7, ,    -6.6, ,     3.4, ,    -8.5, ,      .6, ,    15.9, ,     5.3, 
1970,   -17.0, ,   -11.9, ,    -5.0, ,      .8, ,     8.4, ,    14.4, ,    18.9, ,    17.3, ,     9.5, , -9999.9,M, -9999.9,M,   -12.7, , -9999.9,M,   -11.8, ,     1.4, ,    16.9, , -9999.9,M
1971,   -15.8, ,   -12.5, ,    -5.2, ,     1.6, ,     9.7, ,    13.1, ,    16.7, ,    15.1, ,    12.0, ,     6.6, ,    -2.5, ,   -12.7,E,     2.2,E,   -13.7, ,     2.0, ,    15.0, ,     5.4, 
1972, -9999.9,M,   -15.8, ,    -9.1, ,     -.4, ,     8.2, ,    15.1, ,    16.3, ,    14.3, ,    11.5, ,     3.2, ,    -3.7, ,   -14.9, , -9999.9,M, -9999.9,M,     -.4, ,    15.2, ,     3.7, 
1973,   -13.0, ,   -12.3, ,    -3.6, ,     1.2, ,     7.6, ,    16.8, ,    19.6, ,    17.7, ,    10.7, ,     5.1, ,    -2.7, ,    -6.0, ,     3.4, ,   -13.4, ,     1.7, ,    18.0, ,     4.4, 
1974,   -16.4, ,   -14.2, ,    -7.6, , -9999.9,M,     5.1, ,    14.8, ,    16.9, ,    15.8, ,     9.7, ,     2.1, ,    -1.6, ,    -8.4, , -9999.9,M,   -12.2, , -9999.9,M,    15.8, ,     3.4, 
1975,   -14.2, ,   -14.0, ,    -6.7, ,      .0, ,     9.3, ,    15.3, ,    19.7, ,    15.8, ,    11.4, ,     5.2, ,     -.3, ,   -12.5, ,     2.4, ,   -12.2, ,      .9, ,    16.9, ,     5.4, 
1976,   -16.1, ,   -12.3, ,    -7.8, ,      .7, ,     9.1, ,    15.9, ,    17.1, ,    16.5, ,    10.0, ,     3.6, ,    -3.7, ,   -14.2, ,     1.6, ,   -13.6, ,      .7, ,    16.5, ,     3.3, 
1977,   -15.3, ,   -11.1, ,    -2.1, ,      .2, ,     8.8, ,    14.1, ,    16.0, ,    16.0, ,     9.7, ,     5.4, ,     1.0, ,    -9.1, ,     2.8, ,   -13.5, ,     2.3, ,    15.4, ,     5.4, 
1978,   -13.8, ,   -11.6, ,    -9.1, ,      .0, ,    10.1, ,    14.9, ,    17.1, ,    15.9, ,     8.2, ,     4.0, ,    -3.5, ,   -10.3, ,     1.8, ,   -11.5, ,      .3, ,    16.0, ,     2.9, 
1979,   -11.2, ,   -13.1, ,    -2.0, ,     3.1, ,    10.8, ,    16.0, ,    18.2, ,    15.3, ,    10.3, ,     6.5, ,      .2, ,    -8.5, ,     3.8, ,   -11.5, ,     4.0, ,    16.5, ,     5.7, 
1980,   -12.2, ,   -13.6, ,    -5.8, ,     3.2, ,     8.2, ,    13.7, ,    16.8, ,    17.6,E,     9.6,E,     3.5, ,    -1.8, ,   -14.1, ,     2.1,E,   -11.4, ,     1.9, ,    16.0,E,     3.8,E
1981,   -15.2, ,    -5.1, ,    -2.1, ,     1.4,E,     9.6, ,    14.4,E,    17.7,E,    16.0, ,    11.6,E,     4.5, ,     -.3, ,    -5.1, ,     4.0,E,   -11.5, ,     3.0,E,    16.0,E,     5.3,E
1982,   -16.6, ,   -14.0, ,    -6.3, ,     -.4, ,     9.0, ,    13.5, ,    17.3, , -9999.9,M,    11.3,E,     5.9, ,    -1.0, ,    -8.3, , -9999.9,M,   -11.9, ,      .8, , -9999.9,M,     5.4,E
1983,   -11.4, ,   -11.6, ,    -3.9, ,     3.4, ,     7.8,E, -9999.9,M,    16.6, ,    16.6, , -9999.9,M,     5.5,E,     -.9, ,   -10.6, , -9999.9,M,   -10.4, ,     2.4,E, -9999.9,M, -9999.9,M
1984, -9999.9,M, -9999.9,M,    -8.1, ,     2.8, ,     7.9,E,    14.0, ,    17.8,E,    17.6,E,    10.1,E,     5.0,E,     -.5, ,    -9.5, , -9999.9,M, -9999.9,M,      .9,E,    16.5,E,     4.9,E
1985,   -15.5,E,   -10.8,E,    -7.3, ,     -.4, ,     7.1,E,    13.2,E,    16.9, ,    15.6,E,    11.9, ,     5.1,E,    -3.3, ,   -12.9, ,     1.6,E,   -11.9,E,     -.2,E,    15.2,E,     4.6,E
1986,   -12.9,E,   -12.2, ,    -7.0, ,     3.7, ,     9.3,E,    11.2, ,    16.1, ,    15.0,E,     8.2,E,     3.3, ,    -5.2,E,   -10.3, ,     1.6,E,   -12.7,E,     2.0,E,    14.1,E,     2.1,E
1987,   -13.8, ,   -12.8, ,    -3.5, ,     5.3,E,     8.8, ,    13.5,E,    18.0,E,    15.2,E,    11.5, ,     5.9, , -9999.9,M,    -8.9, , -9999.9,M,   -12.3, ,     3.5,E,    15.6,E, -9999.9,M
1988,   -12.5, , -9999.9,M, -9999.9,M,     2.8,E,    10.8, ,    12.8, ,    18.4,E, -9999.9,M, -9999.9,M, -9999.9,M,     -.3,E,   -12.6,E, -9999.9,M, -9999.9,M, -9999.9,M, -9999.9,M, -9999.9,M
1989,   -13.8, ,   -14.7, ,    -8.9,E,     1.3, ,    11.7,E,    14.5,E,    16.5, ,    16.7,E,    12.3,E,     4.8,E,    -3.6,E,   -15.4, ,     1.8,E,   -13.7,E,     1.4,E,    15.9,E,     4.5,E
1990,   -11.4,E,   -14.5,E,    -6.6, ,     2.2, ,     7.7, ,    15.4, ,    17.0, ,    17.4, ,    10.5,E,     5.2,E,    -2.6, ,    -9.6, ,     2.6,E,   -13.8,E,     1.1, ,    16.6, ,     4.4,E
1991,   -18.5,E,   -12.8, ,    -5.0, ,     1.3, ,     8.3, ,    13.8, ,    16.4, ,    16.7, ,     9.2, ,     5.7,E,    -1.2,E,   -12.3,E,     1.8,E,   -13.6,E,     1.5, ,    15.6, ,     4.6,E
1992,   -14.8,E,   -13.8, ,    -8.8, ,      .6, ,     9.2,E,    13.5, ,    13.8, ,    15.6, ,    11.8, ,     3.9,E,    -4.1,E,    -9.3, ,     1.5,E,   -13.6,E,      .3,E,    14.3, ,     3.9,E
1993,   -16.8, ,   -18.9, ,    -7.7, ,     2.1, ,     8.3,E,    13.7,E,    16.0, ,    16.9, ,    10.4, ,     2.1, ,    -3.4,E,    -8.3, ,     1.2,E,   -15.0, ,      .9,E,    15.5,E,     3.0,E
1994,   -19.6, ,   -16.7,E,    -5.7, ,      .5,E,     6.8,E,    15.3,E,    17.8,E,    14.6, ,    10.5, ,     6.2, ,     -.3, ,    -8.7,E,     1.7,E,   -14.9,E,      .5,E,    15.9,E,     5.5, 
1995,   -11.7, ,   -16.0, ,    -6.2, ,     -.4, ,     7.5, ,    14.8, ,    18.2, ,    15.7, , -9999.9,M,     6.9, ,    -3.4,E,   -11.1, , -9999.9,M,   -12.1,E,      .3, ,    16.2, , -9999.9,M
1996,   -14.7,E,   -12.0, ,    -6.4, ,     2.2, ,     7.0,E,    14.9, ,    16.5, ,    15.8, ,    11.2, ,     4.0,E,    -2.4, ,    -5.7,E,     2.5,E,   -12.6,E,      .9,E,    15.7, ,     4.3,E
1997,   -14.4,E,   -14.2, ,    -9.5, ,     -.1, ,     6.5, ,    13.3,E,    16.5, , -9999.9,M, -9999.9,M, -9999.9,M, -9999.9,M, -9999.9,M, -9999.9,M,   -11.4,E,    -1.0, , -9999.9,M, -9999.9,M
1998, -9999.9,M, -9999.9,M, -9999.9,M,     2.8, ,    11.7, ,    14.9, ,    17.2,E,    15.4,E,    11.2, ,     5.3, ,    -2.2, ,    -9.4, , -9999.9,M, -9999.9,M, -9999.9,M,    15.8,E,     4.8, 
1999,   -14.4, ,    -9.5, ,    -2.2, ,     2.2, ,    11.9, ,    16.2, ,    17.7, ,    15.8, ,    15.1, ,     3.4, ,      .2, ,    -8.0,E,     4.0,E,   -11.1, ,     4.0, ,    16.6, ,     6.2, 
2000,   -13.2,E,   -11.4,E,    -2.8, ,     1.5,E,     7.5, ,    13.0, ,    16.3, ,    16.0, ,    10.3, ,     4.5, ,      .4, ,   -10.5, ,     2.6,E,   -10.9,E,     2.1,E,    15.1, ,     5.1, 
2001,   -13.7, ,   -12.5, ,    -6.0, ,     1.4, ,    11.5,E,    14.7, ,    17.2,E,    17.4, ,    12.4, ,     6.0, ,      .3, ,    -4.6, ,     3.7,E,   -12.2, ,     2.3,E,    16.4,E,     6.2, 
2002,   -11.7, ,   -11.2,E,    -6.7,E,     1.1,E,     7.4, ,    12.2,E,    16.8,E,    16.8,E,    12.3,E,     3.7, ,    -3.4, ,    -9.7,E,     2.3,E,    -9.2,E,      .6,E,    15.3,E,     4.2,E
2003,   -16.5,E,   -15.6, ,    -7.5,E,    -1.2, ,     8.4,E,    15.2, ,    17.2, ,    16.2,E,    13.3,E,     4.9,E,     -.9,E,    -7.1,E,     2.2,E,   -13.9,E,     -.1,E,    16.2,E,     5.8,E
2004,   -16.6,E,   -11.0,E,    -5.9, ,     2.0,E,     8.1,E,    12.1, ,    17.7, ,    16.3, ,    11.1,E,     6.0, ,    -2.7,E,   -10.7,E,     2.2,E,   -11.6,E,     1.4,E,    15.4, ,     4.8,E
2005,   -16.5,E,   -10.5,E,    -5.7,E,     2.7,E,     8.3,E,    15.3,E,    17.8,E,    16.5, ,    12.6,E,     7.2,E,     -.3, ,    -8.5,E,     3.2,E,   -12.6,E,     1.8,E,    16.5,E,     6.5,E
2006,   -10.2, ,   -12.7, ,    -3.4,E,     3.9,E,    10.9,E,    16.4,E,    18.2,E,    14.5,E,    10.7,E,     5.5,E,     1.3,E,    -6.1, ,     4.1,E,   -10.5,E,     3.8,E,    16.4,E,     5.8,E
2007,   -12.1,E,   -13.1,E,    -6.6, ,     1.1, ,     8.3,E,    14.6,E,    17.1, ,    15.0,E,    11.6,E,     7.1,E,    -2.8,E,   -11.5,E,     2.4,E,   -10.4,E,      .9,E,    15.6,E,     5.3,E
2008,   -11.8,E,   -11.8, ,    -9.3,E,     3.3,E,     8.9,E,    14.3,E,    18.6, ,    16.8,E,    11.3,E,     5.2,E,      .3,E,   -10.9,E,     2.9,E,   -11.7,E,     1.0,E,    16.6,E,     5.6,E
2009,   -17.3,E,    -8.9,E,    -7.0,E,     2.8,E,     8.4, ,    14.7,E,    17.1, ,    17.1,E,    11.1,E,     3.2,E,     1.2,E,    -7.3,E,     2.9,E,   -12.4,E,     1.4,E,    16.3,E,     5.2,E
2010,    -8.0,E,    -5.1, ,    -2.5,E,     5.1, ,    10.5,E,    13.8,E,    19.5,E,    17.5,E,    11.8,E,     5.4,E,     -.9, ,    -2.1, ,     5.4,E,    -6.8,E,     4.4,E,    16.9,E,     5.4,E
2011,   -11.8, , -9999.9,M, -9999.9,M, -9999.9,M,     8.4, ,    14.0, ,    17.5, ,    16.5, ,    12.4, ,     7.2, ,      .9, , -9999.9,M, -9999.9,M, -9999.9,M, -9999.9,M,    16.0, ,     6.8, 
2012,   -12.1, ,   -10.4, ,    -2.4, ,     3.1, ,     9.9, ,    14.8, ,    17.6, , -9999.9,M,    12.7, ,     7.1, ,    -1.1, ,    -6.2, , -9999.9,M, -9999.9,M,     3.5, , -9999.9,M,     6.2, 
