7024740,MONTREAL TAVISH,QC, station joined    , Monthly mean of homogenized daily mean temperature                     , °C,          Updated to December 2012
7024740,MONTREAL TAVISH,QC, station jointe    , Moyenne mensuelle des températures homogénéisées moyennes quotidiennes , °C, Mise à jour jusqu à décembre 2012
Year,     Jan, ,     Feb, ,     Mar, ,     Apr, ,     May, ,     Jun, ,     Jul, ,     Aug, ,     Sep, ,     Oct, ,     Nov, ,     Dec, ,  Annual, ,  Winter, ,  Spring, ,  Summer, ,  Autumn
Year,    Janv, ,     Fév, ,    Mars, ,     Avr, ,     Mai, ,    Juin, ,    Juil, ,    Août, ,    Sept, ,     Oct, ,     Nov, ,     Déc, ,  Annuel, ,   Hiver, ,Printemp, ,     Eté, , Automne
1871, -9999.9,M, -9999.9,M, -9999.9,M, -9999.9,M, -9999.9,M, -9999.9,M,    21.6, ,    21.8, ,    16.0, ,    10.3, ,     -.1, ,    -7.8, , -9999.9,M, -9999.9,M, -9999.9,M, -9999.9,M,     8.7, 
1872,    -7.3, ,    -6.3, ,    -6.0, ,     7.2, ,    15.0, ,    20.3, ,    22.5, ,    22.8, ,    17.8, ,     9.3, ,     1.2, ,   -10.4, ,     7.2, ,    -7.1, ,     5.4, ,    21.9, ,     9.4, 
1873,    -9.8, ,    -7.9, ,    -2.0, ,     5.5, ,    13.4, ,    18.7, ,    21.9, ,    20.8, ,    15.8, ,    10.6, ,    -2.9, , -9999.9,M, -9999.9,M,    -9.4, ,     5.6, ,    20.5, ,     7.8, 
1874,    -8.3, ,    -9.8, ,    -4.5, ,      .0, ,    11.3, ,    17.2, ,    20.3, ,    19.2, ,    16.8, ,     8.8, ,     -.4, ,    -9.8, ,     5.1, , -9999.9,M,     2.3, ,    18.9, ,     8.4, 
1875,   -14.4, ,   -13.4, ,    -6.0, ,     2.3, ,    11.6, ,    17.8, ,    19.7, ,    20.6, ,    13.1, ,     5.1, ,    -4.3, ,    -8.7, ,     3.6, ,   -12.5, ,     2.6, ,    19.4, ,     4.6, 
1876,    -7.7, ,    -9.9, ,    -4.1, ,     3.5, ,    10.9, ,    19.9, ,    21.7, ,    21.1, ,    13.6, ,     5.9, ,     1.5, ,   -11.6, ,     5.4, ,    -8.8, ,     3.4, ,    20.9, ,     7.0, 
1877,   -12.1, ,    -2.7, ,    -3.9, ,     7.1, ,    13.3, ,    18.4, ,    21.9, ,    21.1, ,    16.9, ,     7.2, ,     1.9, ,    -3.1, ,     7.2, ,    -8.8, ,     5.5, ,    20.5, ,     8.7, 
1878,    -9.9, ,    -5.6, ,      .4, ,     9.3, ,    12.9, ,    17.9, ,    22.3, ,    20.4, ,    16.7, ,    10.6, ,      .9, ,    -6.4, ,     7.5, ,    -6.2, ,     7.5, ,    20.2, ,     9.4, 
1879,   -11.0, ,   -11.5, ,    -4.0, ,     3.6, ,    13.8, ,    16.7, ,    19.8, ,    18.3, ,    13.7, ,    11.5, ,     -.7, ,    -9.3, ,     5.1, ,    -9.6, ,     4.5, ,    18.3, ,     8.2, 
1880,    -5.6, ,    -7.2, ,    -5.6, ,     3.6, ,    14.6, ,    18.9, ,    20.9, ,    19.3, ,    16.7, ,     7.9, ,    -1.8, ,    -9.1, ,     6.1, ,    -7.4, ,     4.2, ,    19.7, ,     7.6, 
1881,   -12.9, ,    -8.0, ,     -.8, ,     4.2, ,    13.8, ,    16.4, ,    21.2, ,    20.8, ,    18.2, ,     7.7, ,      .0, ,    -2.1, ,     6.5, ,   -10.0, ,     5.7, ,    19.5, ,     8.6, 
1882,   -10.8, ,    -6.6, ,    -3.5, ,     2.0, ,    10.2, ,    17.3, ,    20.3, ,    20.4, ,    14.9, ,    10.2, ,     -.2, ,    -8.3, ,     5.5, ,    -6.5, ,     2.9, ,    19.3, ,     8.3, 
1883,   -13.8, ,   -10.4, ,    -8.7, ,     2.8, ,    10.8, ,    19.2, ,    19.8, ,    19.3, ,    13.7, ,     6.6, ,     1.4, ,    -9.0, ,     4.3, ,   -10.8, ,     1.6, ,    19.4, ,     7.2, 
1884,   -14.1, ,    -8.3, ,    -4.3, ,     5.1, ,    11.5, ,    19.7, ,    18.9, ,    20.6, ,    16.5, ,     7.1, ,     -.7, ,    -7.8, ,     5.4, ,   -10.5, ,     4.1, ,    19.7, ,     7.6, 
1885,   -10.6, ,   -13.9, ,   -10.3, ,     3.0, ,    13.0, ,    17.4, ,    20.8, ,    17.4, ,    13.2, ,     7.2, ,      .5, ,    -7.5, ,     4.2, ,   -10.8, ,     1.9, ,    18.5, ,     7.0, 
1886,   -10.7, ,   -11.1, ,    -5.1, ,     6.8, ,    12.8, ,    17.3, ,    20.1, ,    19.4, ,    14.2, ,     7.9, ,      .6, ,    -9.8, ,     5.2, ,    -9.8, ,     4.8, ,    18.9, ,     7.6, 
1887,   -13.5, ,   -10.0, ,    -6.8, ,     2.0, ,    16.2, ,    19.0, ,    23.1, ,    18.6, ,    13.5, ,     6.2, ,     -.7, ,    -7.8, ,     5.0, ,   -11.1, ,     3.8, ,    20.2, ,     6.3, 
1888,   -15.4, ,   -11.0, ,    -5.5, ,     2.6, ,    12.1, ,    18.9, ,    19.9, ,    18.2, ,    13.2, ,     4.5, ,      .6, ,    -4.9, ,     4.4, ,   -11.4, ,     3.1, ,    19.0, ,     6.1, 
1889,    -6.3, ,   -11.7, ,    -1.9, ,     6.4, ,    14.1, ,    17.0, ,    20.2, ,    18.3, ,    15.5, ,     4.7, ,     1.7, ,    -4.5, ,     6.1, ,    -7.6, ,     6.2, ,    18.5, ,     7.3, 
1890,    -9.4, ,    -7.9, ,    -3.6, ,     4.8, ,    10.9, ,    17.9, ,    20.5, ,    18.2, ,    14.1, ,     7.8, ,     -.1, ,   -13.0, ,     5.0, ,    -7.3, ,     4.0, ,    18.9, ,     7.3, 
1891,    -8.9, ,    -8.0, ,    -3.5, ,     5.6, ,    11.7, ,    18.8, ,    19.2, ,    19.4, ,    17.1, ,     7.6, ,     1.5, ,    -1.2, ,     6.6, ,   -10.0, ,     4.6, ,    19.1, ,     8.7, 
1892,   -10.0, ,    -8.0, ,    -5.1, ,     5.2, ,    11.7, ,    18.8, ,    21.1, ,    19.4, ,    14.9, ,     8.2, ,      .7, ,    -7.4, ,     5.8, ,    -6.4, ,     3.9, ,    19.8, ,     7.9, 
1893,   -14.8, ,   -10.9, ,    -3.9, ,     2.9, ,    12.9, ,    20.2, ,    20.4, ,    20.1, ,    12.7, ,    10.4, ,     1.5, ,   -10.2, ,     5.1, ,   -11.0, ,     4.0, ,    20.2, ,     8.2, 
1894,   -10.3, ,   -10.5, ,      .2, ,     6.9, ,    13.9, ,    19.2, ,    20.6, ,    17.1, ,    15.8, ,     9.5, ,     -.8, ,    -5.3, ,     6.4, ,   -10.3, ,     7.0, ,    19.0, ,     8.2, 
1895,    -9.2, ,    -9.9, ,    -5.0, ,     5.6, ,    14.7, ,    21.2, ,    19.7, ,    19.3, ,    15.5, ,     5.3, ,     1.5, ,    -5.2, ,     6.1, ,    -8.1, ,     5.1, ,    20.1, ,     7.4, 
1896,   -11.0, ,    -9.9, ,    -6.7, ,     5.6, ,    14.8, ,    18.1, ,    20.5, ,    19.5, ,    13.6, ,     6.2, ,     1.8, ,    -7.9, ,     5.4, ,    -8.7, ,     4.6, ,    19.4, ,     7.2, 
1897,    -9.7, ,    -7.8, ,    -3.1, ,     5.8, ,    12.1, ,    16.2, ,    22.1, ,    18.2, ,    14.4, ,     8.7, ,     -.6, ,    -6.7, ,     5.8, ,    -8.5, ,     4.9, ,    18.8, ,     7.5, 
1898,   -11.1, ,    -6.7, ,     1.3, ,     5.9, ,    13.5, ,    18.3, ,    21.4, ,    19.9, ,    15.8, ,     8.5, ,     1.1, ,    -7.1, ,     6.7, ,    -8.2, ,     6.9, ,    19.9, ,     8.5, 
1899,    -9.5, ,    -9.0, ,    -5.2, ,     6.1, ,    13.7, ,    19.0, ,    20.2, ,    20.8, ,    13.3, ,     9.2, ,     1.1, ,    -4.3, ,     6.3, ,    -8.5, ,     4.9, ,    20.0, ,     7.9, 
1900,    -8.6, ,    -8.4, ,    -7.1, ,     6.4, ,    11.2, ,    18.8, ,    20.3, ,    20.3, ,    15.7, ,    11.5, ,      .6, ,    -7.8, ,     6.1, ,    -7.1, ,     3.5, ,    19.8, ,     9.3, 
1901,   -10.3, ,   -10.9, ,    -3.9, ,     6.7, ,    13.8, ,    19.7, ,    21.7, ,    20.0, ,    15.9, ,     8.8, ,    -1.5, ,    -5.9, ,     6.2, ,    -9.7, ,     5.5, ,    20.5, ,     7.7, 
1902,   -10.5, ,    -8.3, ,     1.4, ,     7.3, ,    12.2, ,    15.7, ,    19.8, ,    18.4, ,    15.9, ,     7.3, ,     3.7, ,    -9.0, ,     6.2, ,    -8.2, ,     7.0, ,    18.0, ,     9.0, 
1903,    -9.8, ,    -7.4, ,     1.2, ,     6.8, ,    14.5, ,    17.5, ,    20.2, ,    16.8, ,    15.7, ,     9.4, ,      .2, ,    -9.9, ,     6.3, ,    -8.7, ,     7.5, ,    18.2, ,     8.4, 
1904,   -13.6, ,   -13.9, ,    -4.4, ,     4.2, ,    15.6, ,    18.1, ,    20.5, ,    18.2, ,    12.6, ,     6.5, ,     -.9, ,   -12.7, ,     4.2, ,   -12.5, ,     5.1, ,    18.9, ,     6.1, 
1905,   -12.8, ,   -12.1, ,    -3.9, ,     5.6, ,    12.2, ,    17.7, ,    21.1, ,    19.0, ,    15.0, ,     7.9, ,      .1, ,    -5.7, ,     5.3, ,   -12.5, ,     4.6, ,    19.3, ,     7.7, 
1906,    -6.1, ,    -8.4, ,    -5.7, ,     5.5, ,    11.5, ,    18.7, ,    21.5, ,    21.5, ,    16.2, ,     8.9, ,      .4, ,   -10.0, ,     6.2, ,    -6.7, ,     3.8, ,    20.6, ,     8.5, 
1907,   -11.9, ,   -12.6, ,    -2.5, ,     2.9, ,     9.0, ,    18.7, ,    20.8, ,    18.3, ,    14.5, ,     6.4, ,      .8, ,    -4.1, ,     5.0, ,   -11.5, ,     3.1, ,    19.3, ,     7.2, 
1908,   -10.3, ,   -11.0, ,    -3.5, ,     2.9, ,    14.0, ,    19.3, ,    22.1, ,    19.2, ,    17.6, ,    10.1, ,     1.6, ,    -8.6, ,     6.1, ,    -8.5, ,     4.5, ,    20.2, ,     9.8, 
1909,    -9.3, ,    -8.6, ,    -3.5, ,     3.6, ,    12.3, ,    18.9, ,    19.8, ,    19.6, ,    14.6, ,     8.2, ,     2.6, ,    -6.0, ,     6.0, ,    -8.8, ,     4.1, ,    19.4, ,     8.5, 
1910,    -6.3, ,    -9.5, ,     1.0, ,     8.3, ,    12.6, ,    17.7, ,    21.4, ,    19.2, ,    13.8, ,     8.5, ,      .8, ,   -10.1, ,     6.5, ,    -7.3, ,     7.3, ,    19.4, ,     7.7, 
1911,   -10.7, ,   -10.9, ,    -4.9, ,     4.5, ,    17.1, ,    18.6, ,    22.7, ,    21.1, ,    13.7, ,     9.0, ,      .0, ,    -2.2, ,     6.5, ,   -10.6, ,     5.6, ,    20.8, ,     7.6, 
1912,   -15.0, ,   -10.3, ,    -5.8, ,     4.2, ,    13.6, ,    16.3, ,    21.7, ,    17.4, ,    14.3, ,     9.5, ,     1.6, ,    -4.4, ,     5.3, ,    -9.2, ,     4.0, ,    18.5, ,     8.5, 
1913,    -5.5, ,   -10.9, ,    -1.9, ,     7.7, ,    12.2, ,    17.6, ,    20.9, ,    19.0, ,    13.5, ,    10.6, ,     3.9, ,    -3.1, ,     7.0, ,    -6.9, ,     6.0, ,    19.2, ,     9.3, 
1914,   -11.0, ,   -13.4, ,    -2.6, ,     3.4, ,    14.9, ,    16.8, ,    20.2, ,    19.0, ,    14.9, ,     9.5, ,     -.5, ,    -7.5, ,     5.3, ,    -9.2, ,     5.2, ,    18.7, ,     8.0, 
1915,    -8.1, ,    -5.9, ,    -3.1, ,     9.0, ,    11.3, ,    18.6, ,    21.0, ,    19.4, ,    16.7, ,     9.9, ,     1.9, ,    -4.6, ,     7.2, ,    -7.2, ,     5.7, ,    19.7, ,     9.5, 
1916,    -7.2, ,   -11.3, ,    -6.5, ,     6.8, ,    12.8, ,    17.4, ,    22.9, ,    21.3, ,    15.2, ,     8.5, ,      .0, ,    -6.6, ,     6.1, ,    -7.7, ,     4.4, ,    20.5, ,     7.9, 
1917,   -11.2, ,   -13.0, ,    -3.1, ,     4.1, ,     9.2, ,    16.9, ,    22.0, ,    20.1, ,    13.7, ,     6.1, ,    -1.7, ,   -12.8, ,     4.2, ,   -10.3, ,     3.4, ,    19.7, ,     6.0, 
1918,   -13.5, ,   -11.1, ,    -3.5, ,     5.8, ,    15.0, ,    16.4, ,    21.5, ,    19.5, ,    12.6, ,     8.7, ,     1.6, ,    -5.5, ,     5.6, ,   -12.5, ,     5.8, ,    19.1, ,     7.6, 
1919,    -7.5, ,    -6.6, ,    -2.1, ,     3.6, ,    13.1, ,    20.4, ,    21.5, ,    19.1, ,    14.6, ,     7.7, ,      .5, ,    -9.0, ,     6.3, ,    -6.5, ,     4.9, ,    20.3, ,     7.6, 
1920,   -15.3, ,    -8.9, ,    -1.3, ,     4.6, ,    14.0, ,    18.9, ,    20.0, ,    21.4, ,    15.9, ,    11.2, ,     -.3, ,    -5.6, ,     6.2, ,   -11.1, ,     5.8, ,    20.1, ,     8.9, 
1921,    -8.0, ,    -7.3, ,      .8, ,     8.1, ,    15.3, ,    19.7, ,    24.7, ,    19.5, ,    16.6, ,     8.1, ,    -1.3, ,    -7.0, ,     7.4, ,    -7.0, ,     8.1, ,    21.3, ,     7.8, 
1922,   -10.7, ,    -8.8, ,    -1.0, ,     5.8, ,    15.0, ,    18.2, ,    20.7, ,    19.2, ,    16.0, ,     7.2, ,     2.1, ,    -7.6, ,     6.3, ,    -8.8, ,     6.6, ,    19.4, ,     8.4, 
1923,   -11.4, ,   -12.7, ,    -7.3, ,     3.5, ,    11.7, ,    18.7, ,    19.6, ,    18.8, ,    15.1, ,     9.0, ,     2.0, ,    -1.2, ,     5.5, ,   -10.6, ,     2.6, ,    19.0, ,     8.7, 
1924,    -9.9, ,   -11.5, ,    -1.0, ,     5.1, ,    10.2, ,    17.9, ,    20.5, ,    19.8, ,    13.6, ,     9.1, ,     2.2, ,    -8.9, ,     5.6, ,    -7.5, ,     4.8, ,    19.4, ,     8.3, 
1925,   -13.1, ,    -5.2, ,     -.1, ,     5.9, ,    10.6, ,    18.9, ,    19.7, ,    20.9, ,    14.1, ,     4.5, ,      .8, ,    -6.5, ,     5.9, ,    -9.1, ,     5.5, ,    19.8, ,     6.5, 
1926,    -9.5, ,    -9.6, ,    -5.6, ,     1.5, ,    11.5, ,    16.2, ,    20.7, ,    19.6, ,    14.0, ,     7.6, ,      .9, ,    -8.6, ,     4.9, ,    -8.5, ,     2.5, ,    18.8, ,     7.5, 
1927,    -8.9, ,    -8.0, ,     -.4, ,     6.1, ,    11.5, ,    16.5, ,    20.7, ,    18.3, ,    15.6, ,     9.9, ,     2.4, ,    -4.9, ,     6.6, ,    -8.5, ,     5.7, ,    18.5, ,     9.3, 
1928,    -8.9, ,    -8.9, ,    -3.5, ,     2.9, ,    12.5, ,    17.7, ,    21.6, ,    21.4, ,    13.3, ,     8.6, ,     1.6, ,    -2.9, ,     6.3, ,    -7.6, ,     4.0, ,    20.2, ,     7.8, 
1929,    -9.9, ,    -8.2, ,    -1.1, ,     4.9, ,    12.5, ,    18.3, ,    21.1, ,    18.4, ,    15.9, ,     8.5, ,     1.7, ,    -7.9, ,     6.2, ,    -7.0, ,     5.4, ,    19.3, ,     8.7, 
1930,    -7.9, ,    -8.0, ,    -3.2, ,     4.6, ,    13.7, ,    20.8, ,    20.9, ,    19.4, ,    16.0, ,     9.7, ,     3.5, ,    -5.0, ,     7.0, ,    -7.9, ,     5.0, ,    20.4, ,     9.7, 
1931,    -9.7, ,    -7.5, ,     1.1, ,     8.1, ,    14.1, ,    19.4, ,    23.3, ,    20.6, ,    16.5, ,    10.8, ,     5.3, ,    -4.1, ,     8.2, ,    -7.4, ,     7.8, ,    21.1, ,    10.9, 
1932,    -3.0, ,    -7.9, ,    -4.9, ,     4.2, ,    13.9, ,    18.6, ,    20.3, ,    21.2, ,    16.2, ,     9.6, ,     -.1, ,    -3.3, ,     7.1, ,    -5.0, ,     4.4, ,    20.0, ,     8.6, 
1933,    -3.5, ,    -5.8, ,    -3.3, ,     5.7, ,    14.1, ,    20.5, ,    21.1, ,    20.2, ,    16.4, ,     8.3, ,    -3.5, ,   -11.7, ,     6.5, ,    -4.2, ,     5.5, ,    20.6, ,     7.1, 
1934,   -10.0, ,   -15.7, ,    -4.5, ,     5.6, ,    14.5, ,    19.1, ,    21.8, ,    18.3, ,    17.7, ,     7.0, ,     3.2, ,    -9.1, ,     5.7, ,   -12.5, ,     5.2, ,    19.7, ,     9.3, 
1935,   -12.9, ,    -9.0, ,    -2.4, ,     6.3, ,    11.3, ,    18.4, ,    22.5, ,    20.6, ,    13.7, ,     9.0, ,     3.0, ,    -8.8, ,     6.0, ,   -10.3, ,     5.1, ,    20.5, ,     8.6, 
1936,   -10.5, ,   -10.8, ,      .7, ,     4.8, ,    13.4, ,    18.6, ,    20.2, ,    18.6, ,    15.3, ,     7.6, ,    -1.6, ,    -5.1, ,     5.9, ,   -10.0, ,     6.3, ,    19.1, ,     7.1, 
1937,    -4.6, ,    -5.1, ,    -4.7, ,     6.1, ,    14.8, ,    19.2, ,    22.3, ,    22.4, ,    15.1, ,     8.4, ,     2.2, ,    -7.2, ,     7.4, ,    -4.9, ,     5.4, ,    21.3, ,     8.6, 
1938,    -9.8, ,    -8.3, ,    -2.7, ,     7.1, ,    13.0, ,    19.7, ,    21.4, ,    21.7, ,    13.7, ,    10.3, ,     3.3, ,    -4.2, ,     7.1, ,    -8.4, ,     5.8, ,    20.9, ,     9.1, 
1939,    -9.5, ,    -9.2, ,    -5.1, ,     2.7, ,    13.4, ,    18.3, ,    21.6, ,    21.9, ,    14.5, ,     8.3, ,      .4, ,    -5.6, ,     6.0, ,    -7.6, ,     3.7, ,    20.6, ,     7.7, 
1940,   -11.9, ,    -8.0, ,    -4.5, ,     4.4, ,    13.6, ,    17.9, ,    21.4, ,    20.2, ,    15.6, ,     7.5, ,      .8, ,    -6.1, ,     5.9, ,    -8.5, ,     4.5, ,    19.8, ,     8.0, 
1941,   -11.0, ,    -7.3, ,    -4.2, ,     9.8, ,    14.3, ,    19.9, ,    22.3, ,    18.9, ,    15.6, ,     8.2, ,     2.3, ,    -4.8, ,     7.0, ,    -8.1, ,     6.6, ,    20.4, ,     8.7, 
1942,    -9.4, ,    -8.3, ,      .9, ,     7.7, ,    15.6, ,    19.3, ,    20.8, ,    19.8, ,    15.7, ,     9.9, ,     1.6, ,    -9.2, ,     7.0, ,    -7.5, ,     8.1, ,    20.0, ,     9.1, 
1943,   -12.7, ,    -7.5, ,    -3.8, ,     2.2, ,    13.1, ,    18.7, ,    21.5, ,    19.3, ,    14.0, ,     8.9, ,     1.6, ,    -8.5, ,     5.6, ,    -9.8, ,     3.8, ,    19.8, ,     8.2, 
1944,    -6.5, ,    -8.6, ,    -4.1, ,     4.1, ,    16.4, ,    18.5, ,    21.9, ,    22.3, ,    15.9, ,     8.5, ,     2.9, ,    -8.7, ,     6.9, ,    -7.9, ,     5.5, ,    20.9, ,     9.1, 
1945,   -13.2, ,    -6.6, ,     3.3, ,     9.4, ,    11.2, ,    18.3, ,    21.2, ,    20.6, ,    16.1, ,     8.1, ,     1.9, ,    -7.5, ,     6.9, ,    -9.5, ,     8.0, ,    20.0, ,     8.7, 
1946,    -9.1, ,   -11.0, ,     4.0, ,     6.0, ,    12.3, ,    18.5, ,    20.8, ,    18.4, ,    16.9, ,    11.0, ,     3.0, ,    -5.2, ,     7.1, ,    -9.2, ,     7.4, ,    19.2, ,    10.3, 
1947,    -7.8, ,    -9.2, ,    -1.2, ,     3.6, ,    11.0, ,    17.6, ,    21.6, ,    22.4, ,    15.3, ,    13.6, ,     1.8, ,    -7.5, ,     6.8, ,    -7.4, ,     4.5, ,    20.5, ,    10.2, 
1948,   -11.0, ,    -9.6, ,    -2.5, ,     6.6, ,    12.7, ,    17.7, ,    21.5, ,    21.1, ,    17.2, ,     9.1, ,     6.0, ,    -2.5, ,     7.2, ,    -9.4, ,     5.6, ,    20.1, ,    10.8, 
1949,    -5.8, ,    -5.7, ,    -2.2, ,     7.5, ,    13.5, ,    20.6, ,    22.9, ,    21.5, ,    14.6, ,    12.0, ,     -.2, ,    -3.2, ,     8.0, ,    -4.7, ,     6.3, ,    21.7, ,     8.8, 
1950,    -5.3, ,    -9.8, ,    -4.9, ,     4.7, ,    14.1, ,    19.0, ,    21.3, ,    19.1, ,    13.6, ,    10.1, ,     4.0, ,    -4.8, ,     6.8, ,    -6.1, ,     4.6, ,    19.8, ,     9.2, 
1951,    -7.4, ,    -6.5, ,     -.5, ,     7.3, ,    14.4, ,    18.3, ,    21.3, ,    18.7, ,    15.1, ,    10.4, ,      .2, ,    -5.3, ,     7.2, ,    -6.2, ,     7.1, ,    19.4, ,     8.6, 
1952,    -7.8, ,    -5.3, ,    -1.0, ,     8.0, ,    12.4, ,    19.6, ,    23.1, ,    20.7, ,    16.0, ,     7.7, ,     3.7, ,    -3.2, ,     7.8, ,    -6.1, ,     6.5, ,    21.1, ,     9.1, 
1953,    -5.6, ,    -4.9, ,      .1, ,     7.2, ,    14.5, ,    19.7, ,    21.9, ,    20.5, ,    16.0, ,    10.8, ,     5.5, ,    -1.4, ,     8.7, ,    -4.6, ,     7.3, ,    20.7, ,    10.8, 
1954,   -12.0, ,    -3.9, ,    -1.9, ,     6.5, ,    12.7, ,    18.6, ,    20.1, ,    19.3, ,    14.1, ,    10.7, ,     3.2, ,    -5.3, ,     6.8, ,    -5.8, ,     5.8, ,    19.3, ,     9.3, 
1955,    -9.8, ,    -7.2, ,    -3.2, ,     7.8, ,    16.1, ,    20.6, ,    24.3, ,    23.1, ,    16.0, ,    10.3, ,     2.1, ,    -9.0, ,     7.6, ,    -7.4, ,     6.9, ,    22.7, ,     9.5, 
1956,    -6.1, ,    -5.9, ,    -4.3, ,     5.3, ,    10.6, ,    18.6, ,    19.9, ,    20.3, ,    14.0, ,    11.0, ,     3.0, ,    -5.0, ,     6.8, ,    -7.0, ,     3.9, ,    19.6, ,     9.3, 
1957,   -12.0, ,    -5.2, ,     -.4, ,     7.9, ,    13.2, ,    20.5, ,    21.0, ,    19.6, ,    16.7, ,    10.3, ,     4.2, ,    -2.4, ,     7.8, ,    -7.4, ,     6.9, ,    20.4, ,    10.4, 
1958,    -6.6, ,   -10.0, ,      .9, ,     8.0, ,    12.1, ,    16.3, ,    21.1, ,    20.5, ,    16.1, ,     9.0, ,     3.6, ,   -10.7, ,     6.7, ,    -6.3, ,     7.0, ,    19.3, ,     9.6, 
1959,    -9.4, ,   -10.1, ,    -2.8, ,     7.2, ,    15.7, ,    18.7, ,    23.3, ,    22.3, ,    18.5, ,     9.0, ,     1.6, ,    -4.1, ,     7.5, ,   -10.1, ,     6.7, ,    21.4, ,     9.7, 
1960,    -8.7, ,    -4.7, ,    -3.9, ,     6.3, ,    17.1, ,    19.5, ,    20.5, ,    21.2, ,    16.7, ,     9.5, ,     5.3, ,    -6.0, ,     7.7, ,    -5.8, ,     6.5, ,    20.4, ,    10.5, 
1961,   -12.0, ,    -6.0, ,    -2.1, ,     5.7, ,    12.5, ,    18.3, ,    21.5, ,    20.8, ,    19.9, ,    11.8, ,     3.8, ,    -3.6, ,     7.6, ,    -8.0, ,     5.4, ,    20.2, ,    11.8, 
1962,    -8.6, ,    -9.3, ,      .6, ,     6.2, ,    15.4, ,    20.1, ,    19.7, ,    20.3, ,    14.8, ,     9.3, ,     1.8, ,    -5.5, ,     7.1, ,    -7.2, ,     7.4, ,    20.0, ,     8.6, 
1963,    -8.1, ,   -10.8, ,    -1.9, ,     6.7, ,    13.4, ,    20.1, ,    22.3, ,    18.5, ,    14.0, ,    13.8, ,     5.0, ,   -10.3, ,     6.9, ,    -8.1, ,     6.1, ,    20.3, ,    10.9, 
1964,    -4.7, ,    -6.0, ,     -.2, ,     7.3, ,    16.1, ,    19.6, ,    22.5, ,    18.5, ,    15.4, ,     9.3, ,     2.6, ,    -4.5, ,     8.0, ,    -7.0, ,     7.7, ,    20.2, ,     9.1, 
1965,    -9.5, ,    -7.9, ,    -1.1, ,     6.2, ,    15.4, ,    19.1, ,    19.9, ,    19.6, ,    16.3, ,     8.7, ,      .9, ,    -3.1, ,     7.0, ,    -7.3, ,     6.8, ,    19.5, ,     8.6, 
1966,    -9.1, ,    -6.1, ,      .2, ,     6.4, ,    12.3, ,    19.5, ,    21.9, ,    20.5, ,    14.7, ,     9.8, ,     5.0, ,    -5.0, ,     7.5, ,    -6.1, ,     6.3, ,    20.6, ,     9.8, 
1967,    -5.3, ,   -11.3, ,    -3.4, ,     5.9, ,    10.4, ,    20.9, ,    22.3, ,    20.8, ,    16.6, ,     9.9, ,     1.3, ,    -3.7, ,     7.0, ,    -7.2, ,     4.3, ,    21.3, ,     9.3, 
1968,   -12.2, ,   -10.0, ,      .8, ,    10.0, ,    13.4, ,    17.4, ,    22.1, ,    19.3, ,    18.2, ,    12.1, ,     1.0, ,    -7.6, ,     7.0, ,    -8.6, ,     8.1, ,    19.6, ,    10.4, 
1969,    -7.1, ,    -5.1, ,    -2.1, ,     6.2, ,    12.3, ,    18.9, ,    21.7, ,    22.1, ,    15.5, ,     9.3, ,     3.7, ,    -6.1, ,     7.4, ,    -6.6, ,     5.5, ,    20.9, ,     9.5, 
1970,   -13.1, ,    -8.1, ,    -1.9, ,     7.2, ,    13.4, ,    19.6, ,    23.2, ,    22.2, ,    16.3, ,    11.9, ,     4.5, ,    -8.9, ,     7.2, ,    -9.1, ,     6.2, ,    21.7, ,    10.9, 
1971,   -11.4, ,    -6.5, ,    -2.7, ,     5.0, ,    14.4, ,    19.9, ,    21.7, ,    20.3, ,    18.6, ,    12.7, ,     1.4, ,    -5.4, ,     7.3, ,    -8.9, ,     5.6, ,    20.6, ,    10.9, 
1972,    -6.9, ,    -9.7, ,    -4.2, ,     3.9, ,    15.1, ,    18.7, ,    21.9, ,    19.8, ,    17.0, ,     7.3, ,     1.3, ,    -7.0, ,     6.4, ,    -7.3, ,     4.9, ,    20.1, ,     8.5, 
1973,    -6.4, ,    -8.0, ,     3.3, ,     7.5, ,    13.2, ,    20.7, ,    23.6, ,    23.2, ,    15.8, ,    10.8, ,     1.9, ,    -4.0, ,     8.5, ,    -7.1, ,     8.0, ,    22.5, ,     9.5, 
1974,    -7.9, ,    -8.7, ,    -2.6, ,     6.6, ,    11.0, ,    19.6, ,    21.6, ,    21.3, ,    14.8, ,     6.9, ,     2.0, ,    -2.1, ,     6.9, ,    -6.9, ,     5.0, ,    20.8, ,     7.9, 
1975,    -6.4, ,    -5.6, ,    -2.4, ,     4.6, ,    17.6, ,    20.6, ,    24.0, ,    22.1, ,    14.9, ,    10.3, ,     5.2, ,    -7.4, ,     8.1, ,    -4.7, ,     6.6, ,    22.2, ,    10.1, 
1976,   -12.0, ,    -4.9, ,    -1.3, ,     8.4, ,    13.1, ,    21.0, ,    21.1, ,    20.2, ,    14.6, ,     6.9, ,      .5, ,   -10.2, ,     6.5, ,    -8.1, ,     6.7, ,    20.8, ,     7.3, 
1977,   -11.5, ,    -6.3, ,     2.7, ,     7.6, ,    16.4, ,    18.3, ,    21.7, ,    19.9, ,    14.7, ,     9.1, ,     4.1, ,    -5.9, ,     7.6, ,    -9.3, ,     8.9, ,    20.0, ,     9.3, 
1978,   -10.4, ,    -9.7, ,    -3.2, ,     5.2, ,    16.8, ,    18.8, ,    22.3, ,    20.9, ,    13.9, ,     8.3, ,     2.1, ,    -5.4, ,     6.6, ,    -8.7, ,     6.3, ,    20.7, ,     8.1, 
1979,    -7.5, ,   -12.0, ,     1.8, ,     7.6, ,    14.7, ,    19.3, ,    22.5, ,    19.5, ,    15.4, ,     9.1, ,     5.1, ,    -3.4, ,     7.7, ,    -8.3, ,     8.0, ,    20.4, ,     9.9, 
1980,    -7.2, ,    -7.8, ,     -.9, ,     8.0, ,    14.8, ,    17.9, ,    21.4, ,    21.7, ,    14.8, ,     7.2, ,      .8, ,    -9.7, ,     6.8, ,    -6.1, ,     7.3, ,    20.3, ,     7.6, 
1981,   -12.3, ,     -.3, ,     1.1, ,     8.5, ,    14.4, ,    19.7, ,    22.4, ,    20.4, ,    15.0, ,     7.2, ,     2.7, ,    -2.9, ,     8.0, ,    -7.4, ,     8.0, ,    20.8, ,     8.3, 
1982,   -14.3, ,    -8.3, ,    -1.7, ,     5.1, ,    16.2, ,    17.9, ,    22.4, ,    18.5, ,    15.7, ,    10.1, ,     4.0,E,    -1.9, ,     7.0,E,    -8.5, ,     6.5, ,    19.6, ,     9.9,E
1983,    -7.1, ,    -5.4, ,      .2, ,     6.4, ,    11.8, ,    20.5, ,    23.0, ,    22.1, ,    18.5,E,     9.3, ,     2.7,E,    -7.2, ,     7.9,E,    -4.8, ,     6.1, ,    21.9, ,    10.2,E
1984,   -10.6, ,    -2.7, ,    -5.4, ,     8.1, ,    12.2, ,    20.4,E,    22.6,E,    22.5, ,    15.0, ,    10.4, ,     2.9, ,    -3.4, ,     7.7,E,    -6.8, ,     5.0, ,    21.8,E,     9.4, 
1985,   -12.6,E,    -6.1, ,    -1.4,E,     6.1, ,    14.4,E,    17.2, ,    21.6,E,    20.6, ,    17.0, ,    10.2, ,     1.6, , -9999.9,M, -9999.9,M,    -7.4,E,     6.4,E,    19.8,E,     9.6, 
1986,    -8.6, ,    -8.5, ,     -.2, ,     9.8, ,    14.2, ,    17.1, ,    20.5, ,    19.2, ,    14.3, ,     8.9, ,     1.2, ,    -3.8, ,     7.0, , -9999.9,M,     7.9, ,    18.9, ,     8.1, 
1987,    -7.2, ,    -8.2, ,     1.5,E,    10.2, ,    14.4, ,    19.9,E,    22.7, ,    20.5, ,    15.9, , -9999.9,M,     1.8,E, -9999.9,M, -9999.9,M,    -6.4, ,     8.7,E,    21.0,E, -9999.9,M
1988,    -6.7, ,    -6.3,E,    -1.6, ,     7.3, ,    15.7, ,    18.7, ,    23.3, ,    21.3, ,    15.6, , -9999.9,M, -9999.9,M, -9999.9,M, -9999.9,M, -9999.9,M,     7.1, ,    21.1, , -9999.9,M
1989, -9999.9,M,    -7.6,E,    -2.9,E,     5.7, ,    15.4, ,    19.8, ,    22.7, ,    20.7, ,    16.6,E,    10.2, ,      .7,E,   -14.0,E, -9999.9,M, -9999.9,M,     6.1,E,    21.1, ,     9.2,E
1990,    -2.6,E,    -5.6,E,     -.2,E,     7.0,E,    12.9, ,    19.3, ,    22.5, ,    21.9, ,    15.5, ,     9.6, ,     3.5,E,    -3.1, ,     8.4,E,    -7.4,E,     6.6,E,    21.2, ,     9.5,E
1991, -9999.9,M, -9999.9,M, -9999.9,M,     8.7,E,    16.3,E,    20.6, ,    22.4, , -9999.9,M,    15.0, ,    10.6, ,     3.5, ,    -5.8, , -9999.9,M, -9999.9,M, -9999.9,M, -9999.9,M,     9.7, 
1992,    -9.6, ,    -7.4, ,    -4.0, ,     6.0, , -9999.9,M, -9999.9,M, -9999.9,M,    19.9,E,    16.1, ,     7.8, ,     2.6, ,    -3.5, , -9999.9,M,    -7.6, , -9999.9,M, -9999.9,M,     8.8, 
1993,    -8.0,E,   -11.9, ,    -2.3,E, -9999.9,M, -9999.9,M, -9999.9,M, -9999.9,M, -9999.9,M, -9999.9,M, -9999.9,M, -9999.9,M, -9999.9,M, -9999.9,M,    -7.8,E, -9999.9,M, -9999.9,M, -9999.9,M
1994, -9999.9,M, -9999.9,M, -9999.9,M, -9999.9,M, -9999.9,M, -9999.9,M, -9999.9,M,    18.7,E,    15.1,E,    10.4,E,     4.5,E,    -2.9,E, -9999.9,M, -9999.9,M, -9999.9,M, -9999.9,M,    10.0,E
1995,    -5.6, ,    -9.5,E, -9999.9,M, -9999.9,M, -9999.9,M, -9999.9,M, -9999.9,M, -9999.9,M, -9999.9,M, -9999.9,M, -9999.9,M, -9999.9,M, -9999.9,M,    -6.0,E, -9999.9,M, -9999.9,M, -9999.9,M
1996, -9999.9,M, -9999.9,M, -9999.9,M, -9999.9,M, -9999.9,M, -9999.9,M, -9999.9,M, -9999.9,M,    16.3, ,     9.0, ,      .9, ,     -.6, , -9999.9,M, -9999.9,M, -9999.9,M, -9999.9,M,     8.7, 
1997,    -9.3, ,    -6.2, ,    -2.4, ,     6.3, ,    10.9,E,    20.6, ,    21.2, ,    19.7, ,    15.1, ,     8.8, ,     1.5, ,    -4.6, ,     6.8,E,    -5.4, ,     4.9,E,    20.5, ,     8.5, 
1998,    -6.9, ,    -2.6, ,      .3, ,     8.9, ,    18.0,E,    19.3, ,    21.2, ,    21.5, ,    16.5, ,    10.1,E,     3.6, ,    -1.3, ,     9.1,E,    -4.7, ,     9.1,E,    20.7, ,    10.1,E
1999,    -8.8, ,    -4.1, ,     -.7, ,     7.3, ,    16.7, , -9999.9,M,    22.9, ,    20.2, ,    18.5, ,     8.1, ,     5.3,E,    -2.9,E, -9999.9,M,    -4.7, ,     7.8, , -9999.9,M,    10.6,E
2000,    -9.4, ,    -5.8, ,     2.2, ,     5.4, ,    13.4, ,    17.4, ,    20.5, ,    20.2, ,    14.8, ,     9.6, ,     3.2,E,    -8.4, ,     6.9,E,    -6.0,E,     7.0, ,    19.4, ,     9.2,E
2001,    -7.4, ,    -7.3,E,    -2.4, ,     7.1, ,    15.8, ,    20.6, ,    20.3, ,    22.8, ,    17.4,E,    10.8, ,     5.3, ,      .3, ,     8.6,E,    -7.7,E,     6.8, ,    21.2, ,    11.2,E
2002,    -3.5,E,    -4.2, ,    -1.4, ,     7.2, ,    11.6, ,    18.1, ,    22.3, ,    22.2, ,    18.7,E,     7.4, ,     1.0, ,    -4.0, ,     8.0,E,    -2.5,E,     5.8, ,    20.9, ,     9.0,E
2003,   -11.9,E,   -10.2, ,    -2.7, ,     4.5, ,    13.5, ,    18.8, ,    21.2, ,    21.2, ,    17.6, ,     8.3, ,     3.2,E,    -4.2, ,     6.6,E,    -8.7,E,     5.1, ,    20.4, ,     9.7,E
2004,   -14.8,E,    -6.7, ,      .2,E,     6.2, ,    13.7, ,    17.8, ,    21.7, ,    19.6, ,    16.8, ,     9.7, ,     3.0, ,    -6.7, ,     6.7,E,    -8.6,E,     6.7,E,    19.7, ,     9.8, 
2005,   -10.4, ,    -5.1, ,    -2.1, ,     8.4, ,    11.9, ,    21.7, ,    22.5, ,    22.2, ,    17.9, ,    10.3, ,     3.4, ,    -5.0, ,     8.0, ,    -7.4, ,     6.1, ,    22.1, ,    10.5, 
2006,    -3.8, ,    -6.4, ,      .0, ,     8.1, ,    14.5, ,    19.3, ,    22.9, ,    19.7, ,    15.2, ,     8.2, ,     4.9, ,     -.7, ,     8.5, ,    -5.1, ,     7.5, ,    20.6, ,     9.4, 
2007,    -6.6,E,   -10.4, ,    -2.0,E,     6.1, ,    14.2,E,    19.7, ,    20.6, ,    20.4, ,    17.0, ,    12.0, ,     1.6, ,    -5.9,E,     7.2,E,    -5.9,E,     6.1,E,    20.2, ,    10.2, 
2008,    -5.3, ,    -7.0, ,    -3.6, ,     8.6, ,    12.8, ,    19.9, ,    21.6, ,    20.4, ,    17.3, ,     9.2, ,     3.4, ,    -5.7, ,     7.6, ,    -6.1,E,     5.9, ,    20.6, ,    10.0, 
2009,   -11.6, ,    -5.5, ,     -.3, ,     8.6, ,    13.4, ,    18.5, ,    20.2, ,    21.5, ,    16.0, ,     7.3, ,     5.4, ,    -4.7, ,     7.4, ,    -7.6, ,     7.2, ,    20.1, ,     9.6, 
2010,    -5.7, ,    -4.4, ,     3.6, ,    10.0, ,    16.4, ,    18.7,E,    23.3, ,    21.1, ,    16.7, ,     8.9, ,     3.1, ,    -5.1, ,     8.9,E,    -4.9, ,    10.0, ,    21.0,E,     9.6, 
2011,    -8.8, ,    -6.7, ,    -1.4, ,     6.8, ,    13.8, ,    19.6, ,    23.6, ,    21.2, ,    17.9, ,    10.5, ,     5.9, ,    -2.2, ,     8.4, ,    -6.9, ,     6.4, ,    21.5, ,    11.4, 
2012,    -6.8, ,    -3.9, ,     3.5, ,     7.5, ,    16.3, ,    20.2, ,    23.0, ,    22.5, ,    16.7, ,    11.3, ,     1.7,E,    -3.2,E,     9.1,E,    -4.3, ,     9.1, ,    21.9, ,     9.9,E
