7031360,CHELSEA        ,QC, station not joined, Monthly mean of homogenized daily mean temperature                     , °C,          Updated to December 2012
7031360,CHELSEA        ,QC, station non-jointe, Moyenne mensuelle des températures homogénéisées moyennes quotidiennes , °C, Mise à jour jusqu à décembre 2012
Year,     Jan, ,     Feb, ,     Mar, ,     Apr, ,     May, ,     Jun, ,     Jul, ,     Aug, ,     Sep, ,     Oct, ,     Nov, ,     Dec, ,  Annual, ,  Winter, ,  Spring, ,  Summer, ,  Autumn
Year,    Janv, ,     Fév, ,    Mars, ,     Avr, ,     Mai, ,    Juin, ,    Juil, ,    Août, ,    Sept, ,     Oct, ,     Nov, ,     Déc, ,  Annuel, ,   Hiver, ,Printemp, ,     Eté, , Automne
1927, -9999.9,M, -9999.9,M, -9999.9,M, -9999.9,M, -9999.9,M, -9999.9,M, -9999.9,M, -9999.9,M, -9999.9,M,    10.1, ,     2.1, ,    -5.2, , -9999.9,M, -9999.9,M, -9999.9,M, -9999.9,M, -9999.9,M
1928,    -8.6, ,    -9.2, ,    -3.9, ,     2.8, ,    12.4, ,    17.5, ,    22.1, ,    21.7, ,    14.1, ,     9.0, ,     2.1, ,    -3.2, ,     6.4, ,    -7.7, ,     3.8, ,    20.4, ,     8.4, 
1929,   -10.6, ,   -11.1, ,    -2.0, ,     4.8, ,    11.9, ,    17.9, ,    19.6, ,    18.1, ,    16.5, ,     8.1, ,      .7, ,    -8.8, ,     5.4, ,    -8.3, ,     4.9, ,    18.5, ,     8.4, 
1930,   -11.0, ,   -11.1, ,    -4.1, ,     3.7, ,    13.9, ,    19.2, ,    19.6, ,    18.4, ,    15.0, ,     8.8, ,     2.1, ,    -6.8, ,     5.6, ,   -10.3, ,     4.5, ,    19.1, ,     8.6, 
1931,   -12.5, ,   -10.8, ,    -1.3, ,     5.9, ,    12.8, ,    17.9, ,    22.5, ,    19.9, ,    16.3, ,    10.1, ,     3.8, ,    -5.7, ,     6.6, ,   -10.0, ,     5.8, ,    20.1, ,    10.1, 
1932,    -5.5, ,   -11.0, ,    -7.3, ,     2.0, ,    12.6, ,    18.1, ,    18.6, ,    19.7, ,    15.3, ,     8.7, ,    -2.1, ,    -5.8, ,     5.3, ,    -7.4, ,     2.4, ,    18.8, ,     7.3, 
1933,    -5.9, ,    -9.4, ,    -4.9, ,     5.0, ,    12.1, ,    18.8, ,    20.1, ,    18.6, ,    15.2, ,     6.9, ,    -5.5, ,   -14.4, ,     4.7, ,    -7.0, ,     4.1, ,    19.2, ,     5.5, 
1934,   -12.5, ,   -20.7, ,    -7.5, ,     3.0, ,    12.8, ,    18.0, ,    20.4, ,    16.9, ,    16.1, ,     6.1, ,     2.4, ,   -11.3, ,     3.6, ,   -15.9, ,     2.8, ,    18.4, ,     8.2, 
1935,   -15.9, ,   -13.0, ,    -5.4, ,     5.3, ,    10.1, ,    16.9, ,    21.3, ,    19.6, ,    12.2, ,     7.3, ,     1.6, ,   -10.4, ,     4.1, ,   -13.4, ,     3.3, ,    19.3, ,     7.0, 
1936,   -12.9, ,   -14.4, ,    -2.2, ,     2.9, ,    12.0, ,    17.2, ,    18.8, ,    17.8, ,    14.4, ,     5.9, ,    -2.8, ,    -7.9, ,     4.1, ,   -12.6, ,     4.2, ,    17.9, ,     5.8, 
1937,    -6.6, ,    -7.3, ,    -7.1, ,     4.1, ,    12.7, ,    17.8, ,    21.1, ,    21.5, , -9999.9,M, -9999.9,M,      .8, ,    -9.4, , -9999.9,M,    -7.3, ,     3.2, ,    20.1, , -9999.9,M
1938,   -12.4, ,   -11.1, ,    -5.3, ,     5.5, ,    11.8, ,    18.4, ,    20.8, ,    21.1, ,    12.2, ,     9.1, ,     1.6, ,    -6.3, ,     5.5, ,   -11.0, ,     4.0, ,    20.1, ,     7.6, 
1939,   -12.1, ,   -12.3, ,    -7.6, ,     1.3, ,    12.0, ,    17.5, ,    20.2, ,    20.4, ,    13.6, ,     6.8, ,    -1.2, ,    -6.9, ,     4.3, ,   -10.2, ,     1.9, ,    19.4, ,     6.4, 
1940,   -14.9, ,   -11.3, ,    -7.2, ,     2.4, ,    12.5, ,    16.9, ,    20.1, ,    19.3, ,    14.6, ,     6.5, ,     -.2, ,    -8.4, ,     4.2, ,   -11.0, ,     2.6, ,    18.8, ,     7.0, 
1941,   -13.7, ,   -10.7, ,    -6.7, ,     7.5, ,    13.2, ,    19.4, ,    21.8, ,    17.7, ,    15.0, ,     7.7, ,     1.6, ,    -6.8, ,     5.5, ,   -10.9, ,     4.7, ,    19.6, ,     8.1, 
1942,   -12.3, ,   -10.5, ,     -.8, ,     7.4, ,    13.2, ,    17.9, ,    19.9, ,    18.5, ,    14.5, ,     8.5, ,      .5, ,   -10.2, ,     5.6, ,    -9.9, ,     6.6, ,    18.8, ,     7.8, 
1943,   -15.5, ,   -10.1, ,    -6.5, ,     -.2, ,    11.4, ,    18.4, ,    20.5, ,    18.4, ,    13.0, ,     8.0, ,     1.2, ,   -11.4, ,     3.9, ,   -11.9, ,     1.6, ,    19.1, ,     7.4, 
1944,    -9.3, ,   -12.0, ,    -7.5, ,     2.1, ,    15.4, ,    18.0, ,    21.4, ,    21.3, ,    15.3, ,     7.2, ,     1.6, ,   -10.8, ,     5.2, ,   -10.9, ,     3.3, ,    20.2, ,     8.0, 
1945,   -16.1, ,    -9.2, ,     1.4, ,     7.3, ,     9.6, ,    16.8, ,    19.7, ,    19.6, ,    14.9, ,     7.4, ,      .4, ,    -9.8, ,     5.2, ,   -12.0, ,     6.1, ,    18.7, ,     7.6, 
1946, -9999.9,M, -9999.9,M,     2.2, ,     4.6, , -9999.9,M,    17.5, ,    19.9, ,    17.4, ,    15.3, ,     9.1, ,     1.9, ,    -7.4, , -9999.9,M, -9999.9,M, -9999.9,M,    18.3, ,     8.8, 
1947,   -11.9, ,   -13.1, ,    -4.1, ,     1.7, ,     9.7, ,    16.4, ,    21.1, ,    21.9, ,    14.5, ,    12.2, ,     1.0, ,    -9.3, ,     5.0, ,   -10.8, ,     2.4, ,    19.8, ,     9.2, 
1948,   -13.8, ,   -14.3, ,    -6.3, ,     5.0, ,    11.2, ,    16.6, ,    20.2, ,    20.0, ,    16.2, ,     7.7, ,     4.9, ,    -4.2, ,     5.3, ,   -12.5, ,     3.3, ,    18.9, ,     9.6, 
1949,    -8.8, ,    -7.8, ,    -4.6, ,     5.5, ,    12.4, ,    19.9, ,    22.0, ,    21.0, ,    13.5, ,    10.4, ,    -1.7, ,    -5.9, ,     6.3, ,    -6.9, ,     4.4, ,    21.0, ,     7.4, 
1950,    -7.6, ,   -12.3, ,    -8.1, ,     2.0, ,    11.7, ,    17.2, ,    19.7, ,    17.8, ,    12.2, ,     8.7, ,     1.7, ,    -7.4, ,     4.6, ,    -8.6, ,     1.9, ,    18.2, ,     7.5, 
1951,   -10.3, ,   -10.0, ,    -2.3, ,     5.8, ,    12.9, ,    16.6, ,    19.6, ,    17.8, ,    14.0, ,     8.8, ,    -2.1, ,    -8.2, ,     5.2, ,    -9.2, ,     5.5, ,    18.0, ,     6.9, 
1952,   -11.3, ,    -7.5, ,    -3.8, ,     6.7, ,    10.8, ,    17.6, ,    21.5, ,    18.9, ,    15.0, ,     5.9, ,     2.4, ,    -4.2, ,     6.0, ,    -9.0, ,     4.6, ,    19.3, ,     7.8, 
1953,    -8.2, ,    -7.5, ,    -1.6, ,     5.5, ,    13.1, ,    17.6, ,    20.4, ,    19.3, ,    14.0, ,     9.1, ,     4.2, ,    -3.9, ,     6.8, ,    -6.6, ,     5.7, ,    19.1, ,     9.1, 
1954,   -15.1, ,    -6.6, ,    -4.6, ,     3.9, ,    11.1, ,    17.4, ,    18.8, ,    17.5, ,    12.7, ,     9.0, ,     1.2, ,    -7.7, ,     4.8, ,    -8.5, ,     3.5, ,    17.9, ,     7.6, 
1955,   -13.2, ,   -10.8, ,    -5.6, ,     6.1, ,    14.0, ,    19.4, ,    22.5, ,    21.5, ,    13.5, ,     8.9, ,      .1, ,   -10.9, ,     5.5, ,   -10.6, ,     4.8, ,    21.1, ,     7.5, 
1956,    -9.3, ,    -9.9, ,    -7.9, ,     2.7, ,     8.6, ,    17.2, ,    17.8, ,    17.3, ,    11.7, ,     8.0, ,     1.1, ,    -7.4, ,     4.2, ,   -10.0, ,     1.1, ,    17.4, ,     6.9, 
1957,   -16.1, ,    -8.8, ,    -2.9, ,     5.5, ,    11.0, ,    18.2, ,    19.5, ,    17.1, ,    14.0, ,     7.8, ,     1.9, ,    -4.9, ,     5.2, ,   -10.8, ,     4.5, ,    18.3, ,     7.9, 
1958,    -9.4, ,   -13.1, ,      .0, ,     6.6, ,     9.5, ,    13.7, ,    18.9, ,    17.8, ,    13.7, ,     7.3, ,     1.5, ,   -14.5, ,     4.3, ,    -9.1, ,     5.4, ,    16.8, ,     7.5, 
1959,   -12.8, ,   -15.6, ,    -6.8, ,     4.1, ,    12.6, ,    17.9, ,    21.4, ,    21.3, ,    16.0, ,     6.8, ,     -.6, ,    -6.2, ,     4.8, ,   -14.3, ,     3.3, ,    20.2, ,     7.4, 
1960,   -10.9, ,    -7.2, ,    -7.7, ,     4.6, ,    15.0, ,    17.2, ,    18.6, ,    19.1, ,    14.6, ,     7.3, ,     3.1, ,    -9.3, ,     5.4, ,    -8.1, ,     4.0, ,    18.3, ,     8.3, 
1961,   -15.2, ,    -8.5, ,    -4.5, ,     4.0, ,    10.1, ,    15.6, ,    19.7, ,    19.0, ,    17.5, ,     9.6, ,     1.6, ,    -6.3, ,     5.2, ,   -11.0, ,     3.2, ,    18.1, ,     9.6, 
1962,   -12.7, ,   -14.3, ,    -2.9, ,     3.5, ,    13.5, ,    17.5, ,    17.9, ,    18.7, ,    12.6, ,     7.5, ,     -.4, ,    -8.9, ,     4.3, ,   -11.1, ,     4.7, ,    18.0, ,     6.6, 
1963,   -13.0, ,   -15.2, ,    -5.9, ,     4.3, ,    11.1, ,    18.8, ,    20.9, ,    16.8, ,    12.0, ,    11.2, ,     3.8, ,   -13.4, ,     4.3, ,   -12.4, ,     3.2, ,    18.8, ,     9.0, 
1964,    -7.7, ,    -9.7, ,    -3.0, ,     5.1, ,    14.6, ,    17.4, ,    21.4, ,    17.1, ,    13.6, ,     6.9, ,     1.1, ,    -6.8, ,     5.8, ,   -10.3, ,     5.6, ,    18.6, ,     7.2, 
1965,   -12.0, ,   -11.3, ,    -4.0, ,     3.0, ,    13.5, ,    17.3, ,    18.0, ,    17.9, ,    14.6, ,     7.5, ,     -.2, ,    -4.6, ,     5.0, ,   -10.0, ,     4.2, ,    17.7, ,     7.3, 
1966,   -11.2, ,    -8.7, , -9999.9,M,     4.9, ,    10.2, ,    18.3, ,    20.8, ,    18.7, ,    13.4, ,     8.0, ,     2.9, ,    -7.2, , -9999.9,M,    -8.2, , -9999.9,M,    19.3, ,     8.1, 
1967,    -7.6, ,   -14.2, ,    -6.0, ,     4.1, ,     9.0, ,    18.8, ,    20.7, ,    19.2, ,    14.8, ,     8.0, ,     -.7, ,    -5.5, ,     5.1, ,    -9.7, ,     2.4, ,    19.6, ,     7.4, 
1968,   -14.5, ,   -11.8, ,    -1.7, ,     8.1, ,    11.5, ,    16.8, ,    20.5, ,    18.2, ,    16.7, ,    10.3, ,      .2, ,    -9.2, ,     5.4, ,   -10.6, ,     6.0, ,    18.5, ,     9.1, 
1969,    -9.6, ,    -7.1, ,    -3.6, ,     4.8, ,    10.7, ,    17.1, ,    20.0, ,    21.1, ,    14.4, ,     7.8, ,     2.1, ,    -8.1, ,     5.8, ,    -8.6, ,     4.0, ,    19.4, ,     8.1, 
1970,   -14.9, ,   -11.7, ,    -3.8, ,     4.6, ,    12.3, ,    17.8, ,    21.0, ,    20.4, ,    14.7, ,     9.8, ,     2.6, ,   -10.5, ,     5.2, ,   -11.6, ,     4.4, ,    19.7, ,     9.0, 
1971,   -14.5, ,    -9.2, ,    -5.5, ,     2.4, ,    12.4, ,    18.1, ,    19.2, ,    19.0, ,    17.1, ,    11.3, ,      .4, ,    -7.2, ,     5.3, ,   -11.4, ,     3.1, ,    18.8, ,     9.6, 
1972,   -10.1, ,   -12.8, ,    -6.4, ,     1.7, ,    13.2, ,    16.6, ,    20.3, ,    18.1, ,    14.6, ,     5.8, ,      .1, ,    -8.5, ,     4.4, ,   -10.0, ,     2.8, ,    18.3, ,     6.8, 
1973,    -8.9, ,   -11.3, ,     1.4, ,     5.8, ,    11.7, ,    18.5, , -9999.9,M,    21.6, ,    14.6, ,     9.9, ,      .6, ,    -6.9, , -9999.9,M,    -9.6, ,     6.3, , -9999.9,M,     8.4, 
1974,   -10.4, ,   -12.1, ,    -5.1, ,     5.1, ,     9.6, ,    17.4, ,    20.0, ,    19.5, ,    13.3, ,     5.6, ,      .7, ,    -3.9, ,     5.0, ,    -9.8, ,     3.2, ,    19.0, ,     6.5, 
1975,    -9.6, ,    -8.6, ,    -5.2, ,     1.9, ,    16.4, ,    18.6, ,    22.0, ,    20.6, ,    13.6, ,     8.7, ,     3.6, ,   -10.4, ,     6.0, ,    -7.4, ,     4.4, ,    20.4, ,     8.6, 
1976,   -15.6, ,    -8.0, ,    -4.5, ,     6.5, ,    10.9, ,    19.5, , -9999.9,M,    18.3, ,    12.8, ,     5.0, , -9999.9,M,   -13.1, , -9999.9,M,   -11.3, ,     4.3, , -9999.9,M, -9999.9,M
1977,   -14.3, ,    -8.3, ,      .9, ,     6.1, ,    14.6, ,    16.8, ,    20.5, ,    18.4, ,    13.9, ,     7.6, ,     2.2, ,    -7.9, ,     5.9, ,   -11.9, ,     7.2, ,    18.6, ,     7.9, 
1978,   -12.3, ,   -12.7, ,    -5.1, ,     2.9, ,    15.0, ,    17.7, ,    20.7, ,    20.0, ,    13.1, ,     7.7, ,      .8, ,    -7.2, ,     5.1, ,   -11.0, ,     4.3, ,    19.5, ,     7.2, 
1979,   -10.5, ,   -14.2, ,      .0, ,     5.6, ,    13.1, ,    17.6, ,    21.2, ,    18.5, ,    14.3, ,     7.7, ,     3.0, ,    -6.0,E,     5.9,E,   -10.6, ,     6.2, ,    19.1, ,     8.3, 
1980,    -9.2, ,   -10.0, ,    -3.4, ,     6.5, ,    13.1, ,    15.5, ,    20.4, ,    20.9, ,    14.0, ,     6.1, ,     -.8, ,   -13.4, ,     5.0, ,    -8.4,E,     5.4, ,    18.9, ,     6.4, 
1981,   -15.6, ,    -4.0, ,     -.9, ,     6.8, ,    12.3, ,    18.1, ,    20.9,E,    19.6, ,    14.0, ,     5.9, ,     1.4, ,    -4.5, ,     6.2,E,   -11.0, ,     6.1, ,    19.5,E,     7.1, 
1982,   -16.6, ,   -11.0, ,    -3.7, ,     3.4, ,    14.7, ,    17.0, ,    20.9,E,    17.7, ,    14.8,E,     9.4, ,     2.3, ,    -4.0, ,     5.4,E,   -10.7, ,     4.8, ,    18.5,E,     8.8,E
1983,    -9.4, ,    -8.0, ,    -1.4, ,     4.2, ,    10.3, ,    18.6, ,    21.2, ,    20.6, ,    16.9, ,     7.9, ,     1.2, ,    -9.5, ,     6.1, ,    -7.1, ,     4.4, ,    20.1, ,     8.7, 
1984,   -13.6, ,    -4.6, ,    -7.5, ,     7.0, ,    10.9, ,    18.2, ,    20.5, ,    20.4, ,    13.6, ,     9.4, ,     1.5, ,    -4.8,E,     5.9,E,    -9.2, ,     3.5, ,    19.7, ,     8.2, 
1985,   -14.6, ,    -8.0, ,    -2.6, ,     5.1, ,    13.0, ,    16.1, ,    19.8, ,    19.0, ,    16.0, ,     9.0,E,      .8, ,    -9.3, ,     5.4,E,    -9.1,E,     5.2, ,    18.3, ,     8.6,E
1986,   -10.6, ,    -9.9, ,    -2.1, ,     8.4, ,    14.0, ,    16.2, ,    19.7, ,    17.8, ,    13.4, ,     7.5, ,     -.4,E,    -5.2, ,     5.7,E,    -9.9, ,     6.8, ,    17.9, ,     6.8,E
1987,    -9.8, ,   -10.4, ,     -.2, ,     8.8, ,    12.7, ,    18.4, ,    21.4,E,    18.5, ,    14.7, ,     6.6, ,      .5, ,    -3.7, ,     6.5,E,    -8.5, ,     7.1, ,    19.4,E,     7.3, 
1988,    -9.6, ,    -9.3, ,    -4.6, ,     5.2, ,    14.5, ,    16.9,E,    22.5, ,    20.1, ,    13.9,E,     6.1, ,     2.8, ,    -7.9, ,     5.9,E,    -7.5, ,     5.0, ,    19.8,E,     7.6,E
1989,    -9.1, ,   -10.9, ,    -5.6,E,     4.0, ,    13.7, ,    18.3,E,    21.5,E,    19.5, ,    15.1,E,     8.9, ,    -1.2,E,   -17.2, ,     4.8,E,    -9.3, ,     4.0,E,    19.8,E,     7.6,E
1990,    -5.1,E,    -8.6, ,    -2.9, ,     6.9, ,    11.8, ,    18.1,E,    20.9, ,    20.3,E,    13.5, ,     7.8, ,     1.7, ,    -5.8, ,     6.6,E,   -10.3,E,     5.3, ,    19.8,E,     7.7, 
1991,   -11.5, ,    -6.6, ,    -1.5,E,     7.1, ,    14.9, ,    19.4, ,    21.2, ,    20.7, ,    13.2, ,     8.8, ,     1.7, ,    -7.9, ,     6.6,E,    -8.0, ,     6.8,E,    20.4, ,     7.9, 
1992,   -12.0,E,   -10.5,E,    -7.0,E,     4.0, ,    12.7, ,    16.8, ,    17.9, ,    18.0,E,    14.4, ,     6.2, ,     1.0, ,    -5.3,E,     4.7,E,   -10.1,E,     3.2,E,    17.6,E,     7.2, 
1993,   -10.1,E,   -14.6, ,    -4.7,E,     4.9,E,    13.0, ,    17.2, ,    21.6, ,    21.0, ,    13.6, ,     6.4,E,      .7, ,    -7.0, ,     5.2,E,   -10.0,E,     4.4,E,    19.9, ,     6.9,E
1994,   -18.9, ,   -12.6, ,    -3.5,E,     5.0, ,    11.9, ,    18.6, ,    21.3, ,    18.3, ,    15.0, ,     9.2, ,     3.7, ,    -4.3,E,     5.3,E,   -12.8, ,     4.5,E,    19.4, ,     9.3, 
1995,    -6.7, ,   -10.4, ,      .2, ,     3.6,E,    13.2,E,    20.6, ,    21.8,E,    20.6, ,    12.7, ,    10.4, ,    -2.0, ,    -9.2, ,     6.2,E,    -7.1,E,     5.7,E,    21.0,E,     7.0, 
1996,   -11.8, ,   -10.4, ,    -4.0, ,     3.7, ,    11.6, ,    18.5, ,    20.0, ,    20.1, ,    16.5, ,     8.0, ,    -1.1,E,    -2.2, ,     5.7,E,   -10.5, ,     3.8, ,    19.5, ,     7.8,E
1997,   -11.6, ,    -8.5,E,    -5.6, ,     4.6, ,    10.1, ,    19.8, ,    20.7, ,    18.7, ,    14.5,E,     7.6, ,      .1,E, -9999.9,M, -9999.9,M,    -7.4,E,     3.0, ,    19.7, ,     7.4,E
1998,    -8.2,E,    -4.3,E, -9999.9,M, -9999.9,M, -9999.9,M, -9999.9,M, -9999.9,M,    19.5,E,    15.0, ,     9.5,E,     2.4,E,    -3.9,E, -9999.9,M, -9999.9,M, -9999.9,M, -9999.9,M,     9.0,E
1999,   -11.3,E,    -6.6,E,    -3.1, ,     5.9, ,    14.9, ,    19.7, ,    21.4, ,    18.9, ,    16.4, ,     6.3, ,     3.4, ,    -5.1, ,     6.7,E,    -7.3,E,     5.9, ,    20.0, ,     8.7, 
2000,   -11.1, ,    -7.4, ,     1.2,E,     4.5,E,    12.2,E, -9999.9,M,    18.5, ,    18.3,E,    12.8,E,     7.9, ,     1.2, ,   -11.7,E, -9999.9,M,    -7.9, ,     6.0,E, -9999.9,M,     7.3,E
2001,   -10.3, ,   -10.1, ,    -3.9, ,     5.3, ,    13.1, , -9999.9,M,    18.7, , -9999.9,M,    14.9,E,     8.2, ,     3.8, ,    -3.4, , -9999.9,M,   -10.7,E,     4.8, , -9999.9,M,     9.0,E
2002,    -6.5, ,    -8.3,E,    -4.8,E,     4.9, ,     9.9,E, -9999.9,M,    21.6, ,    19.6,E,    16.8, ,     5.6, ,    -1.0,E,    -7.1,E, -9999.9,M,    -6.1,E,     3.3,E, -9999.9,M,     7.1,E
2003,   -14.7,E,   -12.0, ,    -4.8,E, -9999.9,M,    11.4,E, -9999.9,M,    19.7,E, -9999.9,M,    15.9, ,     6.7,E,     1.7, ,    -5.7,E, -9999.9,M,   -11.3,E, -9999.9,M, -9999.9,M,     8.1,E
2004,   -16.4,E,    -7.6, ,     -.4, ,     5.5, ,    12.5, ,    16.6,E,    20.1, ,    18.1, ,    15.8, ,     8.2,E,     1.0, ,    -9.8,E,     5.3,E,    -9.9,E,     5.9, ,    18.3,E,     8.3,E
2005,   -12.6,E,    -7.8, ,    -3.7, ,     6.3,E,    11.1,E,    20.7, ,    21.6,E,    21.1, ,    16.9,E,     9.5, ,     1.2,E,    -6.8,E,     6.5,E,   -10.1,E,     4.6,E,    21.1,E,     9.2,E
2006,    -5.1,E,    -8.5,E,    -1.5, ,     7.0,E,    13.9, ,    18.9, ,    21.8,E,    18.8, ,    13.5,E,     7.0,E,     3.5, ,    -2.2, ,     7.3,E,    -6.8,E,     6.5,E,    19.8,E,     8.0,E
2007,    -8.6, ,   -11.7,E,    -3.6, ,     5.7, ,    13.3,E,    19.1, ,    19.2, ,    19.3, ,    16.0,E,    10.2,E,      .3,E,    -7.7,E,     6.0,E,    -7.5,E,     5.1,E,    19.2, ,     8.8,E
2008,    -7.2,E,    -9.6, ,    -5.7, ,     7.4, ,    11.5, ,    18.9,E,    20.3, ,    18.7,E,    14.8, ,     7.4,E,     1.1,E,    -8.8, ,     5.7,E,    -8.2,E,     4.4, ,    19.3,E,     7.8,E
2009,   -14.9, ,    -8.1, ,    -2.4,E,     6.5, ,    11.7,E,    17.3, , -9999.9,M,    19.8,E,    14.4, ,     6.4,E,     3.8, ,    -6.1, , -9999.9,M,   -10.6, ,     5.3,E, -9999.9,M,     8.2,E
2010,    -7.5,E,    -4.3,E,     3.1, ,     8.8,E,    14.9, ,    17.7, , -9999.9,M,    19.6,E,    15.2, ,     7.8, ,     1.4,E,    -5.9, , -9999.9,M,    -6.0,E,     8.9,E, -9999.9,M,     8.1,E
2011,   -11.0,E,    -9.4,E,    -3.6, ,     5.9,E, -9999.9,M,    18.9,E,    22.0,E,    19.8,E,    16.6,E, -9999.9,M,     4.0, , -9999.9,M, -9999.9,M,    -8.8,E, -9999.9,M,    20.2,E, -9999.9,M
2012, -9999.9,M,    -5.7,E, -9999.9,M,     6.1, ,    15.0,E, -9999.9,M, -9999.9,M, -9999.9,M,    14.6, ,    10.0, ,      .2, , -9999.9,M, -9999.9,M, -9999.9,M, -9999.9,M, -9999.9,M,     8.3, 
