7024280,LENNOXVILLE    ,QC, station not joined, Monthly mean of homogenized daily mean temperature                     , °C,          Updated to December 2012
7024280,LENNOXVILLE    ,QC, station non-jointe, Moyenne mensuelle des températures homogénéisées moyennes quotidiennes , °C, Mise à jour jusqu à décembre 2012
Year,     Jan, ,     Feb, ,     Mar, ,     Apr, ,     May, ,     Jun, ,     Jul, ,     Aug, ,     Sep, ,     Oct, ,     Nov, ,     Dec, ,  Annual, ,  Winter, ,  Spring, ,  Summer, ,  Autumn
Year,    Janv, ,     Fév, ,    Mars, ,     Avr, ,     Mai, ,    Juin, ,    Juil, ,    Août, ,    Sept, ,     Oct, ,     Nov, ,     Déc, ,  Annuel, ,   Hiver, ,Printemp, ,     Eté, , Automne
1915,    -8.9, ,    -7.9, ,    -5.1, ,     7.0, ,     9.4, ,    15.0, ,    17.6, ,    17.3, ,    14.0, ,     7.9, ,     1.0, ,    -5.3, ,     5.2, , -9999.9,M,     3.8, ,    16.6, ,     7.6, 
1916,    -7.7, ,   -11.3, ,    -9.2, ,     5.0, ,    10.6, ,    15.0, ,    20.2, ,    18.2, ,    13.0, ,     7.3, ,    -1.0, ,    -8.6, ,     4.3, ,    -8.1, ,     2.1, ,    17.8, ,     6.4, 
1917,   -12.1, ,   -14.7, ,    -5.1, ,     3.3, ,     7.5, ,    15.7, ,    19.8, ,    18.4, ,    11.6, ,     5.7, ,    -3.8, ,   -14.6, ,     2.6, ,   -11.8, ,     1.9, ,    18.0, ,     4.5, 
1918,   -16.6, ,   -12.4, ,    -5.4, ,     4.4, ,    13.3, ,    13.2, ,    18.8, ,    16.8, ,    11.1, ,     7.5, ,      .3, ,    -6.3, ,     3.7, ,   -14.5, ,     4.1, ,    16.3, ,     6.3, 
1919,    -8.6, ,    -8.9, ,    -2.5, ,     3.0, ,    11.0, ,    18.0, ,    18.8, ,    16.8, ,    12.7, ,     6.7, ,      .1, ,   -11.5, ,     4.6, ,    -7.9, ,     3.8, ,    17.9, ,     6.5, 
1920,   -17.0, ,   -10.8, ,    -2.4, ,     3.4, ,    10.5, ,    15.5, ,    17.9, ,    19.5, ,    13.7, ,     9.9, ,    -1.1, , -9999.9,M, -9999.9,M,   -13.1, ,     3.8, ,    17.6, ,     7.5, 
1921,    -9.1, ,    -8.5, ,     1.2, ,     8.0, ,    11.8, ,    15.8, ,    22.4, ,    16.7, ,    14.5, ,     7.1, ,    -2.3, ,    -8.9, ,     5.7, , -9999.9,M,     7.0, ,    18.3, ,     6.4, 
1922,   -13.0, ,    -9.9, ,    -2.2, ,     4.6, ,    11.8, ,    17.0, ,    18.5, ,    17.0, ,    13.4, ,     6.8, ,     1.3, ,    -9.9, ,     4.6, ,   -10.6, ,     4.7, ,    17.5, ,     7.2, 
1923,   -14.8, ,   -15.9, ,    -8.5, ,     3.0, ,     9.7, ,    15.3, ,    16.7, ,    15.1, ,    13.4, ,     7.1, ,     1.6, ,    -1.7, ,     3.4, ,   -13.5, ,     1.4, ,    15.7, ,     7.4, 
1924,    -9.4, ,   -14.6, ,    -1.5, ,     3.9, ,     9.4, ,    14.9, ,    19.0, ,    17.8, ,    12.4, ,     7.8, ,     2.3, ,    -8.8, ,     4.4, ,    -8.6, ,     3.9, ,    17.2, ,     7.5, 
1925,   -14.3, ,    -4.8, ,      .4, ,     5.2, ,     8.8, ,    16.7, ,    17.7, ,    18.1, ,    12.9, ,     3.8, ,      .0, ,    -7.1, ,     4.8, ,    -9.3, ,     4.8, ,    17.5, ,     5.6, 
1926,   -10.1, ,   -11.4, ,    -7.9, ,      .6, ,     8.9, ,    14.4, ,    17.8, ,    17.6, ,    12.6, ,     6.9, ,     1.3, ,   -10.5, ,     3.4, ,    -9.5, ,      .5, ,    16.6, ,     6.9, 
1927,    -9.3, ,    -9.1, ,     -.9, ,     4.4, ,     9.5, ,    14.4, ,    18.8, ,    16.6, ,    13.6, ,     9.1, ,     3.1, ,    -5.5, ,     5.4, ,    -9.6, ,     4.3, ,    16.6, ,     8.6, 
1928,    -9.4, ,    -9.4, ,    -4.7, ,     2.5, ,    10.9, ,    15.4, ,    19.7, ,    20.0, ,    12.4, ,     7.7, ,     -.1, ,    -3.9, ,     5.1, ,    -8.1, ,     2.9, ,    18.4, ,     6.7, 
1929,   -10.9, ,    -9.8, ,    -1.6, ,     4.4, ,    11.1, ,    16.8, ,    18.1, ,    16.0, ,    14.4, ,     7.4, ,     1.3, ,    -9.5, ,     4.8, ,    -8.2, ,     4.6, ,    17.0, ,     7.7, 
1930,   -10.0, ,    -9.6, ,    -3.8, ,     3.6, ,    11.7, ,    19.4, ,    18.4, ,    16.9, ,    14.7, ,     7.7, ,     2.7, ,    -5.7, ,     5.5, ,    -9.7, ,     3.8, ,    18.2, ,     8.4, 
1931,   -11.3, ,    -9.3, ,     -.8, ,     6.5, ,    12.3, ,    17.0, ,    21.5, ,    17.7, ,    14.8, ,     9.0, ,     4.2, ,    -5.8, ,     6.3, ,    -8.8, ,     6.0, ,    18.7, ,     9.3, 
1932,    -4.1, ,    -8.5, ,    -5.9, ,     3.4, ,    11.4, ,    16.3, ,    17.8, ,    19.0, ,    14.4, ,     9.1, ,    -1.7, ,    -4.5, ,     5.6, ,    -6.1, ,     3.0, ,    17.7, ,     7.3, 
1933,    -4.4, ,    -6.9, ,    -5.2, ,     4.6, ,    11.7, ,    17.6, ,    18.6, ,    17.8, ,    13.9, ,     6.9, ,    -4.7, ,   -11.9, ,     4.8, ,    -5.3, ,     3.7, ,    18.0, ,     5.4, 
1934,   -11.5, ,   -17.7, ,    -5.1, ,     5.4, ,    12.2, ,    17.7, ,    19.7, ,    16.3, ,    17.1, ,     6.0, ,     2.3, ,   -10.5, ,     4.3, ,   -13.7, ,     4.2, ,    17.9, ,     8.5, 
1935,   -14.3, ,   -11.1, ,    -4.0, ,     4.7, ,     8.9, ,    17.3, ,    21.3, ,    19.0, ,    11.9, ,     7.4, ,     2.1, ,   -10.5, ,     4.4, ,   -12.0, ,     3.2, ,    19.2, ,     7.1, 
1936,   -12.4, ,   -14.1, ,      .3, ,     3.9, ,    12.4, ,    16.7, ,    17.9, ,    16.8, ,    14.0, ,     6.7, ,    -3.1, ,    -6.4, ,     4.4, ,   -12.3, ,     5.5, ,    17.1, ,     5.9, 
1937,    -5.0, ,    -6.8, ,    -8.2, ,     4.2, ,    12.8, ,    17.1, ,    20.6, ,    20.8, ,    13.5, ,     7.0, ,     1.1, ,    -8.4, ,     5.7, ,    -6.1, ,     2.9, ,    19.5, ,     7.2, 
1938,   -11.5, ,    -8.8, ,    -4.4, ,     5.9, ,    10.6, ,    17.8, ,    19.9, ,    19.7, ,    12.6, ,     8.8, ,     1.2, ,    -5.9, ,     5.5, ,    -9.6, ,     4.0, ,    19.1, ,     7.5, 
1939,   -11.3, ,    -9.8, ,    -7.5, ,     1.7, ,    11.1, ,    16.1, ,    19.4, ,    20.1, ,    13.0, ,     7.1, ,    -1.3, ,    -6.4, ,     4.4, ,    -9.0, ,     1.8, ,    18.5, ,     6.3, 
1940,   -13.7, ,   -11.0, ,    -5.8, ,     2.6, ,    12.6, ,    16.1, ,    19.4, ,    17.7, ,    13.4, ,     5.7, ,      .7, ,    -7.9, ,     4.2, ,   -10.4, ,     3.1, ,    17.7, ,     6.6, 
1941,   -12.2, ,    -8.5, ,    -6.4, ,     7.1, ,    11.1, ,    17.3, ,    19.7, ,    16.4, ,    14.1, ,     6.3, ,     1.2, ,    -5.9, ,     5.0, ,    -9.5, ,     3.9, ,    17.8, ,     7.2, 
1942,   -10.8, ,   -11.2, ,      .0, ,     5.5, ,    14.4, ,    17.1, ,    18.8, ,    17.6, ,    13.8, ,     8.3, ,      .7, ,    -9.8, ,     5.4, ,    -9.3, ,     6.6, ,    17.8, ,     7.6, 
1943,   -12.7, ,    -8.9, ,    -5.2, ,      .9, ,    10.7, ,    16.8, ,    19.0, ,    17.6, ,    12.6, ,     8.0, ,      .0, ,   -11.4, ,     4.0, ,   -10.5, ,     2.1, ,    17.8, ,     6.9, 
1944,    -9.2, ,   -10.9, ,    -6.9, ,     2.2, ,    13.6, ,    16.7, ,    19.4, ,    19.8, ,    14.7, ,     7.0, ,     1.3, ,    -9.8, ,     4.8, ,   -10.5, ,     3.0, ,    18.6, ,     7.7, 
1945,   -14.9, ,    -7.9, ,     2.2, ,     8.0, ,    10.2, ,    16.8, ,    19.6, ,    18.3, ,    15.4, ,     6.4, ,     1.0, ,    -8.3, ,     5.6, ,   -10.9, ,     6.8, ,    18.2, ,     7.6, 
1946,    -9.9, ,   -11.9, ,     2.7, ,     4.3, ,    10.5, ,    16.1, ,    18.4, ,    16.7, ,    14.8, ,     9.6, ,     2.4, ,    -6.4, ,     5.6, ,   -10.0, ,     5.8, ,    17.1, ,     8.9, 
1947,    -9.2, ,   -10.2, ,    -2.0, ,     2.8, ,    10.3, ,    15.9, ,    20.9, ,    20.8, ,    14.2, ,    10.7, ,     -.3, ,   -10.0, ,     5.3, ,    -8.6, ,     3.7, ,    19.2, ,     8.2, 
1948,   -12.9, ,   -12.3, ,    -4.4, ,     4.9, ,    10.7, ,    15.5, ,    19.3, ,    19.2, ,    14.0, ,     6.5, ,     5.1, ,    -4.1, ,     5.1, ,   -11.7, ,     3.7, ,    18.0, ,     8.5, 
1949,    -6.8, ,    -7.1, ,    -3.8, ,     6.0, ,    11.7, ,    18.8, ,    20.3, ,    19.4, ,    13.3, ,    10.3, ,    -1.0, ,    -4.6, ,     6.4, ,    -6.0, ,     4.6, ,    19.5, ,     7.5, 
1950,    -5.5, ,   -11.0, ,    -7.0, ,     3.3, ,    12.1, ,    17.1, ,    18.8, ,    17.1, ,    11.5, ,     8.1, ,     3.4, ,    -5.2, ,     5.2, ,    -7.0, ,     2.8, ,    17.7, ,     7.7, 
1951,    -8.1, ,    -7.4, ,    -1.3, ,     6.2, ,    11.4, ,    16.0, ,    19.3, ,    16.8, ,    13.3, ,     8.4, ,    -2.1, ,    -7.1, ,     5.5, ,    -6.9, ,     5.4, ,    17.4, ,     6.5, 
1952,    -9.7, ,    -6.8, ,    -2.3, ,     5.9, ,     9.6, ,    17.6, ,    21.9, ,    18.4, ,    14.7, ,     6.0, ,     2.0, ,    -5.0, ,     6.0, ,    -7.9, ,     4.4, ,    19.3, ,     7.6, 
1953,    -6.2, ,    -6.6, ,     -.8, ,     6.2, ,    12.6, ,    17.4, ,    19.5, ,    17.7, ,    13.9, ,     8.7, ,     4.6, ,    -2.3, ,     7.1, ,    -5.9, ,     6.0, ,    18.2, ,     9.1, 
1954,   -12.9, ,    -5.7, ,    -3.5, ,     4.4, ,    10.7, ,    17.2, ,    17.7, ,    16.3, ,    12.3, ,     9.2, ,     1.6, ,    -6.8, ,     5.0, ,    -7.0, ,     3.9, ,    17.1, ,     7.7, 
1955,   -12.0, ,    -8.2, ,    -4.3, ,     6.3, ,    13.7, ,    17.5, ,    21.3, ,    20.4, ,    12.8, ,     8.2, ,      .1, ,   -12.4, ,     5.3, ,    -9.0, ,     5.2, ,    19.7, ,     7.0, 
1956,    -8.3, ,    -8.5, ,    -7.3, ,     3.6, ,     8.2, ,    16.7, ,    17.4, ,    17.1, ,    11.7, ,     8.5, ,     1.5, ,    -6.1, ,     4.5, ,    -9.7, ,     1.5, ,    17.1, ,     7.2, 
1957,   -14.7, ,    -7.6, ,    -1.9, ,     5.6, ,    11.0, ,    17.9, ,    18.2, ,    15.9, ,    14.7, ,     7.8, ,     3.2, ,    -3.8, ,     5.5, ,    -9.5, ,     4.9, ,    17.3, ,     8.6, 
1958,    -8.3, ,   -12.0, ,     -.1, ,     6.3, ,     9.5, ,    13.2, ,    18.7, ,    18.1, ,    13.4, ,     7.0, ,     1.8, ,   -14.0, ,     4.5, ,    -8.0, ,     5.2, ,    16.7, ,     7.4, 
1959,   -11.4, ,   -12.6, ,    -5.0, ,     5.3, ,    13.0, ,    16.9, ,    21.1, ,    20.4, ,    15.7, ,     7.4, ,      .8, ,    -5.6, ,     5.5, ,   -12.7, ,     4.4, ,    19.5, ,     8.0, 
1960,   -11.6, ,    -5.6, ,    -5.6, ,     5.2, ,    14.9, ,    16.9, ,    18.1, ,    17.7, ,    14.2, ,     6.4, ,     3.7, ,    -8.6, ,     5.5, ,    -7.6, ,     4.8, ,    17.6, ,     8.1, 
1961,   -15.1, ,    -8.9, ,    -3.9, ,     4.2, ,    10.4, ,    16.2, ,    19.2, ,    18.1, ,    17.9, ,     9.2, ,     1.8, ,    -5.3, ,     5.3, ,   -10.9, ,     3.6, ,    17.8, ,     9.6, 
1962,   -11.3, ,   -11.7, ,    -2.4, ,     4.1, ,    11.8, ,    16.4, ,    16.5, ,    18.1, ,    12.6, ,     7.2, ,     -.5, ,    -8.4, ,     4.4, ,    -9.4, ,     4.5, ,    17.0, ,     6.4, 
1963,   -10.2, ,   -13.7, ,    -4.3, ,     4.0, ,    10.7, ,    17.1, ,    20.3, ,    16.0, ,    11.3, ,    10.3, ,     3.9, ,   -12.8, ,     4.4, ,   -10.8, ,     3.5, ,    17.8, ,     8.5, 
1964,    -7.8, ,    -9.1, ,    -1.9, ,     4.5, ,    13.1, ,    16.1, ,    20.3, ,    15.9, ,    12.1, ,     7.0, ,      .6, ,    -5.6, ,     5.4, ,    -9.9, ,     5.2, ,    17.4, ,     6.6, 
1965,   -11.9, ,   -10.5, ,    -3.8, ,     3.3, ,    12.2, ,    16.2, ,    17.0, ,    18.1, ,    14.3, ,     7.0, ,     -.6, ,    -4.8, ,     4.7, ,    -9.3, ,     3.9, ,    17.1, ,     6.9, 
1966,   -10.4, ,    -9.1, ,    -2.1, ,     4.1, ,     9.7, ,    16.8, ,    18.8, ,    18.0, ,    12.1, ,     7.4, ,     3.6, ,    -5.8, ,     5.3, ,    -8.1, ,     3.9, ,    17.9, ,     7.7, 
1967,    -6.3, ,   -13.4, ,    -5.6, ,     3.7, ,     7.6, ,    18.4, ,    20.1, ,    18.6, ,    13.6, ,     8.3, ,    -1.5, ,    -5.7, ,     4.8, ,    -8.5, ,     1.9, ,    19.0, ,     6.8, 
1968,   -14.3, ,   -12.9, ,    -1.3, ,     7.0, ,    10.7, ,    15.5, ,    19.8, ,    16.5, ,    15.4, ,     9.6, ,     -.4, ,    -9.1, ,     4.7, ,   -11.0, ,     5.5, ,    17.3, ,     8.2, 
1969,    -8.5, ,    -7.1, ,    -4.3, ,     3.6, ,    10.3, ,    16.9, ,    18.9, ,    19.4, ,    13.7, ,     7.5, ,     2.1, ,    -7.5, ,     5.4, ,    -8.2, ,     3.2, ,    18.4, ,     7.8, 
1970,   -16.2, ,    -9.8, ,    -4.2, ,     4.7, ,    12.0, ,    16.8, ,    20.8, ,    19.0, ,    14.2, ,    10.0, ,     2.2, ,   -11.7, ,     4.8, ,   -11.2, ,     4.2, ,    18.9, ,     8.8, 
1971,   -15.0, ,    -8.3, ,    -5.0, ,     2.7, ,    11.6, ,    16.6, ,    18.8, ,    17.8, ,    16.4, ,    10.8, ,     -.9, ,    -7.3, ,     4.9, ,   -11.7, ,     3.1, ,    17.7, ,     8.8, 
1972,    -9.0, ,   -10.9, ,    -4.8, ,     1.5, ,    12.0, ,    17.2, ,    19.5, ,    17.3, ,    14.3, ,     4.9, ,     -.2, ,    -7.2, ,     4.6, ,    -9.1, ,     2.9, ,    18.0, ,     6.3, 
1973,    -8.3, ,   -10.2, ,     1.9, ,     5.4, ,    11.1, , -9999.9,M,    20.6, ,    21.0, ,    13.4, ,     8.6, ,      .0, ,    -4.4, , -9999.9,M,    -8.6, ,     6.1, , -9999.9,M,     7.3, 
1974,    -9.0, ,   -10.4, ,    -4.1, ,     4.7, ,     9.3, ,    17.7, ,    19.5, ,    18.6, ,    13.3, ,     4.6, ,      .8, ,    -3.8, ,     5.1, ,    -7.9, ,     3.3, ,    18.6, ,     6.2, 
1975,    -7.8, ,    -8.6, ,    -4.3, ,     1.9, ,    14.7, ,    17.3, ,    21.3, ,    18.9, ,    13.4, ,     8.4, ,     3.4, , -9999.9,M, -9999.9,M,    -6.7, ,     4.1, ,    19.2, ,     8.4, 
1976,   -14.0, ,    -6.8, ,    -3.0, ,     6.4, ,    11.2, ,    18.8, ,    18.6, ,    18.2, ,    13.1, ,     5.9, ,    -1.2, ,   -11.2, ,     4.7, , -9999.9,M,     4.9, ,    18.5, ,     5.9, 
1977,   -13.2, ,    -7.7, ,     1.8, ,     4.8, ,    12.8, ,    16.2, ,    18.5, ,    17.5, ,    12.8, ,     7.2, ,     2.7, ,    -7.8, ,     5.5, ,   -10.7, ,     6.5, ,    17.4, ,     7.6, 
1978,   -11.1, ,   -13.4, ,    -5.4, ,     2.9, ,    13.8, ,    17.1, ,    19.5, ,    17.9, ,    10.7, ,     6.5, ,      .1, ,    -7.0, ,     4.3, ,   -10.8, ,     3.8, ,    18.2, ,     5.8, 
1979,    -9.2, ,   -14.8, ,      .9, ,     5.6, ,    12.9, ,    17.2, ,    20.8, ,    17.3, ,    13.2, ,     7.7, ,     4.0, ,    -4.6, ,     5.9, ,   -10.3, ,     6.5, ,    18.4, ,     8.3, 
1980,    -8.8, ,   -10.3, ,    -3.0, ,     6.3, ,    11.8, ,    15.4, ,    19.3,E,    18.7, ,    12.7, ,     5.8, ,    -1.6, ,   -11.7, ,     4.6,E,    -7.9, ,     5.0, ,    17.8,E,     5.6, 
1981,   -14.6, ,    -1.8, ,    -1.5, ,     6.3, ,    12.9, ,    17.3, ,    19.6, ,    17.4, ,    13.2, ,     6.0, ,     1.1, ,    -4.7, ,     5.9, ,    -9.4, ,     5.9, ,    18.1, ,     6.8, 
1982,   -16.6, ,   -10.3, ,    -3.5, ,     3.0, ,    12.8, ,    15.7, ,    19.1, ,    16.6, ,    14.4, ,     8.1, ,     3.3, ,    -2.7, ,     5.0, ,   -10.5, ,     4.1, ,    17.1, ,     8.6, 
1983,    -8.1,E,    -7.2, ,    -1.7, ,     5.4, ,    10.6, ,    17.5, ,    20.1, ,    19.0, ,    15.4, ,     7.5, ,     1.8, ,    -8.3, ,     6.0,E,    -6.0,E,     4.8, ,    18.9, ,     8.2, 
1984, -9999.9,M,    -3.5, ,    -7.0, ,     6.3, ,    10.4,E,    17.5, ,    19.8, ,    19.9, ,    11.8, ,     8.3, ,      .7,E,    -3.8, , -9999.9,M, -9999.9,M,     3.2,E,    19.1, ,     6.9,E
1985,   -13.7,E,    -7.3, ,    -3.2, ,     4.7, ,    11.6, ,    15.0, ,    19.2,E,    17.5, ,    14.4, ,     8.2, ,      .3,E,    -8.8, ,     4.8,E,    -8.3,E,     4.4, ,    17.2,E,     7.6,E
1986,   -10.2, ,   -10.4, ,    -1.8, ,     8.1, ,    13.0, ,    15.1, ,    18.4, ,    17.6, ,    12.7, ,     7.2, ,     -.5, ,    -5.0,E,     5.4,E,    -9.8, ,     6.4, ,    17.0, ,     6.5, 
1987,   -10.0, ,   -12.5, ,     -.9, ,     8.2, ,    12.1, ,    17.7,E,    20.2, ,    17.4, ,    13.9, ,     6.9, ,      .5,E,    -4.1, ,     5.8,E,    -9.2,E,     6.5, ,    18.4,E,     7.1,E
1988,    -8.8,E,    -8.4, ,    -3.5,E,     5.9, ,    13.7,E,    15.8, ,    21.1, ,    19.9,E,    13.1, ,     6.2, ,     2.2, ,    -7.9,E,     5.8,E,    -7.1,E,     5.4,E,    18.9,E,     7.2, 
1989,    -8.2, ,   -10.1,E,    -4.9, ,     3.8,E,    14.2, ,    17.8, ,    19.7, ,    18.2, ,    14.5, ,     8.0,E,      .1,E,   -16.8, ,     4.7,E,    -8.7,E,     4.4,E,    18.6, ,     7.5,E
1990,    -3.5,E,    -7.9, ,    -1.1, ,     6.8,E,    10.4, ,    17.2, ,    19.6, ,    19.5, ,    13.6, ,     8.6, ,     1.6, ,    -3.7, ,     6.8,E,    -9.4,E,     5.4,E,    18.8, ,     7.9, 
1991,   -10.1, ,    -5.8, ,     -.8, ,     7.2, ,    13.4,E,    17.3,E,    19.1, ,    19.6,E, -9999.9,M,     9.0, ,     1.8, ,    -7.9, , -9999.9,M,    -6.5, ,     6.6,E,    18.7,E, -9999.9,M
1992,   -10.5,E,    -9.2, ,    -5.3, ,     4.1, ,    12.0,E,    16.6, ,    17.1, ,    18.1, ,    14.1, ,     5.8, ,      .8, ,    -4.8, ,     4.9,E,    -9.2,E,     3.6,E,    17.3, ,     6.9, 
1993,    -8.6, ,   -13.8, ,    -3.8, ,     5.5, ,    12.1, ,    16.2, ,    19.6, ,    19.4, ,    13.5, ,     6.0, ,      .9, ,    -6.7, ,     5.0, ,    -9.1, ,     4.6, ,    18.4, ,     6.8, 
1994,   -16.6, ,   -12.0, ,    -2.9, ,     4.2, ,    11.0, ,    18.6, ,    21.5, ,    17.5, ,    13.4,E,     8.1,E,     3.0, ,    -3.9, ,     5.2,E,   -11.8, ,     4.1, ,    19.2, ,     8.2,E
1995,    -5.3, ,   -10.2, ,     -.4, , -9999.9,M, -9999.9,M,    18.4,E,    20.9, ,    18.9, ,    12.0, , -9999.9,M, -9999.9,M, -9999.9,M, -9999.9,M,    -6.5, , -9999.9,M,    19.4,E, -9999.9,M
1996, -9999.9,M,    -7.5, ,    -3.2, ,     4.9, ,    10.7, ,    17.7, ,    19.2,E, -9999.9,M,    14.7,E,     7.1,E,     -.8,E,    -1.7,E, -9999.9,M, -9999.9,M,     4.1, , -9999.9,M,     7.0,E
1997,    -9.8,E,    -6.5,E,    -4.8, ,     3.6, ,     8.6, ,    17.7, ,    18.7, ,    17.3, ,    13.0, ,     6.6,E,     -.2, ,    -6.4, ,     4.8,E,    -6.0,E,     2.5, ,    17.9, ,     6.5,E
1998,    -7.4, ,    -3.6, ,     -.8, ,     6.2, ,    14.9, ,    17.2, ,    19.1, ,    18.4, ,    14.5,E,     7.9, ,     2.1,E,    -2.0, ,     7.2,E,    -5.8, ,     6.8, ,    18.2, ,     8.2,E
1999,    -9.4, ,    -5.9, ,    -1.3, ,     4.8, ,    14.1, ,    18.7,E,    20.4, , -9999.9,M,    16.1, ,     6.3, ,     3.8, ,    -4.1, , -9999.9,M,    -5.8, ,     5.9, , -9999.9,M,     8.7, 
2000,   -10.5, ,    -7.6, ,     1.1, ,     4.5, ,    11.6, ,    15.8, ,    17.9, ,    18.1, ,    12.6, ,     7.2, ,     1.3, ,    -9.6,E,     5.2,E,    -7.4, ,     5.7, ,    17.3, ,     7.0, 
2001,   -10.9, ,    -9.8, ,    -4.8, ,     3.8,E,    12.4, ,    17.8, ,    17.6, ,    19.2, ,    14.2, ,     8.6, ,     4.0, ,    -1.6, ,     5.9,E,   -10.1,E,     3.8,E,    18.2, ,     8.9, 
2002,    -5.3, ,    -6.0, ,    -2.2, ,     5.7, ,     9.8, ,    15.6, ,    19.4, ,    19.3, ,    15.7, ,     5.6, ,      .0, ,    -5.9, ,     6.0, ,    -4.3, ,     4.4, ,    18.1, ,     7.1, 
2003,   -13.4,E,   -10.8, ,    -3.9, ,     3.6, ,    11.5, ,    16.7,E, -9999.9,M,    19.8, ,    15.2, ,     7.1, ,     2.1, ,    -6.3, , -9999.9,M,   -10.0,E,     3.7, , -9999.9,M,     8.1, 
2004,   -16.0,E,    -9.8, ,    -1.0, ,     5.2, ,    12.4, ,    15.3, ,    19.2, ,    18.0, ,    14.4, ,     7.9,E,     1.7, ,    -7.2, ,     5.0,E,   -10.7,E,     5.5, ,    17.5, ,     8.0,E
2005,   -10.8,E,    -6.9,E,    -3.7, ,     6.1,E,    10.2, ,    19.8, ,    20.4, ,    19.6, ,    15.6, ,     9.3,E,     2.8, ,    -6.7, ,     6.3,E,    -8.3,E,     4.2,E,    19.9, ,     9.2,E
2006,    -4.2, ,    -7.0, ,    -1.4, ,     6.6, ,    13.7, ,    17.8, ,    21.2, , -9999.9,M, -9999.9,M,     6.8, ,     4.6, ,    -2.2, , -9999.9,M,    -6.0, ,     6.3, , -9999.9,M, -9999.9,M
2007,    -8.9,E,   -12.8, ,    -4.0,E,     3.9, ,    11.7, ,    17.4, ,    18.3, ,    17.6,E,    14.6, ,    10.3, ,     -.3, ,    -6.9,E,     5.1,E,    -8.0,E,     3.9,E,    17.8,E,     8.2, 
2008,    -7.6, ,    -8.0, ,    -4.7, ,     7.2, ,    10.5, ,    18.1, ,    19.8, ,    17.9, ,    14.7, ,     6.6, ,     2.2, ,    -6.3, ,     5.9, ,    -7.5,E,     4.3, ,    18.6, ,     7.8, 
2009,   -13.6, ,    -8.5, ,    -2.1, ,     6.7, ,    11.4, ,    16.3, ,    18.4, ,    19.3, ,    13.4, ,     6.1, ,     3.6, ,    -6.3, ,     5.4, ,    -9.5, ,     5.3, ,    18.0, ,     7.7, 
2010,    -7.7, ,    -5.4, ,     2.2, ,     8.1, ,    13.3, ,    16.6,E,    21.3, ,    18.8, ,    15.1, ,     7.0, ,     1.7, ,    -6.4, ,     7.1,E,    -6.5, ,     7.9, ,    18.9,E,     7.9, 
2011,   -10.0, ,    -9.2, ,    -3.8, ,     4.9, ,    13.6, ,    17.1, ,    20.0, ,    18.9, ,    15.7, ,     8.5, ,     4.6, , -9999.9,M, -9999.9,M,    -8.5, ,     4.9, ,    18.7, ,     9.6, 
2012,    -7.2, ,    -5.7, ,     2.4, ,     6.1, ,    14.0, ,    17.7, ,    19.9, ,    20.0, ,    13.7, ,    10.1, ,      .0, ,    -3.2, ,     7.3, , -9999.9,M,     7.5, ,    19.2, ,     7.9, 
