7013362,JOLIETTE       ,QC, station joined    , Monthly mean of homogenized daily mean temperature                     , °C,          Updated to December 2012
7013362,JOLIETTE       ,QC, station jointe    , Moyenne mensuelle des températures homogénéisées moyennes quotidiennes , °C, Mise à jour jusqu à décembre 2012
Year,     Jan, ,     Feb, ,     Mar, ,     Apr, ,     May, ,     Jun, ,     Jul, ,     Aug, ,     Sep, ,     Oct, ,     Nov, ,     Dec, ,  Annual, ,  Winter, ,  Spring, ,  Summer, ,  Autumn
Year,    Janv, ,     Fév, ,    Mars, ,     Avr, ,     Mai, ,    Juin, ,    Juil, ,    Août, ,    Sept, ,     Oct, ,     Nov, ,     Déc, ,  Annuel, ,   Hiver, ,Printemp, ,     Eté, , Automne
1914, -9999.9,M,   -18.9, ,    -4.6, ,     1.4, , -9999.9,M, -9999.9,M, -9999.9,M, -9999.9,M, -9999.9,M, -9999.9,M, -9999.9,M, -9999.9,M, -9999.9,M, -9999.9,M, -9999.9,M, -9999.9,M, -9999.9,M
1915, -9999.9,M,    -8.0, ,    -4.3, ,     7.3, ,     7.4, ,    17.9, ,    20.6, ,    18.4, ,    15.4, ,     8.2, ,      .4, ,    -6.3, , -9999.9,M, -9999.9,M,     3.5, ,    19.0, ,     8.0, 
1916,   -12.1, ,   -12.0, ,    -9.0, ,     5.4, ,    11.3, ,    17.1, ,    22.2, ,    20.8, ,    13.7, ,     6.7, ,    -2.2, ,    -8.6, ,     4.4, ,   -10.1, ,     2.6, ,    20.0, ,     6.1, 
1917,   -14.8, ,   -14.7, ,    -5.2, ,     2.3, ,     8.6, ,    16.5, ,    21.4, ,    19.4, ,    13.5, ,     5.0, ,    -2.8, ,   -15.2, ,     2.8, ,   -12.7, ,     1.9, ,    19.1, ,     5.2, 
1918,   -15.8, ,   -13.6, ,    -6.2, ,     4.8, ,    14.0, ,    15.3, ,    21.0, ,    19.5, ,    11.4, ,     7.5, ,     -.2, ,    -8.3, ,     4.1, ,   -14.9, ,     4.2, ,    18.6, ,     6.2, 
1919,   -10.5, ,    -8.4, ,    -4.7, ,     2.4, ,    12.2, ,    20.2, ,    21.5, ,    18.1, ,    13.1, ,     5.9, ,     -.7, ,   -11.9, ,     4.8, ,    -9.1, ,     3.3, ,    19.9, ,     6.1, 
1920,   -18.7, , -9999.9,M,    -3.7, ,     3.9, ,    13.5, ,    18.2, ,    18.9, ,    21.3, ,    15.3, ,     9.5, ,    -2.5, ,    -7.8, , -9999.9,M, -9999.9,M,     4.6, ,    19.5, ,     7.4, 
1921,   -10.9, ,   -11.2, ,     -.9, ,     7.0, ,    14.0, ,    19.0, ,    23.5, ,    18.0, ,    15.4, ,     6.9, ,    -3.5, ,    -9.0, ,     5.7, ,   -10.0, ,     6.7, ,    20.2, ,     6.3, 
1922,   -13.7, ,   -11.6, ,    -2.2, ,     5.3, ,    14.9, ,    18.4, ,    20.2, ,    18.8, ,    15.6, ,     6.1, ,      .2, ,   -11.4, ,     5.1, ,   -11.4, ,     6.0, ,    19.1, ,     7.3, 
1923,   -13.7, ,   -16.7, ,    -9.8, ,     2.4, ,    11.6, ,    18.0, ,    18.8, ,    17.5, ,    14.5, ,     7.9, ,      .4, ,    -3.6, ,     3.9, ,   -13.9, ,     1.4, ,    18.1, ,     7.6, 
1924,   -13.9, ,   -14.2, ,    -2.0, ,     3.9, ,     9.4, ,    17.2, ,    20.3, ,    18.9, ,    12.5, ,     8.6, ,      .1, ,   -11.4, ,     4.1, ,   -10.6, ,     3.8, ,    18.8, ,     7.1, 
1925,   -16.6, ,    -7.9, ,    -2.7, ,     5.0, ,    10.8, ,    18.2, ,    19.3, ,    20.3, ,    12.2, ,     3.5, ,     -.9, ,    -9.4, ,     4.3, ,   -12.0, ,     4.4, ,    19.3, ,     4.9, 
1926,   -12.4, ,   -12.9, ,    -7.2, ,      .6, ,    10.5, ,    15.7, ,    19.9, ,    18.2, ,    12.6, ,     5.9, ,    -1.2, ,   -10.9, ,     3.2, ,   -11.6, ,     1.3, ,    17.9, ,     5.8, 
1927,   -10.3, ,   -10.9, ,    -2.1, ,     5.6, ,    10.7, ,    16.1, ,    20.1, ,    17.2, ,    14.5, ,     8.8, ,      .4, ,    -5.8, ,     5.4, ,   -10.7, ,     4.7, ,    17.8, ,     7.9, 
1928,   -12.8, ,   -13.8, ,    -6.5, ,     1.6, ,    11.5, ,    17.1, ,    20.2, ,    20.1, ,    12.7, ,     6.8, ,      .0, ,    -6.0, ,     4.2, ,   -10.8, ,     2.2, ,    19.1, ,     6.5, 
1929,   -13.6, ,   -11.9, ,    -3.7, ,     3.3, ,    11.7, ,    17.3, ,    20.0, ,    17.3, ,    14.3, ,     6.2, ,    -1.9, ,   -11.6, ,     4.0, ,   -10.5, ,     3.8, ,    18.2, ,     6.2, 
1930,   -13.4, ,   -13.3, ,    -5.0, ,     3.5, ,    11.5, ,    19.4, ,    19.6, ,    17.5, ,    13.3, ,     6.9, ,      .3, ,    -8.9, ,     4.3, ,   -12.8, ,     3.3, ,    18.8, ,     6.8, 
1931,   -12.5, , -9999.9,M,     2.3, ,     6.1, ,    11.7, ,    17.1, ,    20.9, ,    18.4, ,    13.7, ,     8.5, ,     1.9, ,    -8.8, , -9999.9,M, -9999.9,M,     6.7, ,    18.8, ,     8.0, 
1932,    -8.3, ,   -12.5, ,    -7.7, ,     2.9, ,    13.1, ,    18.0, ,    19.5, ,    20.3, ,    15.1, ,     8.1, ,    -3.2, ,    -7.4, ,     4.8, ,    -9.9, ,     2.8, ,    19.3, ,     6.7, 
1933,    -6.1, ,    -8.7, ,    -5.4, ,     4.6, ,    13.1, ,    19.3, ,    19.9, ,    18.0, ,    15.4, ,     6.7, ,    -6.1, ,   -15.1, ,     4.6, ,    -7.4, ,     4.1, ,    19.1, ,     5.3, 
1934,   -12.9, ,   -18.9, ,    -7.0, ,     4.2, ,    13.2, ,    18.3, ,    21.3, ,    17.8, ,    16.2, ,     5.8, ,     1.6, ,   -11.7, ,     4.0, ,   -15.6, ,     3.5, ,    19.1, ,     7.9, 
1935,   -15.6, ,   -12.6, ,    -5.8, ,     5.6, ,    10.9, ,    17.8, ,    22.0, ,    19.2, ,    12.5, ,     7.4, ,     1.2, ,   -10.1, ,     4.4, ,   -13.3, ,     3.6, ,    19.7, ,     7.0, 
1936,   -13.1, ,   -13.8, ,    -1.6, ,     4.0, ,    12.6, ,    18.0, ,    19.7, ,    17.8, ,    14.2, ,     6.0, ,    -4.3, ,    -7.7, ,     4.3, ,   -12.3, ,     5.0, ,    18.5, ,     5.3, 
1937,    -7.6, ,    -7.9, ,    -6.1, ,     4.8, ,    14.2, ,    19.0, ,    21.8, ,    22.2, ,    15.2, ,     6.9, ,     1.0, ,    -9.9, ,     6.1, ,    -7.7, ,     4.3, ,    21.0, ,     7.7, 
1938,   -13.2, ,   -12.0, ,    -5.5, ,     5.8, ,    12.6, ,    19.1, ,    21.1, ,    20.9, ,    12.5, ,     8.9, ,      .8, ,    -7.2, ,     5.3, ,   -11.7, ,     4.3, ,    20.4, ,     7.4, 
1939,   -12.6, ,   -12.0, ,    -8.0, ,     1.9, ,    12.3, ,    18.2, ,    20.9, ,    21.0, ,    13.5, ,     6.8, ,     -.8, ,    -7.5, ,     4.5, ,   -10.6, ,     2.1, ,    20.0, ,     6.5, 
1940,   -14.5, ,   -10.8, ,    -6.0, ,     2.9, ,    12.1, ,    17.1, ,    20.6, ,    19.7, ,    15.1, ,     6.2, ,     -.6, ,    -8.8, ,     4.4, ,   -10.9, ,     3.0, ,    19.1, ,     6.9, 
1941,   -12.4, ,    -8.8, ,    -5.4, ,     8.3, ,    13.7, ,    19.5, ,    21.8, ,    18.0, ,    14.3, ,     6.5, ,      .2, ,    -6.5, ,     5.8, ,   -10.0, ,     5.5, ,    19.8, ,     7.0, 
1942,   -11.6, ,    -9.7, ,     -.7, ,     6.5, ,    14.5, ,    18.9, ,    19.8, ,    18.8, ,    14.4, ,     8.4, ,      .0, ,   -11.9, ,     5.6, ,    -9.3, ,     6.8, ,    19.2, ,     7.6, 
1943,   -14.7, ,   -10.8, ,    -6.5, ,      .2, ,    11.9, ,    17.8, ,    20.9, ,    18.4, ,    13.0, ,     7.9, ,      .4, ,   -13.2, ,     3.8, ,   -12.5, ,     1.9, ,    19.0, ,     7.1, 
1944,    -9.5, ,   -12.0, ,    -6.9, ,     2.9, ,    15.3, ,    17.9, ,    20.9, ,    20.9, ,    15.1, ,     7.0, ,     1.2, ,   -11.5, ,     5.1, ,   -11.6, ,     3.8, ,    19.9, ,     7.8, 
1945,   -15.4, ,    -9.0, ,      .5, ,     8.2, ,    10.5, ,    17.5, ,    20.6, ,    19.9, ,    15.2, ,     6.2, ,     -.2, ,   -10.2, ,     5.3, ,   -12.0, ,     6.4, ,    19.3, ,     7.1, 
1946,   -12.1, ,   -13.7, ,      .9, ,     4.9, ,    11.2, ,    18.0, ,    20.2, ,    18.0, ,    15.9, ,     9.6, ,      .8, ,    -8.2, ,     5.5, ,   -12.0, ,     5.7, ,    18.7, ,     8.8, 
1947,   -10.8, ,   -11.8, ,    -2.6, ,     1.5, ,     9.8, ,    16.9, ,    21.4, ,    22.0, ,    14.5, ,    11.9, ,     -.1, ,   -10.5, ,     5.2, ,   -10.3, ,     2.9, ,    20.1, ,     8.8, 
1948,   -14.1, ,   -14.4, ,    -5.4, ,     5.3, ,    12.1, ,    17.4, ,    21.2, ,    21.0, ,    16.7, ,     8.2, ,     4.5, ,    -4.6, ,     5.7, ,   -13.0, ,     4.0, ,    19.9, ,     9.8, 
1949,    -8.5, ,    -9.1, ,    -4.4, ,     6.6, ,    12.7, ,    20.0, ,    22.8, ,    20.9, ,    13.7, ,    10.4, ,    -1.7, ,    -6.5, ,     6.4, ,    -7.4, ,     5.0, ,    21.2, ,     7.5, 
1950,    -8.0, ,   -12.5, ,    -7.3, ,     3.5, ,    13.0, ,    18.1, ,    20.6, ,    18.4, ,    12.5, ,     8.4, ,     2.0, ,    -7.5, ,     5.1, ,    -9.0, ,     3.1, ,    19.0, ,     7.6, 
1951,   -10.6, ,    -9.5, ,    -2.4, ,     6.1, ,    13.8, ,    17.2, ,    20.4, ,    18.0, ,    13.6, ,     8.1, ,    -2.0, ,    -8.5, ,     5.4, ,    -9.2, ,     5.8, ,    18.5, ,     6.6, 
1952,   -11.4, ,    -7.4, ,    -2.4, ,     6.0, ,    11.6, ,    18.6, ,    22.4, ,    19.6, ,    14.4, ,     6.1, ,     1.5, ,    -5.3, ,     6.1, ,    -9.1, ,     5.1, ,    20.2, ,     7.3, 
1953,    -8.2, ,    -7.5, ,    -2.4, ,     6.4, ,    13.5, ,    18.6, ,    21.0, ,    19.3, ,    14.4, ,     9.3, ,     3.8, ,    -3.8, ,     7.0, ,    -7.0, ,     5.8, ,    19.6, ,     9.2, 
1954,   -14.6, ,    -7.1, ,    -4.7, ,     3.3, ,    11.0, ,    17.2, ,    18.5, ,    17.6, ,    11.8, ,     8.8, ,     1.4, ,    -7.3, ,     4.7, ,    -8.5, ,     3.2, ,    17.8, ,     7.3, 
1955,   -12.5, ,   -10.7, ,    -5.5, ,     5.9, ,    14.7, ,    19.5, ,    23.1, ,    21.4, ,    13.4, ,     8.7, ,      .7, , -9999.9,M, -9999.9,M,   -10.2, ,     5.0, ,    21.3, ,     7.6, 
1956, -9999.9,M, -9999.9,M, -9999.9,M, -9999.9,M, -9999.9,M, -9999.9,M,    18.2, ,    17.6, ,    11.3, ,     7.9, ,      .7, ,    -8.1, , -9999.9,M, -9999.9,M, -9999.9,M, -9999.9,M,     6.6, 
1957,   -16.6, ,    -8.2, ,    -2.2, ,     6.0, ,    12.0, ,    18.6, ,    19.8, ,    17.2, ,    13.9, ,     7.9, ,     2.3, ,    -5.6, ,     5.4, ,   -11.0, ,     5.3, ,    18.5, ,     8.0, 
1958,    -9.4, ,   -13.0, ,      .0, , -9999.9,M,    10.5, ,    14.2, ,    20.0, ,    18.5, ,    14.5, ,     7.9, , -9999.9,M, -9999.9,M, -9999.9,M,    -9.3, , -9999.9,M,    17.6, , -9999.9,M
1959, -9999.9,M, -9999.9,M,    -4.9, ,     5.2, ,    14.6, ,    16.8, ,    21.6, ,    20.2, ,    15.4, ,     6.9, ,      .2, ,    -7.4, , -9999.9,M, -9999.9,M,     5.0, ,    19.5, ,     7.5, 
1960,   -11.0, ,    -5.9, ,    -5.6, ,     4.5, ,    15.5, ,    17.8, , -9999.9,M,    19.6, ,    14.3, ,     7.1, ,     3.0, ,    -9.8, , -9999.9,M,    -8.1, ,     4.8, , -9999.9,M,     8.1, 
1961, -9999.9,M, -9999.9,M,    -4.5, ,     5.0, ,    10.6, ,    16.7, ,    19.9, ,    19.4, ,    17.6, ,    10.6, ,     2.2, ,    -5.6, , -9999.9,M, -9999.9,M,     3.7, ,    18.7, ,    10.1, 
1962,   -13.0, ,   -13.2, ,    -1.3, , -9999.9,M,    13.6, ,    18.2, ,    18.1, , -9999.9,M, -9999.9,M, -9999.9,M,     -.6, , -9999.9,M, -9999.9,M,   -10.6, , -9999.9,M, -9999.9,M, -9999.9,M
1963, -9999.9,M,   -14.5, ,    -4.4, ,     5.7, ,    11.8, ,    19.1, ,    20.5, ,    16.9, ,    11.8, ,    12.7, ,     3.7, ,   -12.9, , -9999.9,M, -9999.9,M,     4.4, ,    18.8, ,     9.4, 
1964,    -8.1, ,    -9.3, ,    -3.0, ,     5.1, ,    14.0, ,    17.8, ,    20.7, ,    16.6, ,    12.3, ,     6.6, ,     -.2, ,    -7.5, ,     5.4, ,   -10.1, ,     5.4, ,    18.4, ,     6.2, 
1965,   -12.2, ,   -11.6, ,    -3.0, ,     4.6, ,    13.2, ,    16.9, ,    18.3, ,    18.2, ,    15.1, ,     6.9, ,    -1.5, ,    -6.1, ,     4.9, ,   -10.4, ,     4.9, ,    17.8, ,     6.8, 
1966,   -10.8, ,    -8.7, ,    -1.9, ,     4.9, ,    10.7, ,    18.2, ,    20.3, ,    18.9, ,    13.4, ,     7.6, ,     3.0, ,    -6.4, ,     5.8, ,    -8.5, ,     4.6, ,    19.1, ,     8.0, 
1967,    -8.0, ,   -14.6, ,    -6.1, ,     3.9, ,     8.6, ,    18.8, , -9999.9,M,    19.3, ,    14.8, ,     7.6, ,     -.7, ,    -6.6, , -9999.9,M,    -9.7, ,     2.1, , -9999.9,M,     7.2, 
1968,   -14.2, ,   -12.0, ,    -1.9, ,     7.8, ,    11.8, ,    16.0, ,    20.1, ,    17.1, ,    16.7, ,    10.4, ,    -1.1, ,    -9.5, ,     5.1, ,   -10.9, ,     5.9, ,    17.7, ,     8.7, 
1969, -9999.9,M,    -6.5, ,    -3.3, ,     3.8, ,    10.8, ,    17.5, ,    20.1, ,    20.6, ,    13.1, ,     7.2, ,     1.9, ,    -7.4, , -9999.9,M, -9999.9,M,     3.8, ,    19.4, ,     7.4, 
1970,   -15.5, ,   -10.7, ,    -3.3, ,     5.0, ,    12.0, ,    17.9, ,    21.6, ,    19.9, ,    13.8, ,     9.9, ,     2.4, ,   -10.4, ,     5.2, ,   -11.2, ,     4.6, ,    19.8, ,     8.7, 
1971,   -14.4, ,    -9.4, ,    -4.1, ,     3.1, ,    12.4, , -9999.9,M,    20.1,E, -9999.9,M,    16.4, ,    10.2, ,     -.9, ,    -8.6, , -9999.9,M,   -11.4, ,     3.8, , -9999.9,M,     8.6, 
1972,   -10.7, , -9999.9,M,    -5.9, ,     2.2, ,    13.0, ,    17.2, ,    19.7, ,    17.6, ,    14.3, ,     5.1, ,    -1.1, ,    -8.9, , -9999.9,M, -9999.9,M,     3.1, ,    18.2, ,     6.1, 
1973,    -9.5, ,    -9.9, ,      .8, ,     5.5, ,    11.6, ,    18.9, ,    21.4, , -9999.9,M,    13.5, ,     8.5, ,      .0, ,    -6.2, , -9999.9,M,    -9.4, ,     6.0, , -9999.9,M,     7.3, 
1974,   -11.2, ,   -11.2, ,    -4.8, ,     4.3, ,     9.6, ,    17.5, ,    20.1, ,    19.1, ,    13.1, ,     4.9, , -9999.9,M,    -4.6, , -9999.9,M,    -9.5, ,     3.0, ,    18.9, , -9999.9,M
1975,    -9.7, ,    -8.7, ,    -4.4, ,     2.8, ,    15.8, ,    19.0, ,    23.2, ,    20.4, ,    13.6, ,     8.5, ,     3.1, ,   -10.0, ,     6.1, ,    -7.7, ,     4.7, ,    20.9, ,     8.4, 
1976,   -14.5, ,    -8.0, ,    -3.6, ,     6.6, ,    12.3, ,    19.8, ,    19.5, ,    18.9, ,    13.1, ,     5.5, ,     -.9, ,   -13.1, ,     4.6, ,   -10.8, ,     5.1, ,    19.4, ,     5.9, 
1977,   -13.4, ,    -8.5, ,      .4, ,     5.6, ,    14.8, ,    17.4, ,    20.1, ,    18.2, ,    13.1, ,     7.6, ,     1.6, , -9999.9,M, -9999.9,M,   -11.7, ,     6.9, ,    18.6, ,     7.4, 
1978, -9999.9,M, -9999.9,M, -9999.9,M, -9999.9,M, -9999.9,M, -9999.9,M, -9999.9,M, -9999.9,M,    11.6, ,     6.9, ,     -.7, ,    -8.0, , -9999.9,M, -9999.9,M, -9999.9,M, -9999.9,M,     5.9, 
1979,   -10.1, ,   -13.3, ,     -.2, ,     6.4, ,    13.7, ,    18.1, ,    21.2, ,    18.2, ,    13.7, ,     7.9, ,     2.7, ,    -5.7, ,     6.1, ,   -10.5, ,     6.6, ,    19.2, ,     8.1, 
1980,    -9.2, ,    -9.0, ,    -2.1, ,     6.6, ,    13.3, ,    16.2, ,    20.1, ,    20.4, ,    13.0, ,     5.8, ,    -1.1, ,   -12.3, ,     5.1, ,    -8.0, ,     5.9, ,    18.9, ,     5.9, 
1981,   -15.4,E,    -3.7,E,     -.3, ,     7.5, ,    13.2,E,    18.0, ,    21.0, ,    19.1, ,    13.8, ,     5.5, ,     1.0, ,    -4.7, ,     6.3,E,   -10.5,E,     6.8,E,    19.4, ,     6.8, 
1982,   -17.7, ,    -9.9, ,    -4.1,E,     3.3, ,    14.6, ,    16.9, ,    20.4,E,    17.2, ,    14.5, ,     8.4, ,     2.1, ,    -4.5, ,     5.1,E,   -10.8, ,     4.6,E,    18.2,E,     8.3, 
1983,    -9.0, , -9999.9,M, -9999.9,M,     4.3, ,    10.4, ,    18.8, ,    21.8, , -9999.9,M, -9999.9,M,     8.0, ,      .9, ,    -9.4, , -9999.9,M, -9999.9,M, -9999.9,M, -9999.9,M, -9999.9,M
1984,   -13.7, ,    -4.2, ,    -7.1,E,     6.7,E,    11.9,E,    18.9, ,    20.7,E,    20.9, ,    13.1, ,     8.6,E,     1.7,E,    -5.6,E,     6.0,E,    -9.1, ,     3.8,E,    20.2,E,     7.8,E
1985,   -14.3,E,    -8.6,E,    -3.1,E,     4.9, ,    13.0,E,    16.4, ,    20.0, ,    18.9, ,    15.4, ,     8.6, ,     -.4,E,    -9.8,E,     5.1,E,    -9.5,E,     4.9,E,    18.4, ,     7.9,E
1986,   -10.7,E,   -10.0,E,    -2.4,E,     8.4, ,    13.4, ,    15.7,E,    19.3, ,    17.8, ,    12.7,E,     7.5,E,    -1.0,E,    -6.2,E,     5.4,E,   -10.2,E,     6.5,E,    17.6,E,     6.4,E
1987,   -10.2,E,   -10.4,E,     -.7,E,     9.0, ,    12.3,E,    18.4,E,    21.0,E,    18.2, ,    14.2,E,     6.8,E,     -.2,E,    -4.9,E,     6.1,E,    -8.9,E,     6.9,E,    19.2,E,     6.9,E
1988,   -10.6,E,    -9.6,E,    -4.7,E,     5.4,E,    14.7, ,    17.4, ,    21.9,E,    19.8, ,    13.6, ,     5.6,E,     2.2,E,    -8.9,E,     5.6,E,    -8.4,E,     5.1,E,    19.7,E,     7.1,E
1989, -9999.9,M,   -10.8, ,    -5.5,E,     4.6, ,    14.1,E,    18.6,E,    21.2,E,    19.8, ,    15.0,E,     8.4,E,    -1.5,E,   -17.0,E, -9999.9,M, -9999.9,M,     4.4,E,    19.9,E,     7.3,E
1990, -9999.9,M,    -8.9, ,    -2.5,E,     6.6,E,    11.7,E,    17.8,E,    20.9, ,    20.2, ,    14.0, ,     8.1,E,     1.4, ,    -5.9,E, -9999.9,M, -9999.9,M,     5.3,E,    19.6,E,     7.8,E
1991,   -11.5,E,    -6.9,E,    -1.9,E,     6.3, ,    14.6,E,    19.6,E,    21.0,E,    20.8,E,    12.7, ,     8.9,E,     1.9,E,    -8.9,E,     6.4,E,    -8.1,E,     6.3,E,    20.5,E,     7.8,E
1992,   -12.7,E,   -10.4,E, -9999.9,M,     5.2, ,    13.8,E,    19.1,E, -9999.9,M,    18.8,E,    14.4, ,     6.0, ,      .7, ,    -5.4, , -9999.9,M,   -10.7,E, -9999.9,M, -9999.9,M,     7.0, 
1993,   -10.9, ,   -14.0, ,    -4.0,E,     5.5, ,    12.9, ,    17.5, ,    21.3,E,    20.6,E,    13.5,E,     5.8, ,      .0, ,    -7.0,E,     5.1,E,   -10.1, ,     4.8,E,    19.8,E,     6.4,E
1994,   -18.0, ,   -11.8, ,    -2.6, ,     4.8,E,    12.0, ,    18.9, ,    21.0, ,    17.9, ,    14.5, ,     9.2, ,     2.9, ,    -4.6, ,     5.4,E,   -12.3,E,     4.7,E,    19.3, ,     8.9, 
1995,    -7.2, ,   -10.7, ,     -.5, ,     3.6, ,    13.0, ,    19.7, ,    21.7, ,    20.2, ,    12.7,E,    10.5, ,    -1.9, ,    -8.7, ,     6.0,E,    -7.5, ,     5.4, ,    20.5, ,     7.1,E
1996,   -12.2, ,    -9.3, ,    -3.4, ,     5.1, ,    12.0, ,    18.3, ,    20.0, ,    20.0, ,    15.5, ,     6.9, ,     -.7, ,    -2.8, ,     5.8, ,   -10.1, ,     4.6, ,    19.4, ,     7.2, 
1997,   -11.7, ,    -8.9, ,    -5.0, ,     4.1, ,    10.6, ,    19.4, ,    20.2, ,    18.6, ,    14.2, ,     7.2, ,      .1, ,    -7.3, ,     5.1, ,    -7.8, ,     3.2, ,    19.4, ,     7.2, 
1998,    -9.0,E,    -4.5, ,    -1.8, ,     7.6, ,    16.6,E,    18.2,E,    20.2, ,    19.8,E,    15.4, ,     9.2, ,     2.3, ,    -3.7, ,     7.5,E,    -6.9,E,     7.5,E,    19.4,E,     9.0, 
1999,   -11.4, ,    -6.6, ,    -1.6, ,     6.0, ,    15.7, ,    19.9, , -9999.9,M,    19.0, ,    16.9, ,     6.5, ,     3.6, ,    -4.5, , -9999.9,M,    -7.2, ,     6.7, , -9999.9,M,     9.0, 
2000,   -11.7, ,    -7.9, ,      .4, ,     4.8, ,    12.0, ,    16.5, ,    19.3, ,    19.2, ,    13.3, ,     7.8,E,     2.0, ,   -10.2, ,     5.5,E,    -8.0, ,     5.7, ,    18.3, ,     7.7,E
2001,   -10.2, ,    -9.4, ,    -3.4, ,     5.8, ,    15.1, ,    19.7, , -9999.9,M,    21.3, ,    15.9, ,     8.9, ,     3.3, ,    -1.5, , -9999.9,M,    -9.9, ,     5.8, , -9999.9,M,     9.4, 
2002,    -6.1, ,    -6.9,E,    -3.1, ,     6.2, ,    11.6,E,    17.1,E,    21.5,E,    21.0,E,    16.9, ,     5.7,E,     -.6,E,    -5.9,E,     6.5,E,    -4.8,E,     4.9,E,    19.9,E,     7.3,E
2003,   -14.4,E,   -12.7,E,    -4.5,E,     3.4,E,    12.7,E,    18.9,E,    20.7,E, -9999.9,M,    16.6,E,     6.8,E,     1.6,E,    -6.0, , -9999.9,M,   -11.0,E,     3.9,E, -9999.9,M,     8.3,E
2004,   -15.5,E,    -8.3,E,    -1.6,E,     5.7, ,    12.8,E,    17.0, ,    20.9, ,    19.0, ,    15.5, ,     8.4,E,      .9,E,    -9.3,E,     5.5,E,    -9.9,E,     5.6,E,    19.0, ,     8.3,E
2005,   -13.0,E,    -7.0, ,    -3.5,E,     6.6, ,    11.4, ,    20.4,E,    21.8, ,    21.2, ,    16.7,E,     9.3, ,     1.4, ,    -6.6, ,     6.6,E,    -9.8,E,     4.8,E,    21.1,E,     9.1,E
2006,    -6.3,E,    -8.3, ,    -1.1,E,     7.2, ,    14.1,E,    19.8,E,    22.5,E,    19.1,E,    14.4,E,     7.3,E,     3.8,E,    -2.6,E,     7.5,E,    -7.1,E,     6.7,E,    20.5,E,     8.5,E
2007, -9999.9,M,   -11.9,E,    -3.6, ,     5.2, ,    13.8,E,    19.7, ,    20.1,E,    19.7, ,    16.2,E,    10.6,E,      .2,E,    -7.5, , -9999.9,M, -9999.9,M,     5.1,E,    19.8,E,     9.0,E
2008,    -7.6,E,    -8.7, ,    -5.3,E,     7.1, ,    12.1,E,    19.1,E,    20.9,E,    19.5,E,    15.9,E,     7.8,E,     1.4,E,    -8.4,E,     6.2,E,    -7.9,E,     4.6,E,    19.8,E,     8.4,E
2009,   -14.3,E,    -7.8,E,    -2.3,E,     7.6,E,    12.3,E,    17.7,E,    19.3, ,    20.8,E,    14.9,E,     6.5, ,     3.9,E,    -6.8,E,     6.0,E,   -10.2,E,     5.9,E,    19.3,E,     8.4,E
2010,    -6.5,E,    -4.6, ,     2.5, ,     9.0,E,    15.5,E,    18.2,E,    22.5,E,    20.1,E,    15.6,E,     7.7, ,     1.7, ,    -6.3,E,     8.0,E,    -6.0,E,     9.0,E,    20.3,E,     8.3,E
2011, -9999.9,M,    -9.5, ,    -2.4, ,     5.3, , -9999.9,M, -9999.9,M, -9999.9,M, -9999.9,M, -9999.9,M, -9999.9,M, -9999.9,M, -9999.9,M, -9999.9,M, -9999.9,M, -9999.9,M, -9999.9,M, -9999.9,M
