7080600,BELLETERRE     ,QC, station not joined, Monthly mean of homogenized daily mean temperature                     , °C,          Updated to December 2012
7080600,BELLETERRE     ,QC, station non-jointe, Moyenne mensuelle des températures homogénéisées moyennes quotidiennes , °C, Mise à jour jusqu à décembre 2012
Year,     Jan, ,     Feb, ,     Mar, ,     Apr, ,     May, ,     Jun, ,     Jul, ,     Aug, ,     Sep, ,     Oct, ,     Nov, ,     Dec, ,  Annual, ,  Winter, ,  Spring, ,  Summer, ,  Autumn
Year,    Janv, ,     Fév, ,    Mars, ,     Avr, ,     Mai, ,    Juin, ,    Juil, ,    Août, ,    Sept, ,     Oct, ,     Nov, ,     Déc, ,  Annuel, ,   Hiver, ,Printemp, ,     Eté, , Automne
1951, -9999.9,M, -9999.9,M, -9999.9,M, -9999.9,M, -9999.9,M, -9999.9,M, -9999.9,M, -9999.9,M, -9999.9,M,     4.5, ,    -6.2, ,   -12.3, , -9999.9,M, -9999.9,M, -9999.9,M, -9999.9,M, -9999.9,M
1952,   -15.2, ,   -13.1, ,    -8.6, ,     4.4, ,     8.6, ,    14.7, ,    18.9, ,    15.8, ,    13.1, ,     3.0, ,    -1.2, ,    -8.6, ,     2.7, ,   -13.5, ,     1.5, ,    16.5, ,     5.0, 
1953,   -14.1, ,   -11.5, ,    -4.9, ,     2.1, ,    10.3, ,    15.2, ,    17.3, ,    16.8, ,    11.1, ,     5.8, ,      .9, ,    -8.5, ,     3.4, ,   -11.4, ,     2.5, ,    16.4, ,     5.9, 
1954,   -19.7, ,    -8.1, ,    -8.4, ,     1.1, ,     8.6, ,    16.3, ,    15.6, ,    14.5, ,     9.8, ,     5.9, ,    -1.0, ,   -11.9, ,     1.9, ,   -12.1, ,      .4, ,    15.5, ,     4.9, 
1955,   -16.3, ,   -13.1, ,    -9.8, ,     5.8, ,    11.2, ,    16.9, ,    19.6, ,    18.3, , -9999.9,M,     8.1, ,    -3.0, ,   -15.7, , -9999.9,M,   -13.8, ,     2.4, ,    18.3, , -9999.9,M
1956,   -13.9, ,   -12.9, , -9999.9,M,      .1, ,     3.1, ,    12.2, ,    14.9, ,    14.0, ,     8.9, ,     6.8, ,    -2.2, ,   -13.0, , -9999.9,M,   -14.2, , -9999.9,M,    13.7, ,     4.5, 
1957,   -21.1, ,   -11.2, ,    -6.3, ,     2.2, ,     8.7, ,    15.3, , -9999.9,M,    13.6, ,    10.8, ,     4.2, ,    -1.4, ,    -9.9, , -9999.9,M,   -15.1, ,     1.5, , -9999.9,M,     4.5, 
1958,   -13.8, ,   -16.2, , -9999.9,M,     4.2, ,     6.6, ,    11.6, ,    16.0, ,    14.6, ,    11.2, ,     5.1, ,    -1.9, ,   -17.4, , -9999.9,M,   -13.3, , -9999.9,M,    14.1, ,     4.8, 
1959,   -18.3, ,   -18.1, ,   -10.1, ,      .3, ,    10.5, ,    15.7, ,    18.3, ,    18.2, ,    12.7, ,     3.2, ,    -6.6, ,   -11.5, ,     1.2, ,   -17.9, ,      .2, ,    17.4, ,     3.1, 
1960,   -14.3, ,   -11.9, ,   -12.7, ,     1.1, ,    11.9, ,    13.7, ,    15.5, ,    15.3, ,    10.6, ,     4.2, ,      .3, ,   -13.4, ,     1.7, ,   -12.6, ,      .1, ,    14.8, ,     5.0, 
1961,   -20.0, ,   -12.8, ,    -7.0, ,     1.0, ,     6.9, ,    12.7, ,    17.3, ,    15.1, ,    14.1, ,     6.0, ,     -.8, ,   -10.0, ,     1.9, ,   -15.4, ,      .3, ,    15.0, ,     6.4, 
1962,   -18.6, ,   -19.6, ,    -7.7, ,      .7, ,    11.4, ,    14.1, ,    15.4, ,    15.3, ,     9.9, ,     5.1, ,    -3.1, ,   -10.2, ,     1.1, ,   -16.1, ,     1.5, ,    14.9, ,     4.0, 
1963,   -18.0, ,   -18.6, ,    -7.9, ,     1.3, ,     8.3, ,    16.0, ,    18.3, ,    14.7, ,     9.1, ,    11.0, , -9999.9,M,   -15.7, , -9999.9,M,   -15.6, ,      .6, ,    16.3, , -9999.9,M
1964,   -11.3, ,   -12.8, ,    -9.6, ,      .8, ,    10.4, ,    12.8, ,    18.4, ,    13.7, ,    10.7, ,     4.1, ,    -3.0, ,   -12.5, ,     1.8, ,   -13.3, ,      .5, ,    15.0, ,     3.9, 
1965,   -18.7, ,   -15.6, ,   -10.2, ,    -1.1, ,    10.9, ,    13.8, ,    13.4, ,    12.9, ,    10.0, ,     3.7, ,    -5.1, , -9999.9,M, -9999.9,M,   -15.6, ,     -.1, ,    13.4, ,     2.9, 
1966,   -16.8, , -9999.9,M,    -7.2, ,      .9, ,     5.5, ,    15.8, ,    16.5, ,    15.3, ,     9.7, ,     4.9, ,    -1.7, ,   -11.5, , -9999.9,M, -9999.9,M,     -.3, ,    15.9, ,     4.3, 
1967, -9999.9,M,   -18.7, ,    -9.3, ,     -.4, ,     1.4, , -9999.9,M, -9999.9,M, -9999.9,M,    10.6, ,     4.6, ,    -3.6, ,    -8.8, , -9999.9,M, -9999.9,M,    -2.8, , -9999.9,M,     3.9, 
1968,   -17.3, ,   -15.4, ,    -2.8, ,     6.0, ,     9.6, ,    13.8, ,    17.0, ,    14.9, ,    14.6, ,     8.5, ,    -2.9, ,   -12.2, ,     2.8, ,   -13.8, ,     4.3, ,    15.2, ,     6.7, 
1969,   -11.6, ,    -9.2, ,    -7.3, ,     2.6, ,     6.9, ,    13.2, ,    16.9, ,    18.5, ,    10.6, ,     4.6, ,    -1.3, ,   -11.9, ,     2.7, ,   -11.0, ,      .7, ,    16.2, ,     4.6, 
1970,   -19.1, ,   -15.4, ,    -6.4, ,     3.6, ,     8.6, ,    14.7, ,    18.3, ,    17.7, ,    11.1, ,     8.1, ,    -1.7, ,   -13.6, ,     2.2, ,   -15.5, ,     1.9, ,    16.9, ,     5.8, 
1971,   -17.8, ,   -11.4, ,    -8.4, ,     1.3, ,     9.8, ,    16.0, ,    15.8, ,    15.7, ,    14.3, ,     9.2, ,    -2.9, ,   -10.8, ,     2.6, ,   -14.3, ,      .9, ,    15.8, ,     6.9, 
1972,   -14.8, ,   -15.2, ,    -9.3, ,     -.6, ,    10.7, ,    14.1, ,    17.2, ,    15.2, ,    10.4, ,     2.9, ,    -3.8, ,   -14.3, ,     1.0, ,   -13.6, ,      .3, ,    15.5, ,     3.2, 
1973,   -11.0, ,   -16.1, ,     -.7, ,     2.7, ,     9.1, ,    16.0, ,    18.3, ,    18.4, ,    11.3, ,     8.4, ,    -3.1, ,   -11.1, ,     3.5, ,   -13.8, ,     3.7, ,    17.6, ,     5.5, 
1974,   -15.0, ,   -17.1, ,    -8.8, , -9999.9,M,     7.1, ,    15.6, ,    17.8, ,    17.0, ,     8.9, ,     2.6, ,    -1.9, ,    -7.9, , -9999.9,M,   -14.4, , -9999.9,M,    16.8, ,     3.2, 
1975,   -13.1, ,   -12.1, ,    -8.5, ,    -1.2, ,    13.9, ,    16.5, ,    18.7, ,    17.2, ,     9.6, ,     6.3, ,     -.7, ,   -14.2, ,     2.7, ,   -11.0, ,     1.4, ,    17.5, ,     5.1, 
1976,   -19.1, ,   -11.5, ,    -7.4, ,     3.2, ,     8.4, ,    17.3, ,    16.8, ,    16.1, ,    10.5, ,     2.1, ,    -5.6, ,   -18.5, ,     1.0, ,   -14.9, ,     1.4, ,    16.7, ,     2.3, 
1977,   -18.7, ,   -11.6, ,    -2.1, ,     2.0, ,    12.2, ,    13.1, ,    17.7, ,    14.9, ,    10.9, ,     4.6, ,    -1.5, ,   -12.3, ,     2.4, ,   -16.3, ,     4.0, ,    15.2, ,     4.7, 
1978,   -17.9, ,   -17.2, ,   -10.7, ,    -1.0, ,    12.6, ,    13.8, ,    16.6, ,    16.0, ,     9.8, ,     4.4, ,    -3.9, ,   -12.9, ,      .8, ,   -15.8, ,      .3, ,    15.5, ,     3.4, 
1979,   -16.4, ,   -19.6, ,    -5.3, ,     2.2, ,    10.5, ,    15.7, ,    18.5, ,    15.3, ,    11.8, ,     4.7, ,     -.8, ,    -9.5, ,     2.3, ,   -16.3, ,     2.5, ,    16.5, ,     5.2, 
1980,   -13.7, ,   -15.3, ,    -6.7, ,     4.0, ,    11.3, ,    12.3, ,    18.2, ,    18.1, ,     9.8, ,     2.3, ,    -4.2, ,   -18.3, ,     1.5, ,   -12.8, ,     2.9, ,    16.2, ,     2.6, 
1981,   -17.7, ,    -6.8, ,    -4.7, ,     2.9, ,     9.3,E,    14.5,E,    18.0, ,    17.0, ,    10.7, ,     3.0, ,    -1.9, ,    -9.6, ,     2.9,E,   -14.3, ,     2.5,E,    16.5,E,     3.9, 
1982,   -23.2, ,   -17.0, ,    -7.9, ,    -1.0, ,    12.7, ,    13.0, ,    17.2, ,    13.5, ,    11.4, ,     7.0, ,    -1.9, ,    -8.1, ,     1.3, ,   -16.6, ,     1.3, ,    14.6, ,     5.5, 
1983,   -14.5, ,   -12.3, ,    -5.7, ,     1.1, ,     6.9, ,    15.1, ,    17.5, ,    17.2, ,    13.3, ,     5.3, ,    -2.1, ,   -15.9, ,     2.2, ,   -11.6, ,      .8, ,    16.6, ,     5.5, 
1984,   -19.0, ,    -7.3, ,   -10.8,E,     4.9, ,     7.3, ,    14.5, ,    17.2,E,    17.1,E,     9.8,E,     7.1,E,    -2.1,E,   -10.4, ,     2.4,E,   -14.1, ,      .5,E,    16.3,E,     4.9,E
1985,   -19.3,E,   -13.2,E,    -8.0,E,     1.2,E,     9.0, ,    13.1, ,    16.2,E,    15.4,E,    12.3,E,     5.3,E,    -3.9, ,   -16.2, ,     1.0,E,   -14.3,E,      .7,E,    14.9,E,     4.6,E
1986,   -16.3,E,   -14.6,E,    -6.5,E,     4.6,E,    10.6,E,    12.1, ,    16.5, ,    14.7,E,    10.3, ,     4.4,E,    -5.2, ,    -9.3,E,     1.8,E,   -15.7,E,     2.9,E,    14.4,E,     3.2,E
1987,   -12.7,E,   -15.2, ,    -4.3,E,     5.5, ,    10.5, ,    15.8, ,    18.2, ,    15.2, ,    12.6,E,     3.3, ,    -3.1, ,    -8.1, ,     3.1,E,   -12.4,E,     3.9,E,    16.4, ,     4.3,E
1988,   -14.5,E,   -16.9, ,    -9.5,E,     2.4,E,    11.1, ,    13.4,E,    19.2, ,    17.2, ,    11.2,E,     3.3,E,     -.1, ,   -13.9, ,     1.9,E,   -13.2,E,     1.3,E,    16.6,E,     4.8,E
1989,   -13.5, ,   -17.7, ,   -10.7,E,     -.3,E,    10.4, ,    15.3, ,    17.8, ,    15.6, ,    11.7,E,     6.1, ,    -6.4,E,   -21.2, ,      .6,E,   -15.0, ,     -.2,E,    16.2, ,     3.8,E
1990,   -10.4, ,   -13.6,E,    -6.6, ,     3.0,E,     9.2, ,    15.4, ,    16.8, ,    16.7, ,    10.1, ,     4.3,E,    -2.1,E,   -11.3, ,     2.6,E,   -15.1,E,     1.9,E,    16.3, ,     4.1,E
1991,   -17.4,E,   -11.8,E,    -6.8,E,     4.1,E,    12.1,E,    16.0, ,    17.8,E,    17.1, ,    10.1,E,     5.6, ,    -2.4, ,   -12.4, ,     2.7,E,   -13.5,E,     3.1,E,    17.0,E,     4.4,E
1992,   -16.1, ,   -15.9, ,   -11.4, ,     -.4,E,     9.1,E,    12.6, ,    14.2, ,    14.5, ,    11.3, ,     2.6, ,    -3.9,E,   -10.0,E,      .6,E,   -14.8, ,     -.9,E,    13.8, ,     3.3,E
1993,   -15.6, ,   -19.2,E,    -7.3, ,     2.0,E,     9.2, ,    13.9, ,    18.0, ,    17.3, ,     9.2, ,     2.8, ,    -5.7,E,   -11.3, ,     1.1,E,   -14.9,E,     1.3,E,    16.4, ,     2.1,E
1994,   -25.8,E,   -17.6, ,    -7.0, ,      .2,E,     8.2, ,    15.4, ,    17.5, ,    13.8, ,    11.4,E,     6.6,E,    -1.1, ,    -7.2, ,     1.2,E,   -18.2,E,      .5,E,    15.6, ,     5.6,E
1995,   -11.8,E,   -16.7, ,    -4.9, ,    -1.9,E,     9.0,E,    16.7, ,    18.4, ,    16.8, ,     9.3,E,     7.1, ,    -7.8,E,   -14.2, ,     1.7,E,   -11.9,E,      .7,E,    17.3, ,     2.9,E
1996,   -18.0,E,   -16.2, ,    -9.4,E,     -.3,E,     7.0, ,    16.6, ,    16.5, ,    16.4, ,    13.0, ,     5.3, ,    -5.2, ,    -7.5,E,     1.5,E,   -16.1,E,     -.9,E,    16.5, ,     4.4, 
1997,   -17.6,E,   -15.6, ,   -11.5, ,     1.3, ,     6.2, ,    16.7,E,    17.7, ,    14.3, ,    11.3, ,     4.7, ,    -4.5, ,   -11.1,E,     1.0,E,   -13.6,E,    -1.3, ,    16.2,E,     3.8, 
1998,   -12.7,E,    -7.6,E,    -5.5, ,     4.4,E,    13.4, ,    15.8, ,    17.6,E,    16.7, ,    11.7, ,     5.7,E,    -1.3, ,    -8.8, ,     4.1,E,   -10.5,E,     4.1,E,    16.7,E,     5.4,E
1999,   -16.3, ,   -10.5,E,    -6.5,E,     3.1,E,    12.4, ,    17.0, , -9999.9,M, -9999.9,M, -9999.9,M, -9999.9,M, -9999.9,M, -9999.9,M, -9999.9,M,   -11.9,E,     3.0,E, -9999.9,M, -9999.9,M
2000, -9999.9,M, -9999.9,M, -9999.9,M,     1.6, ,    11.0, , -9999.9,M, -9999.9,M, -9999.9,M, -9999.9,M, -9999.9,M, -9999.9,M, -9999.9,M, -9999.9,M, -9999.9,M, -9999.9,M, -9999.9,M, -9999.9,M
2001, -9999.9,M,   -13.2, ,    -5.9, ,     3.6, ,    12.3,E,    16.3, , -9999.9,M,    17.8, ,    12.2,E,     6.1, ,     1.2, ,    -4.5,E, -9999.9,M, -9999.9,M,     3.3,E, -9999.9,M,     6.5,E
2002,   -10.3, , -9999.9,M, -9999.9,M, -9999.9,M, -9999.9,M, -9999.9,M, -9999.9,M, -9999.9,M, -9999.9,M, -9999.9,M, -9999.9,M, -9999.9,M, -9999.9,M, -9999.9,M, -9999.9,M, -9999.9,M, -9999.9,M
2003, -9999.9,M, -9999.9,M, -9999.9,M, -9999.9,M, -9999.9,M, -9999.9,M, -9999.9,M, -9999.9,M, -9999.9,M, -9999.9,M, -9999.9,M, -9999.9,M, -9999.9,M, -9999.9,M, -9999.9,M, -9999.9,M, -9999.9,M
2004, -9999.9,M, -9999.9,M, -9999.9,M,     1.2, , -9999.9,M, -9999.9,M, -9999.9,M, -9999.9,M, -9999.9,M, -9999.9,M, -9999.9,M, -9999.9,M, -9999.9,M, -9999.9,M, -9999.9,M, -9999.9,M, -9999.9,M
