7088760,VILLE MARIE    ,QC, station not joined, Monthly mean of homogenized daily mean temperature                     , °C,          Updated to December 2012
7088760,VILLE MARIE    ,QC, station non-jointe, Moyenne mensuelle des températures homogénéisées moyennes quotidiennes , °C, Mise à jour jusqu à décembre 2012
Year,     Jan, ,     Feb, ,     Mar, ,     Apr, ,     May, ,     Jun, ,     Jul, ,     Aug, ,     Sep, ,     Oct, ,     Nov, ,     Dec, ,  Annual, ,  Winter, ,  Spring, ,  Summer, ,  Autumn
Year,    Janv, ,     Fév, ,    Mars, ,     Avr, ,     Mai, ,    Juin, ,    Juil, ,    Août, ,    Sept, ,     Oct, ,     Nov, ,     Déc, ,  Annuel, ,   Hiver, ,Printemp, ,     Eté, , Automne
1913, -9999.9,M, -9999.9,M, -9999.9,M, -9999.9,M, -9999.9,M, -9999.9,M, -9999.9,M, -9999.9,M, -9999.9,M, -9999.9,M, -9999.9,M,    -6.4, , -9999.9,M, -9999.9,M, -9999.9,M, -9999.9,M, -9999.9,M
1914,   -11.4, ,   -18.7, ,    -6.3, ,     1.5, ,    11.0, , -9999.9,M,    18.5, ,    14.6, ,    13.5, ,     8.7, ,    -3.3, ,   -10.4, , -9999.9,M,   -12.2, ,     2.1, , -9999.9,M,     6.3, 
1915,   -12.4, ,    -9.5, ,    -7.7, ,     6.7, ,     8.8, ,    15.5, ,    16.8, ,    15.3, ,    12.6, ,     7.3, ,      .3, ,    -9.8, ,     3.7, ,   -10.8, ,     2.6, ,    15.9, ,     6.7, 
1916,   -12.6, ,   -18.5, ,   -11.8, ,     3.6, ,    10.5, ,    15.3, ,    21.3, ,    19.0, ,    11.3, ,     4.9, ,    -3.0, ,   -10.9, ,     2.4, ,   -13.6, ,      .8, ,    18.5, ,     4.4, 
1917,   -15.8, ,   -19.0, ,    -9.0, ,      .2, ,     6.2, ,    14.3, ,    19.6, ,    16.5, ,    11.7, ,     1.8, ,    -5.2, ,   -18.3, ,      .3, ,   -15.2, ,     -.9, ,    16.8, ,     2.8, 
1918,   -20.6, ,   -17.4, ,    -7.2, ,     2.8, ,    10.0, ,    12.7, ,    18.0, ,    16.0, ,     8.5, ,     6.3, ,     1.0, ,    -8.7, ,     1.8, ,   -18.8, ,     1.9, ,    15.6, ,     5.3, 
1919,   -12.2, ,   -11.3, ,    -6.2, ,     1.7, ,    11.0, ,    20.1, ,    20.5, ,    17.2, ,    12.3, ,     6.4, ,    -1.3, ,   -15.0, ,     3.6, ,   -10.7, ,     2.2, ,    19.3, ,     5.8, 
1920,   -21.6, ,   -15.6, ,    -6.0, ,      .4, ,    11.0, , -9999.9,M, -9999.9,M,    18.5, ,    14.6, ,     9.3, ,    -3.6, ,    -9.1, , -9999.9,M,   -17.4, ,     1.8, , -9999.9,M,     6.8, 
1921,   -12.2, ,   -13.6, ,    -3.9, ,     5.5, ,    12.1, ,    18.2, ,    23.3, ,    16.8, ,    14.9, ,     6.0, ,    -5.3, ,   -10.8, ,     4.3, ,   -11.6, ,     4.6, ,    19.4, ,     5.2, 
1922,   -16.1, ,   -13.6, ,    -5.6, ,     3.7, ,    13.9, ,    16.7, ,    18.3, ,    16.6, ,    14.4, ,     3.6, ,     -.7, ,   -11.0, ,     3.4, ,   -13.5, ,     4.0, ,    17.2, ,     5.8, 
1923,   -18.3, ,   -17.2, ,   -12.4, ,    -1.1, ,     8.4, ,    16.3, ,    17.3, ,    15.2, ,    12.3, ,     5.6, ,     -.9, ,    -4.2, ,     1.8, ,   -15.5, ,    -1.7, ,    16.3, ,     5.7, 
1924,   -18.7, ,   -17.1, ,    -5.8, ,      .6, , -9999.9,M,    14.4, ,    17.1, ,    16.1, ,    11.5, ,     7.0, ,    -1.6, ,   -16.1, , -9999.9,M,   -13.3, , -9999.9,M,    15.9, ,     5.6, 
1925,   -19.4, ,   -11.6, ,    -6.0, ,     2.6, ,     6.3, ,    15.3, ,    16.5, ,    18.1, , -9999.9,M, -9999.9,M,    -7.1, ,   -14.8, , -9999.9,M,   -15.7, ,     1.0, ,    16.6, , -9999.9,M
1926,   -16.2, ,   -19.4, ,   -14.6, , -9999.9,M, -9999.9,M,    14.3, ,    17.9, ,    16.8, ,    10.6, ,     5.4, , -9999.9,M,   -12.5, , -9999.9,M,   -16.8, , -9999.9,M,    16.3, , -9999.9,M
1927,   -15.0, ,   -13.3, ,    -1.9, ,     2.7, , -9999.9,M, -9999.9,M, -9999.9,M, -9999.9,M,    11.3, ,     6.2, ,    -3.8, , -9999.9,M, -9999.9,M,   -13.6, , -9999.9,M, -9999.9,M,     4.6, 
1928, -9999.9,M,   -16.4, ,    -7.8, ,      .9, ,    10.3, ,    14.9, ,    18.5, ,    18.7, ,    10.6, ,     6.1, ,    -1.5, ,    -6.1, , -9999.9,M, -9999.9,M,     1.1, ,    17.4, ,     5.1, 
1929,   -17.0, ,   -15.0, ,    -4.3, ,     2.7, ,     7.5, ,    15.3, ,    18.2, ,    16.2, ,    13.6, ,     5.1, ,    -3.2, ,   -13.9, ,     2.1, ,   -12.7, ,     2.0, ,    16.6, ,     5.2, 
1930,   -15.2, ,   -12.7, ,    -7.3, ,     1.5, ,    11.3, ,    18.2, ,    18.0, ,    18.8, ,    13.3, ,     7.5, ,     1.7, ,    -8.3, ,     3.9, ,   -13.9, ,     1.8, ,    18.3, ,     7.5, 
1931,   -14.3, ,   -10.0, ,    -4.6, ,     2.8, ,    11.8, ,    18.0, ,    21.6, ,    18.5, ,    15.3, ,     9.4, ,     2.8, ,    -6.4, ,     5.4, ,   -10.9, ,     3.3, ,    19.4, ,     9.2, 
1932,    -8.1, ,   -12.0, ,    -8.7, ,      .1, ,    11.1, ,    17.3, ,    16.9, ,    18.8, ,    13.8, ,     6.0, ,    -3.2, ,    -9.2, ,     3.6, ,    -8.8, ,      .8, ,    17.7, ,     5.5, 
1933,   -10.2, ,   -12.4, ,    -8.0, ,     3.1, ,    11.2, ,    19.0, ,    19.2, ,    17.7, ,    14.9, ,     6.7, ,    -7.6, ,   -16.3, ,     3.1, ,   -10.6, ,     2.1, ,    18.6, ,     4.7, 
1934,   -14.1, ,   -20.3, ,    -9.0, ,     1.9, ,    10.8, ,    17.2, ,    20.3, ,    16.1, ,    14.7, ,     5.9, ,      .9, ,   -12.7, ,     2.6, ,   -16.9, ,     1.2, ,    17.9, ,     7.2, 
1935,   -17.4, ,   -13.4, ,    -6.8, ,     3.0, ,     9.0, ,    16.7, ,    21.1, ,    20.0, ,    11.4, ,     7.6, ,    -2.0, ,   -11.9, ,     3.1, ,   -14.5, ,     1.7, ,    19.3, ,     5.7, 
1936,   -16.5, ,   -15.6, ,    -4.1, ,     1.1, ,    10.0, ,    14.7, ,    20.1, ,    16.1, ,    13.9, ,     4.8, ,    -5.7, ,    -9.0, ,     2.5, ,   -14.7, ,     2.3, ,    17.0, ,     4.3, 
1937,   -10.4, ,    -8.6, ,    -9.1, ,     4.7, ,    13.0, ,    17.4, ,    20.8, ,    21.4, ,    15.3, ,     4.5, ,      .3, ,    -9.0, ,     5.0, ,    -9.3, ,     2.9, ,    19.9, ,     6.7, 
1938,   -16.2, ,   -11.5, ,    -4.1, ,     4.0, ,    12.2, ,    17.9, ,    19.2, ,    19.0, ,    12.6, ,     8.6, ,     -.1, ,    -8.2, ,     4.5, ,   -12.2, ,     4.0, ,    18.7, ,     7.0, 
1939,   -13.0, ,   -13.5, ,    -9.7, ,     1.5, ,    11.5, ,    17.2, ,    19.0, ,    18.1, ,    11.6, ,     4.4, ,    -3.4, ,    -7.2, ,     3.0, ,   -11.6, ,     1.1, ,    18.1, ,     4.2, 
1940,   -17.0, ,   -13.8, ,   -11.2, ,      .4, ,     9.2, ,    14.2, ,    17.5, ,    16.9, ,    12.0, ,     4.7, ,    -2.3, ,    -8.1, ,     1.9, ,   -12.7, ,     -.5, ,    16.2, ,     4.8, 
1941,   -15.7, ,   -10.9, ,    -8.2, ,     4.3, ,    11.4, ,    17.7, ,    20.1, ,    15.8, ,    13.7, ,     5.8, ,     1.1, ,    -7.6, ,     4.0, ,   -11.6, ,     2.5, ,    17.9, ,     6.9, 
1942,   -13.1, ,   -12.0, , -9999.9,M, -9999.9,M,    10.0, ,    13.2, , -9999.9,M,    17.5, ,    13.8, ,     6.8, ,     -.7, ,   -11.4, , -9999.9,M,   -10.9, , -9999.9,M, -9999.9,M,     6.6, 
1943,   -15.3, , -9999.9,M, -9999.9,M,    -1.2, ,    11.2, ,    17.2, ,    20.8, ,    18.1, ,    13.6, ,     9.0, ,      .5, ,   -10.5, , -9999.9,M, -9999.9,M, -9999.9,M,    18.7, ,     7.7, 
1944,    -7.6, ,   -10.2, , -9999.9,M,     1.7, ,    13.2, ,    17.0, ,    20.4, ,    20.0, ,    12.8, ,     7.8, ,     1.4, ,    -7.5, , -9999.9,M,    -9.4, , -9999.9,M,    19.1, ,     7.3, 
1945,   -17.1, ,    -8.7, ,     1.1, ,     5.1, ,     9.2, ,    16.6, ,    19.1, ,    18.9, ,    12.3, ,     5.7, ,      .6, ,   -11.4, ,     4.3, ,   -11.1, ,     5.1, ,    18.2, ,     6.2, 
1946,   -12.6, ,   -17.0, ,     1.5, ,     2.9, ,     8.6, ,    16.3, ,    19.2, ,    17.4, ,    14.9, ,    10.3, ,      .2, ,    -7.8, ,     4.5, ,   -13.7, ,     4.3, ,    17.6, ,     8.5, 
1947,    -9.3, , -9999.9,M, -9999.9,M,      .0, ,     7.7, ,    16.4, ,    19.7, ,    22.0, ,    12.9, ,    11.9, ,    -1.3, ,   -10.5, , -9999.9,M, -9999.9,M, -9999.9,M,    19.4, ,     7.8, 
1948,   -13.9, , -9999.9,M,    -6.6, ,     4.7, ,     9.8, ,    16.4, ,    20.5, ,    19.2, ,    14.3, ,     6.8, ,     3.1, ,    -6.6, , -9999.9,M, -9999.9,M,     2.6, ,    18.7, ,     8.1, 
1949,   -13.3, ,   -12.6, ,    -9.2, ,     2.9, ,     9.3, ,    17.8, ,    20.0, ,    18.0, ,    11.9, ,     8.8, ,    -3.4, ,    -8.9, ,     3.4, ,   -10.8, ,     1.0, ,    18.6, ,     5.8, 
1950,   -14.5, ,   -15.0, ,    -9.4, ,    -1.0, ,     9.5, ,    15.2, ,    17.5, ,    14.9, ,    11.5, ,     7.5, ,    -1.1, ,   -10.9, ,     2.0, ,   -12.8, ,     -.3, ,    15.9, ,     6.0, 
1951,   -15.4, ,   -11.6, ,    -5.6, ,     4.7, ,    11.7, ,    15.5, ,    17.4, ,    15.7, ,    11.6, ,     6.3, ,    -3.9, ,   -11.2, ,     2.9, ,   -12.6, ,     3.6, ,    16.2, ,     4.7, 
1952,   -14.1, ,   -13.1, ,    -7.8, ,     4.6, ,     9.6, ,    15.8, ,    20.4, ,    17.1, ,    14.6, , -9999.9,M, -9999.9,M, -9999.9,M, -9999.9,M,   -12.8, ,     2.1, ,    17.8, , -9999.9,M
1953,   -11.9, ,   -10.7, ,    -4.3, ,     2.6, ,    10.7, ,    15.6, ,    18.1, ,    17.4, ,    12.3, ,     6.6, ,     2.7, ,    -6.0, ,     4.4, , -9999.9,M,     3.0, ,    17.0, ,     7.2, 
1954,   -18.0, ,    -8.0, ,    -7.7, ,     1.6, ,     8.4, ,    16.2, ,    16.8, ,    15.9, ,    10.5, ,     6.5, ,      .1, ,   -10.8, ,     2.6, ,   -10.7, ,      .8, ,    16.3, ,     5.7, 
1955,   -16.1, ,   -13.5, ,    -9.6, ,     6.2, ,    11.2, ,    18.6, ,    20.9, ,    18.7, ,    12.1, ,     7.9, ,    -1.6, ,   -14.0, ,     3.4, ,   -13.5, ,     2.6, ,    19.4, ,     6.1, 
1956,   -14.6, ,   -11.5, ,   -12.6, ,      .8, ,     5.6, ,    16.0, ,    15.9, ,    15.2, ,     9.6, ,     8.6, ,     -.9, ,   -12.1, ,     1.7, ,   -13.4, ,    -2.1, ,    15.7, ,     5.8, 
1957,   -18.5, ,   -10.5, ,    -6.0, ,     3.1, ,     9.2, ,    16.1, ,    17.9, , -9999.9,M,    12.3, ,     6.2, ,      .7, ,    -8.2, , -9999.9,M,   -13.7, ,     2.1, , -9999.9,M,     6.4, 
1958,   -12.8, ,   -14.7, ,    -2.0, ,     4.5, ,     7.4, ,    12.2, ,    17.6, ,    16.9, ,    12.3, ,     6.2, ,      .6, ,   -16.0, ,     2.7, ,   -11.9, ,     3.3, ,    15.6, ,     6.4, 
1959,   -15.6, ,   -16.4, ,    -9.6, ,      .9, ,    11.2, ,    15.5, ,    19.0, ,    18.9, ,    13.9, ,     4.1, ,    -5.0, ,   -11.0, ,     2.2, ,   -16.0, ,      .8, ,    17.8, ,     4.3, 
1960,   -14.4, ,   -11.8, ,   -14.1, ,     1.0, ,    11.9, ,    14.1, ,    16.0, ,    16.4, ,    11.4, ,     5.3, ,     1.9, ,   -12.3, ,     2.1, ,   -12.4, ,     -.4, ,    15.5, ,     6.2, 
1961,   -19.5, ,   -12.9, ,    -6.5, ,     1.6, ,     6.9, ,    13.3, ,    18.4, ,    16.9, ,    15.2, ,     7.5, , -9999.9,M,    -8.7, , -9999.9,M,   -14.9, ,      .7, ,    16.2, , -9999.9,M
1962,   -17.9, ,   -19.6, ,    -6.3, ,     2.0, ,    12.0, ,    15.7, ,    17.7, ,    17.4, ,    12.2, ,     6.9, , -9999.9,M,   -11.3, , -9999.9,M,   -15.4, ,     2.6, ,    16.9, , -9999.9,M
1963,   -18.6, ,   -18.0, ,    -7.4, ,     2.1, ,     8.7, ,    17.2, ,    19.8, ,    15.6, ,    10.4, ,    10.8, ,     2.1, ,   -14.0, ,     2.4, ,   -16.0, ,     1.1, ,    17.5, ,     7.8, 
1964,   -10.4, ,   -12.0, ,    -9.0, ,     2.7, ,    12.6, ,    15.3, ,    19.4, ,    14.9, ,    11.8, ,     5.6, ,     -.6, , -9999.9,M, -9999.9,M,   -12.1, ,     2.1, ,    16.5, ,     5.6, 
1965,   -17.0, , -9999.9,M, -9999.9,M, -9999.9,M, -9999.9,M, -9999.9,M, -9999.9,M, -9999.9,M,    11.7, ,     6.0, ,    -3.1, ,    -6.2, , -9999.9,M, -9999.9,M, -9999.9,M, -9999.9,M,     4.9, 
1966,   -16.1, ,    -9.7, ,    -5.9, ,     2.7, ,     7.2, ,    16.4, ,    18.3, ,    16.5, ,    11.0, ,     6.0, ,    -1.5, ,    -9.7, ,     2.9, ,   -10.7, ,     1.3, ,    17.1, ,     5.2, 
1967, -9999.9,M, -9999.9,M,    -8.8, ,     1.3, ,     6.6, ,    16.8, ,    18.0, ,    15.9, ,    12.2, ,     6.2, ,    -3.2, ,    -8.7, , -9999.9,M, -9999.9,M,     -.3, ,    16.9, ,     5.1, 
1968,   -17.3, ,   -15.9, ,    -4.2,E,     5.3, ,     9.9, ,    14.4, , -9999.9,M, -9999.9,M, -9999.9,M,    10.1, ,    -3.4, ,   -10.6, , -9999.9,M,   -14.0, ,     3.7,E, -9999.9,M, -9999.9,M
1969,   -10.7, ,   -10.2, ,    -8.7, ,     1.9, ,     8.2, ,    14.3, , -9999.9,M,    19.1, ,    11.8, ,     4.9, ,     -.6, , -9999.9,M, -9999.9,M,   -10.5, ,      .5, , -9999.9,M,     5.4, 
1970,   -18.1, ,   -15.0, ,    -8.1, , -9999.9,M, -9999.9,M,    15.0, ,    18.9, ,    18.1, ,    12.7, ,     8.4, ,    -1.1, ,   -14.4, , -9999.9,M, -9999.9,M, -9999.9,M,    17.3, ,     6.7, 
1971,   -17.9, ,   -12.2, ,    -7.7, ,     1.7, ,     9.1, ,    16.8, ,    17.0, ,    16.6, ,    14.8, ,    10.0, ,    -1.8, ,    -9.0, ,     3.1, ,   -14.8, ,     1.0, ,    16.8, ,     7.7, 
1972, -9999.9,M,   -14.9, ,    -9.9, , -9999.9,M,    11.6, ,    14.8, ,    17.8, ,    15.5, ,    11.4, ,     3.3, , -9999.9,M,   -12.9, , -9999.9,M, -9999.9,M, -9999.9,M,    16.0, , -9999.9,M
1973,   -11.7, ,   -13.5, ,     -.2, ,     3.3, ,     9.4, ,    16.2, ,    19.2, ,    19.4, ,    11.8, ,     8.6, ,    -1.8, ,   -11.3, ,     4.1, ,   -12.7, ,     4.2, ,    18.3, ,     6.2, 
1974,   -14.0, ,   -17.4, ,    -7.8, ,      .8, ,     7.5, ,    16.0, ,    18.4, ,    17.8, ,    10.0, ,     3.4, ,     -.6, ,    -7.9, ,     2.2, ,   -14.2, ,      .2, ,    17.4, ,     4.3, 
1975,   -11.8, ,   -11.7, ,    -8.2, ,     -.6, ,    14.2, ,    17.1, ,    20.0, ,    18.8, , -9999.9,M,     7.4, ,     1.7, ,   -12.0, , -9999.9,M,   -10.5, ,     1.8, ,    18.6, , -9999.9,M
1976,   -18.3, ,   -11.7, ,    -7.2, ,     2.4, , -9999.9,M, -9999.9,M, -9999.9,M,    17.0, ,    10.8, ,     2.7, ,    -4.8, , -9999.9,M, -9999.9,M,   -14.0, , -9999.9,M, -9999.9,M,     2.9, 
1977, -9999.9,M, -9999.9,M, -9999.9,M,     2.4, ,    12.2, , -9999.9,M, -9999.9,M,    16.3, ,    11.9, ,     5.8, , -9999.9,M, -9999.9,M, -9999.9,M, -9999.9,M, -9999.9,M, -9999.9,M, -9999.9,M
1978, -9999.9,M, -9999.9,M, -9999.9,M, -9999.9,M, -9999.9,M,    13.5, ,    17.2, ,    16.4, ,     9.9, ,     4.5, ,    -3.9, ,   -12.9, , -9999.9,M, -9999.9,M, -9999.9,M,    15.7, ,     3.5, 
1979,   -16.7, ,   -19.9, ,    -5.9, ,     1.2, ,    10.2, ,    15.2, ,    17.6, ,    14.9, ,    11.6, ,     4.7, ,     -.5, ,    -9.3, ,     1.9, ,   -16.5, ,     1.8, ,    15.9, ,     5.3, 
1980,   -13.3,E,   -15.6, ,    -7.4, ,     3.4, ,    10.4,E,    11.9, ,    17.4, ,    17.8, ,     9.9, ,     2.4, ,    -3.9, ,   -18.1, ,     1.2,E,   -12.7,E,     2.1,E,    15.7, ,     2.8, 
1981,   -16.0,E,    -6.6, ,    -4.4, ,     3.0, ,     8.5,E,    14.3, ,    18.1, ,    17.3, ,    10.8, ,     3.2, ,    -1.7, ,    -8.5, ,     3.2,E,   -13.6,E,     2.4,E,    16.6, ,     4.1, 
1982,   -21.6, ,   -14.8, ,    -7.0, ,      .0, ,    12.4, ,    13.1, ,    17.8, ,    14.3, ,    11.8, ,     7.3, ,    -1.1, ,    -6.9, ,     2.1, ,   -15.0, ,     1.8, ,    15.1, ,     6.0, 
1983,   -13.6, ,   -11.6, ,    -5.5, ,     1.8,E,     7.0, ,    15.4, ,    18.3, ,    18.0,E,    14.0,E,     6.0, ,    -1.6, ,   -15.9, ,     2.7,E,   -10.7, ,     1.1,E,    17.2,E,     6.1,E
1984,   -18.9, , -9999.9,M,    -9.7,E,     5.5, ,     7.7, ,    14.7, ,    17.7,E,    17.3, ,    10.7, ,     7.6, ,     -.4, ,    -9.1,E, -9999.9,M, -9999.9,M,     1.2,E,    16.6,E,     6.0, 
1985,   -17.7,E,   -12.0, ,    -6.3,E,     2.2,E,    10.2, ,    14.4,E,    17.3, ,    17.0, ,    13.5, ,     7.0, ,    -2.6, ,   -14.9, ,     2.3,E,   -12.9,E,     2.0,E,    16.2,E,     6.0, 
1986,   -14.8, ,   -13.0,E,    -5.1, ,     5.6, ,    11.8, ,    13.5, ,    18.3, ,    16.0, ,    11.4, ,     5.4, ,    -3.3, ,    -7.3, ,     3.2,E,   -14.2,E,     4.1, ,    15.9, ,     4.5, 
1987,   -10.7, ,   -13.0, ,    -4.0, ,     6.7, ,    11.1, ,    16.7, ,    19.6, ,    17.0,E,    13.9, ,     4.4, ,    -1.4, ,    -6.0,E,     4.5,E,   -10.3, ,     4.6, ,    17.8,E,     5.6, 
1988,   -13.3,E,   -15.4,E,    -8.1,E,     3.0,E,    12.0, ,    14.5, ,    20.4, ,    18.2, ,    12.2, ,     4.2, ,      .9, ,   -11.8, ,     3.1,E,   -11.6,E,     2.3,E,    17.7, ,     5.8, 
1989,   -12.5, ,   -15.7,E,    -9.5,E,     1.0, ,    11.1, ,    15.5, ,    19.0, ,    16.7, ,    13.2, ,     7.2, ,    -5.1, ,   -20.3, ,     1.7,E,   -13.3,E,      .9,E,    17.1, ,     5.1, 
1990,    -9.6, ,   -12.5, ,    -5.0, ,     4.8,E,     9.3, ,    15.8, ,    17.7, ,    17.4,E,    10.8, ,     5.1, ,     -.5, ,    -9.3, ,     3.7,E,   -14.1, ,     3.0,E,    17.0,E,     5.1, 
1991,   -16.1,E,   -10.2, ,    -5.6,E,     4.7, ,    12.5, ,    16.7, ,    18.5, ,    17.8, ,    11.2, ,     6.2, ,     -.8, ,   -11.0, ,     3.7,E,   -11.9,E,     3.9,E,    17.7, ,     5.5, 
1992,   -14.3, ,   -14.2,E,    -9.8,E,      .3, ,    10.1, ,    13.5, ,    15.2, ,    15.1, ,    12.3, ,     3.9, ,    -3.0, ,    -9.1, ,     1.7,E,   -13.2,E,      .2,E,    14.6, ,     4.4, 
1993,   -14.8,E,   -17.6, ,    -6.2, ,     2.4, ,     9.9, ,    14.6, ,    19.1, ,    19.0, ,    10.7,E,     4.1, ,    -4.4, ,    -9.2,E,     2.3,E,   -13.8,E,     2.0, ,    17.6, ,     3.5,E
1994,   -23.7,E,   -15.5, ,    -4.8, ,     1.8, ,     9.1, ,    16.5,E,    18.5, ,    15.0,E,    12.9, ,     7.9, ,      .6,E,    -5.4, ,     2.7,E,   -16.1,E,     2.0, ,    16.7,E,     7.1,E
1995,   -11.2,E,   -15.2, ,    -4.5, ,     -.5, ,    10.2, ,    17.7, ,    19.3, ,    18.3, ,    10.6, ,     7.7, ,    -6.6,E,   -14.2, ,     2.6,E,   -10.6,E,     1.7, ,    18.4, ,     3.9,E
1996,   -17.3, ,   -15.2, ,    -8.4, ,      .2, ,     7.8, ,    16.9, ,    17.2, ,    17.4, ,    13.9, ,     6.0, ,    -3.3,E,    -6.2, ,     2.4,E,   -15.6, ,     -.1, ,    17.2, ,     5.5,E
1997,   -16.5, ,   -14.0, ,    -8.5, ,     2.8, ,     7.1,E,    17.6, ,    19.0,E,    15.7,E,    12.8,E,     5.9,E,    -2.4,E,    -8.4,E,     2.6,E,   -12.2, ,      .5,E,    17.4,E,     5.4,E
1998,   -12.1,E,    -6.3,E,    -4.5,E,     5.6,E,    14.1,E,    16.8,E,    18.9,E,    18.3,E,    12.8,E,     6.7, ,      .4, ,    -6.5,E,     5.4,E,    -8.9,E,     5.1,E,    18.0,E,     6.6,E
1999,   -14.5,E,    -8.7, ,    -4.7, ,     4.1,E,    13.3, ,    18.2,E, -9999.9,M, -9999.9,M, -9999.9,M, -9999.9,M, -9999.9,M, -9999.9,M, -9999.9,M,    -9.9,E,     4.2,E, -9999.9,M, -9999.9,M
2000, -9999.9,M, -9999.9,M, -9999.9,M,     2.4,E,    11.7, , -9999.9,M, -9999.9,M, -9999.9,M, -9999.9,M, -9999.9,M, -9999.9,M, -9999.9,M, -9999.9,M, -9999.9,M, -9999.9,M, -9999.9,M, -9999.9,M
2001, -9999.9,M,   -12.5, , -9999.9,M,     4.5,E,    13.3,E,    17.3,E,    18.5, ,    19.9,E,    13.2, ,     7.4,E,     2.1, ,    -3.0, , -9999.9,M, -9999.9,M, -9999.9,M,    18.6,E,     7.6,E
2002,    -9.9,E, -9999.9,M, -9999.9,M, -9999.9,M, -9999.9,M, -9999.9,M, -9999.9,M, -9999.9,M, -9999.9,M, -9999.9,M, -9999.9,M, -9999.9,M, -9999.9,M, -9999.9,M, -9999.9,M, -9999.9,M, -9999.9,M
2003, -9999.9,M, -9999.9,M, -9999.9,M, -9999.9,M, -9999.9,M, -9999.9,M, -9999.9,M, -9999.9,M, -9999.9,M, -9999.9,M, -9999.9,M, -9999.9,M, -9999.9,M, -9999.9,M, -9999.9,M, -9999.9,M, -9999.9,M
2004, -9999.9,M, -9999.9,M, -9999.9,M,     2.0,E, -9999.9,M, -9999.9,M, -9999.9,M, -9999.9,M, -9999.9,M, -9999.9,M, -9999.9,M, -9999.9,M, -9999.9,M, -9999.9,M, -9999.9,M, -9999.9,M, -9999.9,M
