7091404,CHIBOUGAMAU    ,QC, station joined    , Monthly mean of homogenized daily mean temperature                     , °C,          Updated to December 2012
7091404,CHIBOUGAMAU    ,QC, station jointe    , Moyenne mensuelle des températures homogénéisées moyennes quotidiennes , °C, Mise à jour jusqu à décembre 2012
Year,     Jan, ,     Feb, ,     Mar, ,     Apr, ,     May, ,     Jun, ,     Jul, ,     Aug, ,     Sep, ,     Oct, ,     Nov, ,     Dec, ,  Annual, ,  Winter, ,  Spring, ,  Summer, ,  Autumn
Year,    Janv, ,     Fév, ,    Mars, ,     Avr, ,     Mai, ,    Juin, ,    Juil, ,    Août, ,    Sept, ,     Oct, ,     Nov, ,     Déc, ,  Annuel, ,   Hiver, ,Printemp, ,     Eté, , Automne
1914, -9999.9,M, -9999.9,M, -9999.9,M, -9999.9,M, -9999.9,M, -9999.9,M,    16.4, ,    13.5, ,    11.3, ,     4.3, ,    -8.8, ,   -15.5, , -9999.9,M, -9999.9,M, -9999.9,M, -9999.9,M,     2.3, 
1915,   -17.5, ,   -15.1, ,   -10.6, ,      .5, ,     5.5, ,    13.2, ,    14.9, ,    14.4, ,    10.1, ,     4.5, ,    -3.0, ,   -12.6, ,      .4, ,   -16.0, ,    -1.5, ,    14.2, ,     3.9, 
1916,   -19.3, ,   -20.7, ,   -16.3, ,      .4, ,     6.3, ,    14.3, ,    18.9, ,    16.1, ,     9.2, ,     2.1, ,    -7.5, ,   -14.5, ,     -.9, ,   -17.5, ,    -3.2, ,    16.4, ,     1.3, 
1917,   -24.5, ,   -22.6, ,   -11.8, ,    -2.7, ,     3.5, ,    12.1, ,    17.4, ,    14.8, ,     9.7, ,     1.5, ,    -7.3, ,   -21.5, ,    -2.6, ,   -20.5, ,    -3.7, ,    14.8, ,     1.3, 
1918,   -21.1, ,   -22.7, ,   -14.3, ,    -1.9, ,     4.6, ,     9.8, ,    15.4, ,    11.2, ,     6.2, ,     2.8, ,    -3.9, ,   -13.8, ,    -2.3, ,   -21.8, ,    -3.9, ,    12.1, ,     1.7, 
1919,   -19.0, ,   -14.8, ,   -11.6, ,    -2.3, ,     6.1, ,    15.8, ,    16.1, ,    14.8, ,     8.3, ,      .5, ,    -7.2, ,   -21.0, ,    -1.2, ,   -15.9, ,    -2.6, ,    15.6, ,      .5, 
1920,   -24.8, ,   -16.1, ,   -11.4, ,    -1.1, ,     7.8, ,    13.4, ,    14.2, ,    16.4, ,    11.7, ,     5.7, ,    -7.7, ,   -13.2, ,     -.4, ,   -20.6, ,    -1.6, ,    14.7, ,     3.2, 
1921,   -18.5, ,   -19.0, ,    -9.9, ,    -1.0, ,     9.0, ,    13.0, ,    19.4, ,    12.1, ,     9.6, ,     1.7, ,    -8.2, ,   -15.2, ,     -.6, ,   -16.9, ,     -.6, ,    14.8, ,     1.0, 
1922,   -21.1, ,   -19.4, ,    -9.6, ,    -1.1, ,     7.3, ,    12.5, ,    14.4, ,    12.8, ,     8.7, ,      .3, ,    -6.8, ,   -20.2, ,    -1.9, ,   -18.6, ,    -1.1, ,    13.2, ,      .7, 
1923,   -22.0, ,   -22.8, ,   -18.4, ,    -6.3, ,     4.0, ,    11.8, ,    13.3, ,    11.3, ,     9.7, ,     5.5, ,    -3.4, ,   -10.3, ,    -2.3, ,   -21.7, ,    -6.9, ,    12.1, ,     3.9, 
1924,   -22.5, ,   -19.9, ,    -6.5, ,    -1.3, ,     2.7, ,    11.4, ,    14.4, ,    13.8, ,    10.4, ,     5.2, ,    -4.3, ,   -18.5, ,    -1.3, ,   -17.6, ,    -1.7, ,    13.2, ,     3.8, 
1925,   -23.3, ,   -15.6, ,    -9.3, ,    -3.5, ,     3.7, ,    11.6, ,    14.8, ,    16.8, ,     8.7, ,    -1.1, ,    -4.8, ,   -14.0, ,    -1.3, ,   -19.1, ,    -3.0, ,    14.4, ,      .9, 
1926,   -22.3, ,   -20.7, ,   -16.0, ,    -8.1, ,     2.6, ,     9.1, ,    13.9, ,    13.6, ,     8.0, ,     2.5, ,    -8.3, ,   -16.7, ,    -3.5, ,   -19.0, ,    -7.2, ,    12.2, ,      .7, 
1927,   -19.0, ,   -18.0, ,    -9.4, ,    -2.9, ,     4.2, , -9999.9,M, -9999.9,M, -9999.9,M, -9999.9,M, -9999.9,M,    -7.5, ,   -14.9, , -9999.9,M,   -17.9, ,    -2.7, , -9999.9,M, -9999.9,M
1928,   -23.3, ,   -20.7, ,   -13.5, , -9999.9,M,     4.4, , -9999.9,M, -9999.9,M, -9999.9,M, -9999.9,M,     2.0, ,    -6.1, ,   -10.6, , -9999.9,M,   -19.6, , -9999.9,M, -9999.9,M, -9999.9,M
1929,   -22.3, ,   -20.4, ,   -14.5, ,    -6.1, ,     1.8, ,    11.3, ,    13.0, , -9999.9,M,     7.9, ,      .7, ,    -7.5, ,   -20.6, , -9999.9,M,   -17.8, ,    -6.3, , -9999.9,M,      .4, 
1930,   -21.1, ,   -18.9, ,   -12.4, ,    -3.5, ,     6.0, ,    14.8, ,    13.6, ,    13.8, ,     9.6, ,     5.3, ,    -2.5, ,   -12.5, ,     -.7, ,   -20.2, ,    -3.3, ,    14.1, ,     4.1, 
1931,   -21.3, ,   -18.1, ,    -5.2, ,     -.7, ,     6.5, ,    13.2, ,    17.3, ,    14.5, ,     8.8, ,     5.0, ,    -1.1, ,   -14.0, ,      .4, ,   -17.3, ,      .2, ,    15.0, ,     4.2, 
1932,   -15.1, ,   -21.1, ,   -13.7, ,    -3.2, ,     5.4, ,    11.8, ,    13.2, ,    15.4, ,     9.7, ,     2.2, ,    -9.2, ,   -16.0, ,    -1.7, ,   -16.7, ,    -3.8, ,    13.5, ,      .9, 
1933, -9999.9,M,   -17.8, ,   -13.3, ,    -1.9, ,     3.6, ,    11.4, ,    15.6, ,    15.2, ,    10.2, , -9999.9,M,   -13.5, ,   -23.6, , -9999.9,M, -9999.9,M,    -3.9, ,    14.1, , -9999.9,M
1934,   -21.9, ,   -25.7, ,   -14.0, ,    -1.8, ,     4.3, ,    11.7, ,    15.0, ,    12.3, , -9999.9,M, -9999.9,M, -9999.9,M, -9999.9,M, -9999.9,M,   -23.7, ,    -3.8, ,    13.0, , -9999.9,M
1935, -9999.9,M, -9999.9,M,   -13.9, ,    -1.8, ,     4.8, ,    13.3, ,    15.7, ,    15.3, ,     7.4, ,     2.8, ,    -6.6, ,   -15.5, , -9999.9,M, -9999.9,M,    -3.6, ,    14.8, ,     1.2, 
1936,   -20.3, ,   -21.0, ,    -7.3, ,    -3.6, ,     2.6, ,    10.0, ,    14.7, ,    12.8, ,    12.2, ,      .3, ,   -11.2, ,   -16.8, ,    -2.3, ,   -18.9, ,    -2.8, ,    12.5, ,      .4, 
1937,   -19.2, ,   -12.3, ,   -13.4, ,    -1.1, ,     7.6, ,    12.3, ,    16.7, ,    16.7, , -9999.9,M,     2.8, ,    -4.6, ,   -15.3, , -9999.9,M,   -16.1, ,    -2.3, ,    15.2, , -9999.9,M
1938,   -21.1, ,   -19.7, ,   -11.0, ,    -3.5, ,     6.1, ,    12.9, ,    15.5, ,    14.4, ,     9.3, ,     4.6, ,    -5.0, ,   -13.0, ,     -.9, ,   -18.7, ,    -2.8, ,    14.3, ,     3.0, 
1939, -9999.9,M,   -22.1, ,   -18.2, ,    -3.5, ,     3.9, ,    11.7, ,    15.9, ,    15.7, ,     9.1, ,      .9, ,    -6.4, ,   -12.7, , -9999.9,M, -9999.9,M,    -5.9, ,    14.4, ,     1.2, 
1940,   -17.2, ,   -17.2, ,   -10.1, ,    -4.9, ,     5.5, ,    11.0, ,    14.8, ,    14.4, ,    10.2, ,     1.4, ,    -6.1, ,   -16.9, ,    -1.3, ,   -15.7, ,    -3.2, ,    13.4, ,     1.8, 
1941,   -20.8, ,   -13.9, ,   -12.0, ,    -1.2, ,     6.3, ,    13.6, ,    17.8, , -9999.9,M,     9.2, ,     1.8, ,    -5.7, ,   -12.5, , -9999.9,M,   -17.2, ,    -2.3, , -9999.9,M,     1.8, 
1942,   -20.6, ,   -14.3, ,    -7.1, ,      .4, ,     7.8, ,    13.3, ,    15.1, ,    14.9, ,     9.2, ,     4.9, ,    -4.8, ,   -18.3, ,      .0, ,   -15.8, ,      .4, ,    14.4, ,     3.1, 
1943,   -21.9, , -9999.9,M,   -17.5, ,    -4.4, ,     5.3, , -9999.9,M, -9999.9,M, -9999.9,M, -9999.9,M, -9999.9,M, -9999.9,M,   -17.4, , -9999.9,M, -9999.9,M,    -5.5, , -9999.9,M, -9999.9,M
1944,   -14.2, ,   -20.4, ,   -15.5, ,    -4.5, ,     7.4, ,    14.1, ,    17.0, ,    16.9, ,    12.3, ,     2.4, ,    -4.1, ,   -14.8, ,     -.3, ,   -17.3, ,    -4.2, ,    16.0, ,     3.5, 
1945,   -23.4, ,   -15.8, ,    -5.8, ,     -.1, ,     6.8, , -9999.9,M, -9999.9,M,    17.1, ,     8.5, ,     1.7, , -9999.9,M,   -17.3, , -9999.9,M,   -18.0, ,      .3, , -9999.9,M, -9999.9,M
1946,   -19.6, , -9999.9,M, -9999.9,M, -9999.9,M, -9999.9,M, -9999.9,M, -9999.9,M, -9999.9,M,    10.6, ,     3.9, ,    -7.1, ,   -19.1, , -9999.9,M, -9999.9,M, -9999.9,M, -9999.9,M,     2.5, 
1947, -9999.9,M,   -16.9, , -9999.9,M,   -16.3, , -9999.9,M,    13.4, , -9999.9,M,    18.5, , -9999.9,M,     7.3, ,    -5.0, ,   -15.2, , -9999.9,M, -9999.9,M, -9999.9,M, -9999.9,M, -9999.9,M
1948,   -22.5, ,   -21.4, ,   -14.9, ,    -2.9, ,     6.1, ,    12.7, ,    16.4, ,    15.6, ,    10.2, ,     3.8, ,    -1.3, ,   -11.3, ,     -.8, ,   -19.7, ,    -3.9, ,    14.9, ,     4.2, 
1949,   -20.6, ,   -21.2, , -9999.9,M,    -2.3, ,     5.9, , -9999.9,M, -9999.9,M,    15.5, ,    10.5, ,     4.7, ,    -7.5, ,   -13.1, , -9999.9,M,   -17.7, , -9999.9,M, -9999.9,M,     2.6, 
1950, -9999.9,M,   -20.3, ,   -13.7, ,    -2.6, ,     6.7, ,     9.9, ,    15.5, ,    14.5, ,    10.5, ,     3.2, ,    -2.7, ,   -14.1, , -9999.9,M, -9999.9,M,    -3.2, ,    13.3, ,     3.7, 
1951,   -18.2, ,   -14.7, ,    -7.2, ,     2.9, ,     8.8, , -9999.9,M, -9999.9,M,    15.1, ,     9.9, ,     3.7, ,    -7.4, ,   -16.4, , -9999.9,M,   -15.7, ,     1.5, , -9999.9,M,     2.1, 
1952,   -20.6, , -9999.9,M,    -8.5, ,      .5, ,     7.7, ,    13.1, ,    17.3, ,    15.6, ,     9.5, ,     1.0, , -9999.9,M, -9999.9,M, -9999.9,M, -9999.9,M,     -.1, ,    15.3, , -9999.9,M
1953, -9999.9,M, -9999.9,M,    -8.1, ,      .8, ,     7.1, , -9999.9,M, -9999.9,M, -9999.9,M, -9999.9,M, -9999.9,M,     -.3, ,   -11.9, , -9999.9,M, -9999.9,M,     -.1, , -9999.9,M, -9999.9,M
1954,   -22.2, ,   -11.0, ,   -11.2, ,    -2.9, ,     6.4, ,    14.9, ,    15.5, ,    14.0, ,     9.2, ,     3.8, ,    -4.5, ,   -14.9, ,     -.2, ,   -15.0, ,    -2.6, ,    14.8, ,     2.8, 
1955,   -20.6, ,   -15.8, ,   -12.5, ,      .2, , -9999.9,M, -9999.9,M, -9999.9,M, -9999.9,M,     8.4, ,     3.9, ,    -3.9, ,   -16.0, , -9999.9,M,   -17.1, , -9999.9,M, -9999.9,M,     2.8, 
1956,   -15.7, ,   -17.8, ,   -17.4, ,    -2.6, ,      .8, ,    11.4, ,    13.4, ,    13.4, ,     7.9, ,     6.1, ,    -4.2, ,   -18.8, ,    -2.0, ,   -16.5, ,    -6.4, ,    12.7, ,     3.3, 
1957,   -27.1, ,   -14.8, ,   -10.9, ,    -3.3, ,     4.7, ,    12.6, ,    15.4, ,    12.3, ,     9.9, ,     4.0, ,    -3.5, ,   -12.3, ,    -1.1, ,   -20.2, ,    -3.2, ,    13.4, ,     3.5, 
1958,   -16.6, ,   -15.4, ,    -1.0, , -9999.9,M,     3.8, ,     9.9, ,    16.2, ,    14.0, ,     9.8, ,     2.4, ,    -5.0, ,   -20.4, , -9999.9,M,   -14.8, , -9999.9,M,    13.4, ,     2.4, 
1959,   -16.0, ,   -24.2, ,   -14.0, ,    -3.4, ,     6.5, ,    12.4, ,    18.0, ,    15.4, ,    10.8, ,     1.0, ,    -7.3, ,   -14.1, ,    -1.2, ,   -20.2, ,    -3.6, ,    15.3, ,     1.5, 
1960,   -18.8, ,   -12.5, ,   -14.9, ,    -3.1, ,     9.1, ,    12.5, ,    15.0, ,    14.7, ,     9.2, ,     2.9, ,    -3.5, ,   -17.2, ,     -.6, ,   -15.1, ,    -3.0, ,    14.1, ,     2.9, 
1961,   -25.0, ,   -18.2, ,   -10.6, ,     2.0, ,     5.4, ,    11.4, ,    16.3, ,    15.4, ,    12.1, ,     4.4, ,    -1.7, ,   -13.3, ,     -.2, ,   -20.1, ,    -1.1, ,    14.4, ,     4.9, 
1962,   -22.8, ,   -22.8, ,    -6.5, ,    -2.9, ,     6.7, ,    13.5, ,    15.2, ,    14.9, ,     8.8, ,     4.0, ,    -4.8, ,   -15.8, ,    -1.0, ,   -19.6, ,     -.9, ,    14.5, ,     2.7, 
1963,   -22.0, ,   -22.5, , -9999.9,M,    -1.7, ,     6.0, ,    13.7, ,    17.9, ,    12.8, ,     7.7, ,     5.8, ,    -2.1, ,   -19.9, , -9999.9,M,   -20.1, , -9999.9,M,    14.8, ,     3.8, 
1964,   -16.4, ,   -17.0, ,   -14.1, ,    -1.4, ,     6.7, ,    11.0, ,    16.4, ,    11.8, ,     8.6, ,     1.2, ,    -6.0, ,   -17.0, ,    -1.4, ,   -17.8, ,    -2.9, ,    13.1, ,     1.3, 
1965,   -24.3, ,   -20.8, ,   -13.5, ,    -1.4, ,     6.1, , -9999.9,M,    12.3, ,    12.2, ,     8.3, ,     1.3, ,    -8.5, ,   -14.2, , -9999.9,M,   -20.7, ,    -2.9, , -9999.9,M,      .4, 
1966,   -17.5, ,   -14.9, ,    -8.9, , -9999.9,M,     3.3, ,    13.6, ,    15.3, ,    13.6, ,     8.4, ,     2.7, ,    -3.5, ,   -14.3, , -9999.9,M,   -15.5, , -9999.9,M,    14.2, ,     2.5, 
1967,   -20.2, ,   -22.9, ,   -15.4, ,    -3.8, ,     2.3, ,    14.1, ,    16.9, ,    14.9, ,    10.0, , -9999.9,M,    -5.4, , -9999.9,M, -9999.9,M,   -19.1, ,    -5.6, ,    15.3, , -9999.9,M
1968, -9999.9,M,   -19.6, ,    -8.4, ,     1.2, ,     7.0, ,    12.9, ,    14.9, ,    11.4, ,    13.3, ,     5.4, ,    -5.9, ,   -12.6, , -9999.9,M, -9999.9,M,     -.1, ,    13.1, ,     4.3, 
1969, -9999.9,M, -9999.9,M,   -11.8, ,    -2.6, , -9999.9,M, -9999.9,M,    15.1, ,    15.5, ,     8.0, ,     2.1, ,    -3.1, ,   -15.3, , -9999.9,M, -9999.9,M, -9999.9,M, -9999.9,M,     2.3, 
1970,   -23.8, ,   -22.7, ,   -10.8, , -9999.9,M, -9999.9,M,    15.3, ,    17.3, ,    15.4, ,     9.0, ,     5.6, ,    -4.0, ,   -18.6, , -9999.9,M,   -20.6, , -9999.9,M,    16.0, ,     3.5, 
1971,   -21.2, ,   -17.5, ,   -11.0, ,    -1.8, ,     6.6, ,    12.5, ,    14.1, ,    13.8, , -9999.9,M,     4.9, ,    -6.0, ,   -16.3, , -9999.9,M,   -19.1, ,    -2.1, ,    13.5, , -9999.9,M
1972,   -20.2, ,   -20.6, ,   -13.5, ,    -2.9, ,     6.8, ,    12.6, ,    15.9, ,    12.5, ,     7.6, ,      .1, ,    -6.6, ,   -19.4, ,    -2.3, ,   -19.0, ,    -3.2, ,    13.7, ,      .4, 
1973,   -17.1, ,   -20.6, ,    -5.2, ,     -.8, ,     6.1, ,    14.6, ,    17.4, ,    17.2, ,     8.8, ,     5.2, ,    -5.8, ,   -14.4, ,      .5, ,   -19.0, ,      .0, ,    16.4, ,     2.7, 
1974,   -22.5, ,   -20.1, ,   -13.3, ,    -3.2, ,     2.6, ,    14.8, ,    16.7, ,    14.6, ,     7.1, ,    -1.2, ,    -4.3, ,   -12.3, ,    -1.8, ,   -19.0, ,    -4.6, ,    15.4, ,      .5, 
1975,   -18.6, ,   -16.8, ,   -11.9, ,    -2.6, ,     9.5, ,    15.5, ,    17.8, ,    15.4, ,     9.0, ,     3.4, ,    -3.9, ,   -17.7, ,     -.1, ,   -15.9, ,    -1.7, ,    16.2, ,     2.8, 
1976,   -22.0, ,   -16.1, ,   -13.1, ,     -.9, ,     6.1, ,    16.1, ,    15.9, ,    15.3, ,     8.1, ,      .4, ,    -7.6, ,   -21.3, ,    -1.6, ,   -18.6, ,    -2.6, ,    15.8, ,      .3, 
1977,   -19.2, ,   -15.1, ,    -4.9, ,    -2.2, ,     8.8, ,    12.3, ,    14.6, ,    13.1, ,     9.0, ,     3.4, ,    -2.6, ,   -15.5, ,      .1, ,   -18.5, ,      .6, ,    13.3, ,     3.3, 
1978,   -19.6, ,   -18.0, ,   -14.5, ,    -2.8, ,    10.2, ,    11.9, ,    15.2, ,    14.3, ,     6.6, ,     1.4, ,    -7.6, ,   -15.4, ,    -1.5, ,   -17.7, ,    -2.4, ,    13.8, ,      .1, 
1979,   -17.4, ,   -21.7, ,    -7.3, ,      .2, ,     8.1, ,    14.0, ,    16.5, ,    12.7, ,     7.9, ,     2.8, ,    -4.8, ,   -12.7, ,     -.1, ,   -18.2, ,      .3, ,    14.4, ,     2.0, 
1980,   -17.9, ,   -18.5, ,    -9.1, ,     1.0, ,     8.7, ,    11.5, ,    15.3, ,    16.5, ,     6.7, ,      .1, ,    -7.9, ,   -21.8, ,    -1.3, ,   -16.4, ,      .2, ,    14.4, ,     -.4, 
1981,   -20.2, ,    -9.6, ,    -6.6, ,    -1.8, ,     6.3, ,    13.0, ,    17.1, ,    16.1, ,    10.1, ,     2.1, ,    -3.1, ,   -10.2, ,     1.1, ,   -17.2, ,     -.7, ,    15.4, ,     3.0, 
1982,   -24.3, ,   -19.0, ,   -11.1, ,    -4.6, ,    10.0, ,    12.5, ,    15.6, ,    11.3, ,    10.2, , -9999.9,M,    -4.4, ,   -11.7, , -9999.9,M,   -17.8, ,    -1.9, ,    13.1, , -9999.9,M
1983,   -17.9, ,   -15.4, ,    -8.3, ,     -.4, ,     4.8, ,    14.4, ,    16.0, ,    15.5, ,    10.4, ,     3.6, ,    -3.9, ,   -17.3, ,      .1, ,   -15.0, ,    -1.3, ,    15.3, ,     3.4, 
1984,   -23.7, ,   -10.5, ,   -12.3, ,     2.7, ,     6.0, ,    13.3, ,    16.4, ,    16.3, ,     7.9, ,     4.2, ,    -4.0, ,   -14.9, ,      .1, ,   -17.2, ,    -1.2, ,    15.3, ,     2.7, 
1985,   -21.4, ,   -15.4, ,   -11.0, ,    -3.2, ,     5.0, ,    12.3, ,    14.9, ,    14.1, ,    10.0, ,     3.5, ,    -7.1, ,   -20.0, ,    -1.5, ,   -17.2, ,    -3.1, ,    13.8, ,     2.1, 
1986,   -20.1, ,   -18.2, ,   -11.1, ,     2.5, ,     9.0, ,     9.5, ,    15.1, ,    13.7, ,     7.2, ,      .9, ,    -9.4, ,   -13.2, ,    -1.2, ,   -19.4, ,      .1, ,    12.8, ,     -.4, 
1987,   -16.5, ,   -18.4, ,    -6.5, ,     3.1, ,     6.8, ,    13.9, ,    16.6, ,    13.6, ,    10.4, ,     1.7, ,    -6.0, ,   -12.2, ,      .5, ,   -16.0, ,     1.1, ,    14.7, ,     2.0, 
1988,   -16.7,E,   -19.8, ,   -11.6, ,     1.2, ,     8.9, ,    11.5, ,    17.5, ,    14.4, ,     8.8, ,     1.2, ,    -3.4, ,   -17.5, ,     -.5,E,   -16.2,E,     -.5, ,    14.5, ,     2.2, 
1989,   -18.4, ,   -20.6, ,   -14.6, ,    -2.2, ,     9.7, ,    13.7, ,    15.9, ,    14.2, ,    10.7, ,     3.3, ,    -8.8, ,   -22.6, ,    -1.6, ,   -18.8, ,    -2.4, ,    14.6, ,     1.7, 
1990,   -16.3, ,   -19.8, ,   -10.3, ,     -.4, ,     5.9, ,    13.5, ,    16.2, ,    15.2, ,     7.6, ,     1.8, ,    -5.0, ,   -13.8, ,     -.5, ,   -19.6, ,    -1.6, ,    15.0, ,     1.5, 
1991,   -22.8, ,   -15.1, ,    -9.5, ,      .8, ,     7.4, ,    13.5, ,    16.1, ,    15.9, ,     7.8, ,     3.1, ,    -4.3, ,   -17.2, ,     -.4, ,   -17.2, ,     -.4, ,    15.2, ,     2.2, 
1992,   -20.0, ,   -20.8, ,   -14.7, , -9999.9,M, -9999.9,M, -9999.9,M, -9999.9,M, -9999.9,M, -9999.9,M, -9999.9,M, -9999.9,M, -9999.9,M, -9999.9,M,   -19.3, , -9999.9,M, -9999.9,M, -9999.9,M
1993, -9999.9,M,   -22.9,E,   -10.1,E,      .2,E,     6.6,E, -9999.9,M,    16.2,E,    16.0,E, -9999.9,M, -9999.9,M,    -8.6,E, -9999.9,M, -9999.9,M, -9999.9,M,    -1.1,E, -9999.9,M, -9999.9,M
1994,   -27.0,E, -9999.9,M, -9999.9,M, -9999.9,M, -9999.9,M, -9999.9,M, -9999.9,M,    11.6,E,     9.6,E,     5.1,E, -9999.9,M, -9999.9,M, -9999.9,M, -9999.9,M, -9999.9,M, -9999.9,M, -9999.9,M
1995,   -14.9,E,   -18.7,E,    -6.7,E,    -4.4,E,     6.4,E,    14.5,E, -9999.9,M,    15.8,E,     7.7, ,     5.3, ,    -8.4,E,   -16.1,E, -9999.9,M, -9999.9,M,    -1.6,E, -9999.9,M,     1.5,E
1996,   -22.2, ,   -18.6, ,   -10.9, ,    -2.0, ,     5.1, ,    14.7, ,    15.7, ,    14.8, ,    10.9,E,     2.0, ,    -6.5, ,   -10.6, ,     -.6,E,   -19.0,E,    -2.6, ,    15.1, ,     2.1,E
1997,   -19.6, ,   -19.7,E,   -14.8, ,    -1.3, ,     3.7, ,    13.5, ,    16.5, ,    13.4, ,     9.8, ,     2.9, ,    -7.1, ,   -13.4, ,    -1.3,E,   -16.6,E,    -4.1, ,    14.5, ,     1.9, 
1998,   -16.2, ,   -10.0, ,    -8.2,E,     1.7, ,    10.7, ,    15.1, ,    15.7, ,    15.0, ,     9.6,E,     4.0,E,    -4.4, ,   -13.0, ,     1.7,E,   -13.2, ,     1.4,E,    15.3, ,     3.1,E
1999,   -20.0, ,   -13.6, ,    -9.8, ,     -.9, ,    10.9, ,    15.0, ,    16.6, ,    14.3, ,    13.1,E,     1.0, ,    -3.7, ,   -11.2, ,     1.0,E,   -15.5, ,      .1, ,    15.3, ,     3.5,E
2000,   -20.5, ,   -15.1, ,    -5.3,E,    -2.4, ,     8.0, ,    10.0,E,    15.9, ,    14.8, ,     8.5, ,     3.5, ,    -2.4, ,   -16.4, ,     -.1,E,   -15.6, ,      .1,E,    13.6,E,     3.2, 
2001,   -18.1, ,   -17.5,E,    -9.8, ,     -.8, ,    11.3, ,    14.7, ,    15.6, ,    16.1, ,    10.9, ,     4.2, ,    -2.3, ,    -7.6, ,     1.4,E,   -17.3,E,      .2, ,    15.5, ,     4.3, 
2002,   -17.5, ,   -16.6, ,   -13.4, ,    -2.1, ,     5.3, ,    11.9, ,    16.1,E,    16.2, ,    11.4, ,      .8, ,    -8.2, ,   -12.1, ,     -.7,E,   -13.9, ,    -3.4, ,    14.7,E,     1.3, 
2003,   -21.0,E,   -20.8, ,   -13.4, ,    -4.8, ,     8.5, ,    13.8, ,    15.0, ,    15.8, ,    12.3, ,     2.5, ,    -3.8, ,   -11.9, ,     -.7,E,   -18.0,E,    -3.2, ,    14.9, ,     3.7, 
2004,   -23.2, ,   -15.5,E,    -9.1, ,    -2.8, ,     4.0, ,    11.3, ,    16.2, ,    13.6, ,    11.0, ,     4.3, ,    -4.1, ,   -18.3, ,    -1.1,E,   -16.9,E,    -2.6, ,    13.7, ,     3.7, 
2005,   -22.3, ,   -15.2, ,    -9.7, ,      .3, , -9999.9,M,    16.1, ,    17.1, ,    15.2, ,    11.3, ,     5.8, ,    -4.5, ,   -14.7, , -9999.9,M,   -18.6, , -9999.9,M,    16.1, ,     4.2, 
2006,   -13.6, ,   -17.6, ,    -6.4, ,     1.9, ,    10.6, ,    14.9, ,    17.2, ,    13.2, ,     9.1,E,     3.4, ,    -2.2, ,    -9.3, ,     1.8,E,   -15.3, ,     2.0, ,    15.1, ,     3.4,E
2007,   -16.6, ,   -20.5, ,   -12.5, ,     1.5, ,     8.5, ,    14.3, ,    15.3, ,    13.2, ,     9.5, ,     5.7, ,    -5.3, ,   -15.1, ,     -.2, ,   -15.5, ,     -.8, ,    14.3, ,     3.3, 
2008,   -15.3, ,   -17.5, ,   -13.9, ,     1.5, ,     6.6, ,    14.5, ,    16.1, ,    15.7, ,    10.2, ,     3.6, ,    -3.0, ,   -16.2, ,      .2, ,   -16.0, ,    -1.9, ,    15.4, ,     3.6, 
2009,   -23.2, ,   -15.3, ,   -11.0, ,     -.5, ,     4.6, ,    15.0, ,    15.6, ,    14.6, ,    10.8, ,     2.0, ,      .0, ,   -13.1, ,      .0, ,   -18.2, ,    -2.3, ,    15.1, ,     4.3, 
2010,   -13.4, ,    -8.6, ,    -6.4, ,     3.2, ,     9.6, ,    12.4, ,    17.4, ,    16.1, ,     9.9, ,     3.0, ,    -3.5, ,   -10.6, ,     2.4, ,   -11.7, ,     2.1, ,    15.3, ,     3.1, 
2011,   -18.4, ,   -17.3, ,   -10.5, ,    -1.5, ,     8.4, ,    14.0, ,    16.9, ,    15.2, ,    11.8, ,     5.0, ,    -1.1, ,   -13.4,E,      .8,E,   -15.4, ,    -1.2, ,    15.4, ,     5.2, 
2012,   -16.6,E,   -14.0,E,    -4.7, ,     -.4, ,    10.0, ,    15.7,E,    17.1,E,    16.2,E,    11.1,E,     5.8,E,    -3.6,E,   -11.0,E,     2.1,E,   -14.7,E,     1.6, ,    16.3,E,     4.4,E
