710S005,INUKJUAK       ,QC, station joined    , Monthly mean of homogenized daily mean temperature                     , °C,          Updated to December 2012
710S005,INUKJUAK       ,QC, station jointe    , Moyenne mensuelle des températures homogénéisées moyennes quotidiennes , °C, Mise à jour jusqu à décembre 2012
Year,     Jan, ,     Feb, ,     Mar, ,     Apr, ,     May, ,     Jun, ,     Jul, ,     Aug, ,     Sep, ,     Oct, ,     Nov, ,     Dec, ,  Annual, ,  Winter, ,  Spring, ,  Summer, ,  Autumn
Year,    Janv, ,     Fév, ,    Mars, ,     Avr, ,     Mai, ,    Juin, ,    Juil, ,    Août, ,    Sept, ,     Oct, ,     Nov, ,     Déc, ,  Annuel, ,   Hiver, ,Printemp, ,     Eté, , Automne
1921, -9999.9,M, -9999.9,M, -9999.9,M, -9999.9,M, -9999.9,M, -9999.9,M, -9999.9,M, -9999.9,M, -9999.9,M, -9999.9,M,    -6.5, ,   -18.9, , -9999.9,M, -9999.9,M, -9999.9,M, -9999.9,M, -9999.9,M
1922,   -26.3, ,   -31.8, ,   -22.1, ,   -10.1, ,      .0, ,      .2, ,     7.6, ,     6.8, ,     4.0, ,    -3.0, , -9999.9,M, -9999.9,M, -9999.9,M,   -25.7, ,   -10.7, ,     4.9, , -9999.9,M
1923,   -28.1, ,   -28.6, ,   -28.3, , -9999.9,M, -9999.9,M, -9999.9,M, -9999.9,M, -9999.9,M,     4.1, ,      .7, ,    -5.8, ,   -17.0, , -9999.9,M, -9999.9,M, -9999.9,M, -9999.9,M,     -.3, 
1924,   -27.5, ,   -23.7, ,   -13.3, ,    -6.7, ,      .8, ,     6.7, , -9999.9,M,    10.3, ,     7.3, ,     1.0, ,    -6.6, ,   -17.6, , -9999.9,M,   -22.7, ,    -6.4, , -9999.9,M,      .6, 
1925, -9999.9,M,   -28.2, ,   -21.0, ,   -11.0, , -9999.9,M,     2.2, ,     7.9, ,     8.0, ,     4.1, ,    -3.2, ,    -8.1, ,   -16.5, , -9999.9,M, -9999.9,M, -9999.9,M,     6.0, ,    -2.4, 
1926,   -30.4, ,   -30.5, ,   -25.5, ,   -15.6, , -9999.9,M,     2.8, ,     5.9, ,     8.6, ,     5.6, ,     -.8, ,   -10.4, ,   -19.5, , -9999.9,M,   -25.8, , -9999.9,M,     5.8, ,    -1.9, 
1927,   -26.5, ,   -25.6, ,   -17.6, ,    -8.8, ,    -3.9, ,     2.2, ,     6.6, , -9999.9,M,     4.9, ,     -.5, ,    -6.8, ,   -19.2, , -9999.9,M,   -23.9, ,   -10.1, , -9999.9,M,     -.8, 
1928,   -28.0, ,   -27.5, ,   -21.5, ,   -14.5, ,     -.5, ,     5.6, ,    10.8, ,     7.8, ,     3.8, ,     -.5, ,    -8.3, ,   -14.1, ,    -7.2, ,   -24.9, ,   -12.2, ,     8.1, ,    -1.7, 
1929,   -24.5, ,   -27.1, ,   -25.4, ,   -14.9, ,    -4.5, ,     1.2, ,     4.6, , -9999.9,M,     2.5, ,     -.3, ,   -11.1, ,   -25.2, , -9999.9,M,   -21.9, ,   -14.9, , -9999.9,M,    -3.0, 
1930, -9999.9,M,   -29.5, ,   -18.6, ,   -12.9, ,    -1.4, ,     5.5, ,     7.3, , -9999.9,M, -9999.9,M, -9999.9,M, -9999.9,M, -9999.9,M, -9999.9,M, -9999.9,M,   -11.0, , -9999.9,M, -9999.9,M
1931, -9999.9,M, -9999.9,M, -9999.9,M, -9999.9,M, -9999.9,M, -9999.9,M, -9999.9,M, -9999.9,M, -9999.9,M, -9999.9,M, -9999.9,M, -9999.9,M, -9999.9,M, -9999.9,M, -9999.9,M, -9999.9,M, -9999.9,M
1932, -9999.9,M, -9999.9,M, -9999.9,M, -9999.9,M, -9999.9,M, -9999.9,M, -9999.9,M,     7.3, ,     5.3, ,      .6, ,    -7.6, ,   -21.8, , -9999.9,M, -9999.9,M, -9999.9,M, -9999.9,M,     -.6, 
1933,   -27.0, ,   -31.7, ,   -23.0, , -9999.9,M,     -.3, , -9999.9,M, -9999.9,M,     6.7, ,     6.3, ,    -1.3, ,   -15.4, ,   -29.1, , -9999.9,M,   -26.8, , -9999.9,M, -9999.9,M,    -3.5, 
1934,   -27.3, ,   -31.4, ,   -24.9, ,    -8.5, , -9999.9,M,     4.2, ,     8.7, ,     8.1, ,     4.3, ,      .2, ,    -9.3, ,   -17.1, , -9999.9,M,   -29.3, , -9999.9,M,     7.0, ,    -1.6, 
1935, -9999.9,M, -9999.9,M, -9999.9,M, -9999.9,M,    -1.8, , -9999.9,M,     9.5, , -9999.9,M,     7.5, ,      .3, ,   -12.2, ,   -21.4, , -9999.9,M, -9999.9,M, -9999.9,M, -9999.9,M,    -1.5, 
1936, -9999.9,M, -9999.9,M, -9999.9,M, -9999.9,M, -9999.9,M, -9999.9,M, -9999.9,M, -9999.9,M,     4.6, ,    -3.7, ,   -15.4, ,   -22.1, , -9999.9,M, -9999.9,M, -9999.9,M, -9999.9,M,    -4.8, 
1937,   -29.6, ,   -21.2, ,   -17.9, ,    -9.1, ,      .0, ,     5.7, ,     8.5, , -9999.9,M, -9999.9,M,      .3, ,    -5.9, ,   -17.1, , -9999.9,M,   -24.3, ,    -9.0, , -9999.9,M, -9999.9,M
1938,   -23.0, ,   -26.0, ,   -19.8, ,   -12.9, ,      .1, ,     4.9, ,    10.5, ,     9.7, ,     5.6, ,     1.1, ,    -6.9, ,   -15.2, ,    -6.0, ,   -22.0, ,   -10.9, ,     8.4, ,     -.1, 
1939,   -26.0, ,   -30.5, ,   -28.5, ,   -11.8, ,    -2.7, ,     3.6, ,     7.7, , -9999.9,M,     3.8, ,    -2.7, ,    -6.2, ,   -18.2, , -9999.9,M,   -23.9, ,   -14.3, , -9999.9,M,    -1.7, 
1940,   -14.6, ,   -25.3, ,   -20.0, ,   -10.4, ,    -2.7, ,     4.5, ,     8.6, ,     8.3, ,     6.7, ,    -1.8, ,    -7.3, ,   -22.5, ,    -6.4, ,   -19.4, ,   -11.0, ,     7.1, ,     -.8, 
1941,   -24.5, ,   -18.7, ,   -17.3, ,   -13.3, ,    -4.1, ,     2.6, ,     8.1, ,     7.8, ,     4.1, ,     -.8, ,    -8.9, ,   -19.3, ,    -7.0, ,   -21.9, ,   -11.6, ,     6.2, ,    -1.9, 
1942,   -27.2, ,   -23.7, ,   -14.5, ,    -9.2, ,    -3.6, ,     4.1, ,     8.1, , -9999.9,M,     3.8, ,      .2, ,    -7.5, ,   -18.9, , -9999.9,M,   -23.4, ,    -9.1, , -9999.9,M,    -1.2, 
1943,   -23.3, ,   -27.8, ,   -23.9, ,   -11.9, ,    -3.0, ,     1.8, ,     7.8, , -9999.9,M,     4.8, ,      .4, ,    -6.7, ,   -18.3, , -9999.9,M,   -23.3, ,   -12.9, , -9999.9,M,     -.5, 
1944,   -21.5, ,   -29.4, ,   -21.0, ,    -8.9, ,    -3.2, ,     2.5, ,     7.6, ,     9.8, ,     6.8, ,    -2.0, ,    -8.1, ,   -19.2, ,    -7.2, ,   -23.1, ,   -11.0, ,     6.6, ,    -1.1, 
1945,   -25.8, ,   -24.0, ,   -16.9, ,   -11.5, ,    -2.1, ,     3.4, ,     8.3, ,     7.6, ,     3.3, ,    -1.2, ,    -6.7, ,   -17.6, ,    -6.9, ,   -23.0, ,   -10.2, ,     6.4, ,    -1.5, 
1946,   -28.4, ,   -28.5, ,   -18.2, ,   -12.3, ,    -3.7, ,     1.6, ,     6.2, ,     6.5, ,     4.6, ,    -1.0, ,    -8.2, ,   -18.0, ,    -8.3, ,   -24.8, ,   -11.4, ,     4.8, ,    -1.5, 
1947,   -23.2, ,   -14.2, ,   -16.2, ,   -14.7, ,    -4.2, ,     4.6, ,     6.7, ,     6.1, ,     3.5, ,     1.9, ,    -2.4, ,   -14.2, ,    -5.5, ,   -18.5, ,   -11.7, ,     5.8, ,     1.0, 
1948,   -24.8, ,   -26.5, ,   -23.6, ,   -12.8, ,    -1.8, ,     6.9, ,    13.6, ,    10.8, ,     7.5, ,     3.2, ,    -3.5, ,   -14.8, ,    -5.5, ,   -21.8, ,   -12.7, ,    10.4, ,     2.4, 
1949,   -21.9, ,   -29.6, ,   -22.1, ,   -13.0, ,    -2.8, ,     7.5, ,     6.9, ,     9.3, ,     4.8, ,     -.5, ,    -8.7, ,   -15.8, ,    -7.2, ,   -22.1, ,   -12.6, ,     7.9, ,    -1.5, 
1950,   -29.1, ,   -29.7, ,   -20.5, ,   -12.0, ,    -1.7, ,     3.5, ,     8.5, ,     7.3, ,     3.5, ,    -2.1, ,    -9.1, ,   -13.1, ,    -7.9, ,   -24.9, ,   -11.4, ,     6.4, ,    -2.6, 
1951,   -26.7, ,   -24.4, ,   -16.1, ,    -6.2, ,    -2.0, ,     6.1, ,     7.9, ,     8.9, ,     4.7, ,    -1.4, ,    -9.0, ,   -20.6, ,    -6.6, ,   -21.4, ,    -8.1, ,     7.6, ,    -1.9, 
1952, -9999.9,M, -9999.9,M, -9999.9,M,    -9.5, ,      .9, ,     5.0, ,    10.0, ,     8.7, ,     5.0, ,    -3.4, ,    -6.5, ,   -12.3, , -9999.9,M, -9999.9,M, -9999.9,M,     7.9, ,    -1.6, 
1953,   -26.3, ,   -24.7, ,   -16.7, ,    -3.1, ,    -1.6, ,     3.8, ,     8.5, ,     8.2, ,     4.6, ,     -.9, ,    -6.3, ,   -21.8, ,    -6.4, ,   -21.1, ,    -7.1, ,     6.8, ,     -.9, 
1954,   -31.8, ,   -23.4, ,   -18.1, ,   -15.7, ,     1.2, ,     6.5, ,    13.1, ,    12.0, ,     6.3, ,      .0, ,    -9.2, ,   -16.0, ,    -6.3, ,   -25.7, ,   -10.9, ,    10.5, ,    -1.0, 
1955,   -23.6, ,   -23.4, ,   -22.0, ,    -8.4, ,      .2, ,    10.6, ,     9.7, ,     9.7, ,     5.3, ,     3.0, ,    -6.0, ,   -11.5, ,    -4.7, ,   -21.0, ,   -10.1, ,    10.0, ,      .8, 
1956,   -21.5, ,   -21.3, ,   -20.8, ,    -8.5, ,    -6.5, ,     3.2, ,    10.0, ,     9.1, ,     3.9, ,      .0, ,    -9.1, ,   -23.5, ,    -7.1, ,   -18.1, ,   -11.9, ,     7.4, ,    -1.7, 
1957,   -29.7, ,   -22.8, ,   -15.3, ,    -9.2, ,    -4.2, ,     4.4, ,    10.6, ,     8.0, ,     5.9, ,     -.1, ,    -9.1, ,   -17.6, ,    -6.6, ,   -25.3, ,    -9.6, ,     7.7, ,    -1.1, 
1958,   -21.2, ,   -21.7, ,   -12.6, ,   -11.8, ,    -1.4, ,     3.8, ,     8.5, ,     9.4, ,     5.1, ,    -2.0, ,   -10.6, ,   -19.5, ,    -6.2, ,   -20.2, ,    -8.6, ,     7.2, ,    -2.5, 
1959,   -19.4, ,   -29.5, ,   -23.0, ,   -11.2, ,    -1.7, ,     3.6, ,     6.2, ,     7.0, ,     5.5, ,    -2.7, ,    -8.7, ,   -17.9, ,    -7.7, ,   -22.8, ,   -12.0, ,     5.6, ,    -2.0, 
1960,   -20.8, ,   -19.6, ,   -23.8, ,   -12.9, ,     1.3, ,     6.0, ,    10.8, ,     9.2, ,     5.5, ,      .5, ,    -5.1, ,   -16.2, ,    -5.4, ,   -19.4, ,   -11.8, ,     8.7, ,      .3, 
1961,   -26.5, ,   -25.9, ,   -22.3, ,    -6.0, ,    -2.2, ,     3.1, ,    11.6, ,     8.2, ,     4.9, ,      .3, ,    -5.2, ,   -11.2, ,    -5.9, ,   -22.9, ,   -10.2, ,     7.6, ,      .0, 
1962,   -27.1, ,   -30.8, ,   -17.5, ,   -14.0, ,    -2.6, ,     2.4, ,    10.6, ,     7.2, ,     5.5, ,      .9, ,    -5.2, ,   -16.7, ,    -7.3, ,   -23.0, ,   -11.4, ,     6.7, ,      .4, 
1963,   -26.8, ,   -26.4, ,   -25.6, ,    -8.0, ,    -4.2, ,     2.7, ,    10.8, ,     8.4, ,     2.9, ,     -.3, ,    -6.1, ,   -17.3, ,    -7.5, ,   -23.3, ,   -12.6, ,     7.3, ,    -1.2, 
1964,   -23.5, ,   -26.2, ,   -26.5, ,   -12.6, ,      .1, ,     2.2, ,     8.9, ,    10.1, ,     5.1, ,    -2.0, ,    -7.7, ,   -18.6, ,    -7.6, ,   -22.3, ,   -13.0, ,     7.1, ,    -1.5, 
1965,   -24.1, ,   -28.0, ,   -22.7, ,   -14.1, ,    -1.6, ,     4.4, ,     7.4, ,     5.4, ,     3.6, ,    -2.7, ,    -9.4, ,   -20.7, ,    -8.5, ,   -23.6, ,   -12.8, ,     5.7, ,    -2.8, 
1966,   -21.6, ,   -20.9, ,   -19.4, ,    -5.3, ,    -2.1, ,     4.5, ,    11.0, ,    12.1, ,     6.8, ,      .3, ,    -8.3, ,   -19.2, ,    -5.2, ,   -21.1, ,    -8.9, ,     9.2, ,     -.4, 
1967,   -27.7, ,   -31.2, ,   -24.1, ,   -16.9, ,    -2.5, ,     3.2, ,     8.6, ,     7.4, ,     4.3, ,     -.7, ,    -7.8, ,   -14.8, ,    -8.5, ,   -26.0, ,   -14.5, ,     6.4, ,    -1.4, 
1968,   -25.8, ,   -22.9, ,   -21.6, ,    -9.7, ,     -.7, ,     5.5, ,     6.8, ,     7.6, ,     8.7, ,     3.6, ,    -5.6, ,   -13.5, ,    -5.6, ,   -21.2, ,   -10.7, ,     6.6, ,     2.2, 
1969,   -17.9, ,   -19.0, ,   -19.5, ,   -15.8, ,    -4.1, ,      .9, ,     9.6, ,     9.9, ,     3.2, ,    -1.4, ,    -4.7, ,   -16.1, ,    -6.2, ,   -16.8, ,   -13.1, ,     6.8, ,    -1.0, 
1970,   -21.9, ,   -28.2, ,   -17.6, ,   -11.4, ,    -4.8, ,     2.5, ,     7.1, ,     9.4, ,     5.3, ,     1.7, ,    -5.5, ,   -21.6, ,    -7.1, ,   -22.1, ,   -11.3, ,     6.3, ,      .5, 
1971,   -22.0, ,   -23.0, ,   -17.9, ,    -8.4, ,    -1.4, ,     4.7, ,     8.5, ,     8.5, ,     5.4, ,     1.2, ,    -7.2, ,   -18.5, ,    -5.8, ,   -22.2, ,    -9.2, ,     7.2, ,     -.2, 
1972,   -28.3, ,   -28.1, ,   -23.2, ,   -13.4, ,    -4.3, ,     1.8, ,     6.4, ,     6.7, ,     3.7, ,    -3.0, ,   -10.6, ,   -28.8, ,   -10.1, ,   -25.0, ,   -13.6, ,     5.0, ,    -3.3, 
1973,   -26.2, ,   -27.2, ,   -18.0, ,   -11.5, ,      .0, ,     5.4, ,    10.9, ,    12.7, ,     6.9, ,     1.9, ,    -3.0, ,   -15.6, ,    -5.3, ,   -27.4, ,    -9.8, ,     9.7, ,     1.9, 
1974,   -28.4, ,   -25.9, ,   -25.7, ,   -15.0, ,     1.3, ,     7.0, ,    12.6, ,    10.2, ,     3.1, ,    -3.1, ,    -6.1, ,   -16.6, ,    -7.2, ,   -23.3, ,   -13.1, ,     9.9, ,    -2.0, 
1975,   -25.7, ,   -21.7, ,   -21.3, ,   -12.7, ,      .2, ,     8.3, ,    10.0, ,    10.7, ,     5.6, ,     1.3, ,    -3.9, ,   -17.8, ,    -5.6, ,   -21.3, ,   -11.3, ,     9.7, ,     1.0, 
1976,   -25.5, ,   -28.3, ,   -26.1, ,   -10.8, ,     -.4, ,     4.7, ,     9.8, ,     7.5, ,     4.4, ,    -1.9, ,    -7.6, ,   -23.5, ,    -8.1, ,   -23.9, ,   -12.4, ,     7.3, ,    -1.7, 
1977,   -20.6, ,   -23.8, ,   -15.3, ,   -11.9, ,    -1.8, ,     5.0, ,     7.0, ,     9.2, ,     5.8, ,     1.7, ,    -3.0, ,   -17.6, ,    -5.4, ,   -22.6, ,    -9.7, ,     7.1, ,     1.5, 
1978,   -26.3, ,   -20.8, ,   -25.9, ,   -12.3, ,    -1.8, ,     2.1, ,     7.0, ,     7.3, ,     3.7, ,    -2.5, ,   -13.0, ,   -17.8, ,    -8.4, ,   -21.6, ,   -13.3, ,     5.5, ,    -3.9, 
1979,   -21.9, ,   -31.6, ,   -21.5, ,   -10.2, ,     -.9, ,     3.8, ,     8.4, ,     7.1, ,     4.1, , -9999.9,M,    -8.4,E,   -14.4, , -9999.9,M,   -23.8, ,   -10.9, ,     6.4, , -9999.9,M
1980,   -20.5, ,   -24.1, ,   -19.2, ,   -11.3, ,      .4, ,     3.7, ,    10.9, ,    12.1, ,     5.1, ,    -1.3, ,    -6.5, ,   -20.8, ,    -6.0, ,   -19.7, ,   -10.0, ,     8.9, ,     -.9, 
1981,   -22.5, ,   -20.3, ,   -12.9, ,   -13.0, ,    -3.3, ,     1.7, ,     6.3, ,    10.5, ,     6.2, ,     1.0, ,    -7.7, ,   -13.9, ,    -5.7, ,   -21.2, ,    -9.7, ,     6.2, ,     -.2, 
1982,   -22.9, ,   -26.5, ,   -21.7, ,   -17.2, ,    -1.2, ,     5.6, ,     8.8, ,     8.2, ,     5.3, ,      .7, ,    -7.5, ,   -20.0, ,    -7.4, ,   -21.1, ,   -13.4, ,     7.5, ,     -.5, 
1983,   -28.2, ,   -26.7, ,   -21.9, ,    -9.6, ,    -4.8, ,     5.0, ,     9.0, ,     8.5, ,     7.0, ,      .9, ,    -9.4, ,   -20.2, ,    -7.5, ,   -25.0, ,   -12.1, ,     7.5, ,     -.5, 
1984,   -26.8, ,   -24.4, ,   -20.7, ,    -7.0, ,      .4, ,     6.3, ,    11.4, ,     8.9, ,     4.6, ,      .6, ,    -8.0, ,   -21.2, ,    -6.3, ,   -23.8, ,    -9.1, ,     8.9, ,     -.9, 
1985,   -21.8, ,   -22.7, ,   -20.8, ,   -13.3, ,    -3.1, ,     8.5, ,     9.3, ,    10.9, ,     7.3, ,     1.7, ,    -7.0, ,   -17.8, ,    -5.7, ,   -21.9, ,   -12.4, ,     9.6, ,      .7, 
1986,   -24.8, ,   -23.7, ,   -23.1, ,    -8.9, ,    -1.9, ,     3.5, ,    10.8, ,     8.4, ,     4.2, ,    -2.7, ,   -13.1, ,   -19.7, ,    -7.6, ,   -22.1, ,   -11.3, ,     7.6, ,    -3.9, 
1987,   -21.2, ,   -23.4, ,   -20.0, ,    -9.0, ,    -4.2, ,     3.3, ,     8.4, ,     8.7, ,     7.7, ,    -1.1, ,    -6.3, ,   -15.1, ,    -6.0, ,   -21.4, ,   -11.1, ,     6.8, ,      .1, 
1988,   -26.5, ,   -29.0, ,   -19.3, ,    -6.2, ,    -1.6, ,     4.9, ,     9.5, ,     9.9, ,     5.9, ,     2.2, ,    -5.1, ,   -17.8, ,    -6.1, ,   -23.5, ,    -9.0, ,     8.1, ,     1.0, 
1989,   -25.7, ,   -29.0, ,   -25.2, ,   -11.0, ,    -3.1, ,     4.6, ,     7.9, ,     8.2, ,     4.5, ,     -.7, ,    -9.3, ,   -20.5, ,    -8.3, ,   -24.2, ,   -13.1, ,     6.9, ,    -1.8, 
1990,   -26.2, ,   -29.3, ,   -19.2, ,   -13.7, ,    -2.7, ,     3.5, ,     8.0, ,     6.5, ,     3.0, ,    -1.0, ,    -6.4, ,   -20.0, ,    -8.1, ,   -25.3, ,   -11.9, ,     6.0, ,    -1.5, 
1991,   -31.3, ,   -25.5, ,   -21.4, ,   -13.0, ,    -3.1, ,     6.5, ,    12.4, ,    11.2, ,     5.7, ,      .1, ,    -4.0, ,   -18.6, ,    -6.8, ,   -25.6, ,   -12.5, ,    10.0, ,      .6, 
1992,   -24.4, ,   -29.2, ,   -25.1, ,   -14.7, ,    -6.4, ,     1.0, ,     9.1, ,     8.9, ,     4.0, ,     -.4, ,    -9.0, ,   -19.5, ,    -8.8, ,   -24.1, ,   -15.4, ,     6.3, ,    -1.8, 
1993,   -23.0, ,   -29.1, ,   -22.2, ,   -15.0, ,    -1.1, ,     4.6, ,    12.9, ,    11.0, ,     5.0, ,    -2.4, ,    -8.8, ,   -18.6, ,    -7.2, ,   -23.9, ,   -12.8, ,     9.5, ,    -2.1, 
1994, -9999.9,M, -9999.9,M, -9999.9,M, -9999.9,M, -9999.9,M, -9999.9,M, -9999.9,M, -9999.9,M, -9999.9,M, -9999.9,M, -9999.9,M, -9999.9,M, -9999.9,M, -9999.9,M, -9999.9,M, -9999.9,M, -9999.9,M
1995, -9999.9,M,   -29.2, ,   -19.1, , -9999.9,M,     -.2,E,     5.8,E,     9.1,E,    10.5,E,     4.6,E,      .7,E,    -7.3,E,   -19.0,E, -9999.9,M, -9999.9,M, -9999.9,M,     8.5,E,     -.7,E
1996,   -27.3,E,   -22.9, ,   -20.9, ,    -9.2, ,    -5.4, ,     4.6, ,    12.2, , -9999.9,M,     6.6,E,    -1.3, ,    -4.1, ,   -14.5, , -9999.9,M,   -23.1,E,   -11.8, , -9999.9,M,      .4,E
1997,   -23.8, ,   -28.1, ,   -23.2, ,   -11.5, ,     -.8, ,     6.5, ,    13.1, ,    10.6, ,     6.5, ,      .9, ,    -8.7,E,   -15.7, ,    -6.2,E,   -22.1, ,   -11.8, ,    10.1, ,     -.4,E
1998,   -26.1, ,   -24.9, ,   -20.4,E,    -7.3,E,     1.9,E,    11.4,E,    11.8,E,    11.1,E,     8.6, ,      .8,E,    -6.3,E,   -12.1,E,    -4.3,E,   -22.2, ,    -8.6,E,    11.4,E,     1.0,E
1999,   -22.0,E,   -20.2,E,   -15.9,E,    -7.1, ,     2.0,E,     6.0, ,    11.3,E,    10.9, ,     7.8,E,     -.8, ,    -8.2, ,   -10.2, ,    -3.9,E,   -18.1,E,    -7.0,E,     9.4,E,     -.4,E
2000,   -24.4,E,   -23.7,E,   -16.8,E,   -12.5, ,      .2, ,     2.6,E,    11.8, ,    10.7,E,     4.8, ,      .9, ,    -3.3, ,   -15.5, ,    -5.4,E,   -19.4,E,    -9.7,E,     8.4,E,      .8, 
2001,   -24.8,E,   -27.7,E,   -14.3, ,    -8.9,E,     4.7, ,     6.3,E,    14.6, ,    11.2, ,     7.0,E,     1.9, ,    -4.4,E,    -8.4,E,    -3.6,E,   -22.7,E,    -6.2,E,    10.7,E,     1.5,E
2002,   -25.7, ,   -29.0, ,   -22.5, ,   -11.8, ,    -4.1, ,     4.1, ,    11.6, ,    12.3, ,     6.4, ,      .1, ,    -8.7, ,   -13.9,E,    -6.8,E,   -21.0,E,   -12.8, ,     9.3, ,     -.7, 
2003,   -18.4,E, -9999.9,M, -9999.9,M,   -12.5, ,     -.9, ,     3.5, ,    11.4, ,    10.7, ,     7.1, ,      .6, ,    -4.6, ,   -11.5, , -9999.9,M, -9999.9,M, -9999.9,M,     8.5, ,     1.0, 
2004,   -24.4, ,   -21.1, ,   -20.6, ,   -12.5, ,    -4.5, ,     4.8, ,     9.3, ,     7.7, ,     5.0, ,     1.5, ,    -5.5, ,   -21.1, ,    -6.8, ,   -19.0, ,   -12.5, ,     7.3, ,      .3, 
2005,   -25.7, ,   -24.9, ,   -18.0, ,    -7.6,E,     2.5, ,     6.3, ,     9.6, ,    10.6, ,     7.4, ,     3.3,E,    -5.5, ,   -16.5, ,    -4.9,E,   -23.9, ,    -7.7,E,     8.8, ,     1.7,E
2006,   -22.3, ,   -22.8, ,   -12.9, ,    -5.6, ,     1.0, ,     5.7, ,    11.2, ,    10.9, ,     6.3, ,     2.0, ,    -4.8, ,   -10.8, ,    -3.5, ,   -20.5, ,    -5.8, ,     9.3, ,     1.2, 
2007,   -21.7,E,   -23.2, ,   -22.1,E,    -9.5, ,    -3.7, ,     5.0, ,     9.5, ,    10.2, ,     5.2, ,     1.8, ,    -8.0, ,   -19.1,E,    -6.3,E,   -18.6,E,   -11.8,E,     8.2, ,     -.3, 
2008,   -23.3, ,   -26.4, ,   -21.4, ,    -9.2,E,     1.0, ,     9.9, ,    14.0, ,    13.6, ,     5.6, ,     2.4, ,    -7.1, ,   -18.7, ,    -5.0,E,   -22.9,E,    -9.9,E,    12.5, ,      .3, 
2009,   -24.5, ,   -24.1, ,   -21.0, ,    -9.9, ,    -4.6, ,     5.7, ,    14.7, ,    10.0, ,     5.6, ,      .2, ,    -4.4, ,   -12.1, ,    -5.4, ,   -22.4, ,   -11.8, ,    10.1, ,      .5, 
2010,   -20.0,E,   -18.5, ,   -15.1, ,    -5.3, ,     -.7, ,     5.2,E,    12.5, ,    11.6, ,     7.5, ,     2.7, ,    -2.0, ,    -7.2, ,    -2.4,E,   -16.9,E,    -7.0, ,     9.8,E,     2.7, 
2011,   -17.5, ,   -23.3, ,   -22.2, ,   -13.8,E,    -3.7, ,     6.4, ,    10.7, ,    11.4, ,     6.0, ,     2.3,E,    -5.3, ,   -13.8, ,    -5.2,E,   -16.0, ,   -13.2,E,     9.5, ,     1.0,E
2012,   -24.5, ,   -24.4,E,   -18.6, ,   -11.2, ,    -1.2, ,     8.0,E,    10.3, ,    11.9, ,     7.7, ,     -.5,E,    -6.0, ,   -13.0, ,    -5.1,E,   -20.9,E,   -10.3, ,    10.1,E,      .4,E
