8202810,KENTVILLE      ,NS, station joined    , Monthly mean of homogenized daily mean temperature                     , °C,          Updated to December 2012
8202810,KENTVILLE      ,NS, station jointe    , Moyenne mensuelle des températures homogénéisées moyennes quotidiennes , °C, Mise à jour jusqu à décembre 2012
Year,     Jan, ,     Feb, ,     Mar, ,     Apr, ,     May, ,     Jun, ,     Jul, ,     Aug, ,     Sep, ,     Oct, ,     Nov, ,     Dec, ,  Annual, ,  Winter, ,  Spring, ,  Summer, ,  Autumn
Year,    Janv, ,     Fév, ,    Mars, ,     Avr, ,     Mai, ,    Juin, ,    Juil, ,    Août, ,    Sept, ,     Oct, ,     Nov, ,     Déc, ,  Annuel, ,   Hiver, ,Printemp, ,     Eté, , Automne
1913, -9999.9,M, -9999.9,M, -9999.9,M,     5.5, ,     7.8, ,    13.8, ,    18.6, ,    17.5, ,    12.5, ,    13.7, ,     3.6, ,    -3.0, , -9999.9,M, -9999.9,M, -9999.9,M,    16.6, ,     9.9, 
1914,    -6.9, ,    -9.9, ,     -.7, ,     2.7, ,    10.4, ,    13.5, ,    17.2, ,    17.3, ,    14.3, ,     9.2, ,     2.4, ,    -5.0, ,     5.4, ,    -6.6, ,     4.1, ,    16.0, ,     8.6, 
1915,    -5.0, ,    -3.5, ,    -2.9, ,     4.1, ,     7.9, ,    13.8, ,    17.8, ,    17.7, ,    14.1, ,     9.5, ,     4.0, ,    -1.6, ,     6.3, ,    -4.5, ,     3.0, ,    16.4, ,     9.2, 
1916,    -5.4, ,    -7.4, ,    -5.5, ,     4.4, ,     9.8, ,    15.2, ,    18.9, ,    18.3, ,    15.0, ,     9.5, ,     2.2, ,    -2.3, ,     6.1, ,    -4.8, ,     2.9, ,    17.5, ,     8.9, 
1917,    -7.3, ,    -7.6, ,    -1.9, ,     3.6, ,     6.5, ,    15.7, ,    18.8, ,    19.8, ,    12.2, ,     9.3, ,      .6, ,    -6.9, ,     5.2, ,    -5.7, ,     2.7, ,    18.1, ,     7.4, 
1918,    -7.7, ,    -7.6, ,    -4.2, ,     3.8, ,    12.2, ,    14.2, ,    18.6, ,    16.6, ,    14.8, ,     9.3, ,     2.1, ,    -2.6, ,     5.8, ,    -7.4, ,     3.9, ,    16.5, ,     8.7, 
1919,    -4.3, ,    -3.7, ,      .8, ,     4.7, ,     9.9, ,    15.3, ,    18.4, ,    17.4, ,    14.5, ,     7.4, ,     3.0, ,    -6.2, ,     6.4, ,    -3.5, ,     5.1, ,    17.0, ,     8.3, 
1920,   -12.2, ,    -5.7, ,     -.5, ,     3.4, ,     9.3, ,    14.5, ,    19.0, ,    20.0, ,    14.8, ,    10.5, ,     1.1, ,    -2.7, ,     6.0, ,    -8.0, ,     4.1, ,    17.8, ,     8.8, 
1921,    -5.9, ,    -7.7, ,     2.2, ,     6.4, ,    10.7, ,    14.9, ,    20.7, ,    16.8, ,    15.2, ,     9.5, ,     1.0, ,    -4.4, ,     6.6, ,    -5.4, ,     6.4, ,    17.5, ,     8.6, 
1922,    -7.7, ,    -6.8, ,     -.5, ,     4.4, ,    10.6, ,    17.7, ,    18.4, ,    19.2, ,    13.5, ,     8.5, ,     1.2, ,    -5.8, ,     6.1, ,    -6.3, ,     4.8, ,    18.4, ,     7.7, 
1923,    -8.6, ,   -11.8, ,    -6.3, ,     2.6, ,     9.7, ,    14.3, ,    17.3, ,    15.9, ,    13.7, ,     9.1, ,     4.6, ,     -.4, ,     5.0, ,    -8.7, ,     2.0, ,    15.8, ,     9.1, 
1924,    -5.4, ,    -8.1, ,     -.8, ,     2.9, ,    10.6, ,    14.9, ,    19.7, ,    18.3, ,    13.3, ,     8.6, ,     3.7, ,    -5.1, ,     6.1, ,    -4.6, ,     4.2, ,    17.6, ,     8.5, 
1925,   -10.4, ,    -2.5, ,     1.2, ,     3.9, ,     9.7, ,    16.2, ,    18.7, ,    18.2, ,    12.6, ,     5.2, ,     2.2, ,    -4.7, ,     5.9, ,    -6.0, ,     4.9, ,    17.7, ,     6.7, 
1926,    -6.1, ,    -8.2, ,    -4.4, ,     1.6, ,     8.5, ,    15.0, ,    17.9, ,    17.5, ,    12.5, ,     8.9, ,     3.7, ,    -4.7, ,     5.2, ,    -6.3, ,     1.9, ,    16.8, ,     8.4, 
1927,    -2.8, ,    -8.0, ,    -1.5, ,     3.9, ,     9.5, ,    14.3, ,    20.3, ,    17.5, ,    14.5, ,    10.6, ,     5.6, ,    -1.2, ,     6.9, ,    -5.2, ,     4.0, ,    17.4, ,    10.2, 
1928,    -5.5, ,    -7.1, ,    -2.1, ,     5.2, ,    10.9, ,    14.8, ,    20.0, ,    19.2, ,    13.0, ,     8.4, ,     1.7, ,     -.3, ,     6.5, ,    -4.6, ,     4.7, ,    18.0, ,     7.7, 
1929,    -6.1, ,    -6.1, ,     -.8, ,     3.7, ,    11.0, ,    15.7, ,    18.9, ,    17.6, ,    15.4, ,     8.5, ,     2.2, ,    -5.4, ,     6.2, ,    -4.2, ,     4.6, ,    17.4, ,     8.7, 
1930,    -5.5, ,    -5.8, ,     -.5, ,     3.8, ,     9.8, ,    20.9, ,    19.6, ,    18.0, ,    15.2, ,     9.5, ,     3.0, ,    -3.2, ,     7.1, ,    -5.6, ,     4.4, ,    19.5, ,     9.2, 
1931,    -5.8, ,    -4.5, ,      .5, ,     6.4, ,    11.8, ,    15.0, ,    21.0, ,    18.9, ,    14.1, ,    10.0, ,     6.1, ,    -2.6, ,     7.6, ,    -4.5, ,     6.2, ,    18.3, ,    10.1, 
1932,    -2.7, ,    -7.7, ,    -1.8, ,     4.5, ,    10.9, ,    15.3, ,    18.5, ,    19.2, ,    15.3, ,    10.6, ,     2.9, ,     -.9, ,     7.0, ,    -4.3, ,     4.5, ,    17.7, ,     9.6, 
1933,    -2.2, ,    -2.8, ,    -2.5, ,     4.5, ,    10.8, ,    16.2, ,    18.0, ,    18.8, ,    14.9, ,     9.4, ,    -1.2, ,    -7.9, ,     6.3, ,    -2.0, ,     4.3, ,    17.7, ,     7.7, 
1934,    -8.5, ,   -10.3, ,    -1.8, ,     6.7, ,    11.4, ,    14.6, ,    19.4, ,    17.6, ,    17.4, ,     8.4, ,     4.4, ,    -6.1, ,     6.1, ,    -8.9, ,     5.4, ,    17.2, ,    10.1, 
1935,    -7.9, ,    -8.0, ,    -3.1, ,     3.9, ,     9.9, ,    16.7, ,    20.5, ,    19.7, ,    13.3, ,     8.4, ,     5.7, ,    -3.6, ,     6.3, ,    -7.3, ,     3.6, ,    19.0, ,     9.1, 
1936,    -5.4, ,    -8.1, ,     3.8, ,     4.7, ,    11.0, ,    17.2, ,    17.8, ,    18.0, ,    13.8, ,     8.5, ,     1.9, ,    -2.4, ,     6.7, ,    -5.7, ,     6.5, ,    17.7, ,     8.1, 
1937,    -3.1, ,    -3.6, ,    -2.0, ,     4.4, ,    12.2, ,    16.9, ,    20.4, ,    21.1, ,    15.0, ,     8.6, ,     3.3, ,    -2.9, ,     7.5, ,    -3.0, ,     4.9, ,    19.5, ,     9.0, 
1938,    -6.0, ,    -8.0, ,    -3.6, ,     5.8, ,     9.6, ,    17.7, ,    19.6, ,    19.7, ,    14.4, ,     9.7, ,     4.3, ,    -1.9, ,     6.8, ,    -5.6, ,     3.9, ,    19.0, ,     9.5, 
1939,    -6.1, ,    -5.8, ,    -4.1, ,     2.8, ,     9.0, ,    14.6, ,    19.3, ,    20.5, ,    14.8, ,     9.5, ,     1.3, ,    -2.7, ,     6.1, ,    -4.6, ,     2.6, ,    18.1, ,     8.5, 
1940,    -8.6, ,    -6.3, ,    -1.9, ,     3.2, ,    10.8, ,    14.5, ,    19.1, ,    17.4, ,    15.0, ,     6.8, ,     3.3, ,    -3.4, ,     5.8, ,    -5.9, ,     4.0, ,    17.0, ,     8.4, 
1941,    -7.8, ,    -5.0, ,    -3.5, ,     4.9, ,     9.5, ,    14.8, ,    19.5, ,    16.5, ,    13.5, ,     8.2, ,     3.5, ,    -2.9, ,     5.9, ,    -5.4, ,     3.6, ,    16.9, ,     8.4, 
1942,    -6.7, ,    -6.4, ,     1.0, ,     5.1, ,    12.4, ,    15.6, ,    19.4, ,    18.7, ,    16.2, ,     9.3, ,     1.7, ,    -6.2, ,     6.7, ,    -5.3, ,     6.2, ,    17.9, ,     9.1, 
1943,    -9.3, ,    -3.9, ,    -1.7, ,     2.8, ,     9.7, ,    13.4, ,    18.8, ,    17.1, ,    14.6, ,     9.9, ,     3.9, ,    -5.0, ,     5.9, ,    -6.5, ,     3.6, ,    16.4, ,     9.5, 
1944,    -5.2, ,    -7.2, ,    -3.5, ,     2.9, ,    12.0, ,    15.5, ,    19.3, ,    20.3, ,    15.2, ,     8.9, ,     4.1, ,    -3.0, ,     6.6, ,    -5.8, ,     3.8, ,    18.4, ,     9.4, 
1945,    -5.6, ,    -6.1, ,      .8, ,     6.8, ,     9.5, ,    13.8, ,    19.7, ,    18.8, ,    15.7, ,     8.5, ,     3.3, ,    -4.4, ,     6.7, ,    -4.9, ,     5.7, ,    17.4, ,     9.2, 
1946,    -6.0, ,    -7.3, ,     1.9, ,     2.9, ,    11.1, ,    14.8, ,    18.0, ,    17.9, ,    15.1, ,     9.7, ,     2.6, ,    -3.7, ,     6.4, ,    -5.9, ,     5.3, ,    16.9, ,     9.1, 
1947,    -5.6, ,    -3.4, ,     -.6, ,     3.6, ,    11.4, ,    14.2, ,    22.0, ,    18.7, ,    15.1, ,    10.3, ,     3.5, ,    -4.2, ,     7.1, ,    -4.2, ,     4.8, ,    18.3, ,     9.6, 
1948,    -6.6, ,    -9.1, ,    -3.7, ,     3.3, ,     9.8, ,    14.2, ,    18.9, ,    18.8, ,    14.0, ,     8.6, ,     5.1, ,    -1.2, ,     6.0, ,    -6.6, ,     3.1, ,    17.3, ,     9.2, 
1949,    -4.0, ,    -4.4, ,     -.2, ,     5.8, ,    10.2, ,    16.9, ,    20.2, ,    19.4, ,    14.4, ,     9.9, ,     3.1, ,     -.2, ,     7.6, ,    -3.2, ,     5.3, ,    18.8, ,     9.1, 
1950,    -4.0, ,    -8.0, ,    -3.2, ,     3.5, ,     9.2, ,    14.9, ,    18.0, ,    17.3, ,    11.9, ,     8.2, ,     6.2, ,     1.0, ,     6.3, ,    -4.1, ,     3.2, ,    16.7, ,     8.8, 
1951,    -2.9, ,    -2.7, ,      .7, ,     6.6, ,    10.8, ,    14.5, ,    19.5, ,    18.6, ,    15.1, ,     8.8, ,     3.9, ,    -2.9, ,     7.5, ,    -1.5, ,     6.0, ,    17.5, ,     9.3, 
1952,    -4.3, ,    -3.6, ,    -1.1, ,     6.0, ,     8.9, ,    15.5, ,    20.6, ,    19.1, ,    14.0, ,     8.3, ,     3.5, ,    -1.6, ,     7.1, ,    -3.6, ,     4.6, ,    18.4, ,     8.6, 
1953,    -2.0, ,    -2.4, ,      .5, ,     6.9, ,    10.2, ,    15.8, ,    19.2, ,    17.4, ,    15.1, ,     9.4, ,     5.7, ,     1.3, ,     8.1, ,    -2.0, ,     5.9, ,    17.5, ,    10.1, 
1954,    -6.2, ,    -1.6, ,     -.6, ,     4.4, ,     9.8, ,    15.9, ,    18.0, ,    16.8, ,    13.9, ,    10.3, ,     4.0, ,      .9, ,     7.1, ,    -2.2, ,     4.5, ,    16.9, ,     9.4, 
1955,    -3.8, ,    -4.1, ,    -1.2, ,     4.1, ,    10.7, ,    15.3, ,    19.5, ,    19.3, ,    13.6, ,     8.8, ,     3.0, ,    -5.3, ,     6.7, ,    -2.3, ,     4.5, ,    18.0, ,     8.5, 
1956,    -1.0, ,    -5.4, ,    -4.6, ,     3.3, ,     7.9, ,    16.0, ,    17.4, ,    16.3, ,    12.7, ,     8.4, ,     4.1, ,    -2.2, ,     6.1, ,    -3.9, ,     2.2, ,    16.6, ,     8.4, 
1957,    -9.3, ,    -4.0, ,     -.6, ,     4.5, ,    10.3, ,    16.3, ,    17.8, ,    16.8, ,    15.1, ,     9.6, ,     5.7, ,     1.7, ,     7.0, ,    -5.2, ,     4.7, ,    17.0, ,    10.1, 
1958,    -1.2, ,    -4.9, ,     1.1, ,     6.7, ,    10.5, ,    14.1, ,    18.9, ,    18.7, ,    14.1, ,     7.8, ,     3.5, ,    -7.6, ,     6.8, ,    -1.5, ,     6.1, ,    17.2, ,     8.5, 
1959,    -5.9, ,    -8.6, ,    -1.7, ,     4.9, ,    11.3, ,    14.3, ,    20.3, ,    18.6, ,    15.6, ,     8.9, ,     5.4, ,    -1.1, ,     6.8, ,    -7.4, ,     4.8, ,    17.7, ,    10.0, 
1960,    -5.1, ,    -1.2, ,    -1.8, ,     4.8, ,    13.1, ,    17.2, ,    19.4, ,    19.6, ,    15.2, ,     8.1, ,     4.9, ,    -2.4, ,     7.7, ,    -2.5, ,     5.4, ,    18.7, ,     9.4, 
1961,    -7.8, ,    -6.3, ,    -3.1, ,     2.9, ,    10.7, ,    16.8, ,    18.4, ,    18.9, ,    16.8, ,    11.1, ,     5.5, ,     -.5, ,     7.0, ,    -5.5, ,     3.5, ,    18.0, ,    11.1, 
1962,    -5.2, ,    -9.0, ,     -.5, ,     5.1, ,     9.9, ,    15.6, ,    16.3, ,    18.1, ,    13.6, ,     9.2, ,     4.0, ,    -2.3, ,     6.2, ,    -4.9, ,     4.8, ,    16.7, ,     8.9, 
1963,    -2.8, ,    -6.6, ,    -2.1, ,     2.8, ,    10.7, ,    15.9, ,    20.5, ,    17.3, ,    12.9, ,    10.5, ,     5.6, ,    -7.0, ,     6.5, ,    -3.9, ,     3.8, ,    17.9, ,     9.7, 
1964,    -4.7, ,    -4.9, ,    -1.6, ,     3.8, ,    11.1, ,    14.9, ,    18.6, ,    16.8, ,    13.2, ,     9.2, ,     2.2, ,    -1.8, ,     6.4, ,    -5.5, ,     4.4, ,    16.8, ,     8.2, 
1965,    -6.5, ,    -6.0, ,    -1.9, ,     2.9, ,     9.4, ,    15.7, ,    18.8, ,    18.7, ,    13.7, ,     8.5, ,     2.1, ,    -2.9, ,     6.0, ,    -4.8, ,     3.5, ,    17.7, ,     8.1, 
1966,    -3.4, ,    -4.9, ,      .9, ,     3.5, ,     9.8, ,    16.2, ,    18.9, ,    18.7, ,    13.2, ,     9.3, ,     6.0, ,     -.4, ,     7.3, ,    -3.7, ,     4.7, ,    17.9, ,     9.5, 
1967,    -3.7, ,    -7.7, ,    -4.4, ,     1.4, ,     7.7, ,    16.7, ,    21.2, ,    20.1, ,    14.9, ,     9.7, ,     3.8, ,    -2.1, ,     6.5, ,    -3.9, ,     1.6, ,    19.3, ,     9.5, 
1968,    -7.8, ,    -8.0, ,      .1, ,     6.0, ,     9.2, ,    14.6, ,    20.4, ,    17.4, ,    15.9, ,    11.6, ,     2.3, ,    -1.3, ,     6.7, ,    -6.0, ,     5.1, ,    17.5, ,     9.9, 
1969,    -3.2, ,    -2.6, ,     -.9, ,     4.8, ,    10.0, ,    16.9, ,    18.2, ,    19.4, ,    14.8, ,     8.1, ,     5.4, ,      .4, ,     7.6, ,    -2.4, ,     4.6, ,    18.2, ,     9.4, 
1970,    -9.0, ,    -4.3, ,    -1.1, ,     3.8, ,    11.7, ,    16.5, ,    20.0, ,    19.5, ,    13.8, ,    10.4, ,     4.2, ,    -6.1, ,     6.6, ,    -4.3, ,     4.8, ,    18.7, ,     9.5, 
1971,    -7.8, ,    -4.7, ,     -.2, ,     4.8, ,    11.5, ,    15.3, ,    19.6, ,    18.6, ,    15.7, ,    10.3, ,     3.1, ,    -3.9, ,     6.9, ,    -6.2, ,     5.4, ,    17.8, ,     9.7, 
1972,    -5.1, ,    -7.0, ,    -2.8, ,     1.6, ,    11.0, ,    16.8, ,    19.1, ,    18.3, ,    14.8, ,     7.5, ,     1.9, ,    -4.3, ,     6.0, ,    -5.3, ,     3.3, ,    18.1, ,     8.1, 
1973,    -4.7, ,    -6.0, ,     1.2, ,     5.0, ,     9.7, ,    17.6, ,    21.1, ,    19.5, ,    13.6, ,     8.9, ,     2.9, ,     2.0, ,     7.6, ,    -5.0, ,     5.3, ,    19.4, ,     8.5, 
1974,    -5.5, ,    -6.2, ,    -1.2, ,     5.2, ,     7.9, ,    16.2, ,    17.5, ,    19.1, ,    14.5, ,     6.4, ,     4.0, ,     -.8, ,     6.4, ,    -3.2, ,     4.0, ,    17.6, ,     8.3, 
1975,    -4.6, ,    -6.2, ,    -2.0, ,     2.9, ,    10.5, ,    15.9, ,    21.3, ,    18.3, ,    14.5, ,     8.4, ,     5.5, ,    -3.9, ,     6.7, ,    -3.9, ,     3.8, ,    18.5, ,     9.5, 
1976,    -5.3, ,    -2.8, ,     -.6, ,     5.4, ,    11.6, ,    17.9, ,    18.8, ,    19.3, ,    14.5, ,     8.3, ,     2.5, ,    -4.3, ,     7.1, ,    -4.0, ,     5.5, ,    18.7, ,     8.4, 
1977,    -7.0, ,    -4.3, ,     1.2, ,     4.2, ,    10.7, ,    15.0, ,    19.2, ,    18.9, ,    13.6, ,     9.4, ,     4.9, ,    -1.9, ,     7.0, ,    -5.2, ,     5.4, ,    17.7, ,     9.3, 
1978,    -5.3, ,    -6.5, ,    -2.1, ,     3.2, ,    12.0, ,    15.9, ,    18.7, ,    19.2, ,    11.8, ,     8.3, ,     1.4, ,    -3.0, ,     6.1, ,    -4.6, ,     4.4, ,    17.9, ,     7.2, 
1979,    -3.4, ,    -7.9, ,     1.4, ,     4.9, ,    12.7, ,    16.3, ,    19.3, ,    17.4, ,    14.2, ,     9.0, ,     5.5, ,    -2.3, ,     7.3, ,    -4.8, ,     6.3, ,    17.7, ,     9.6, 
1980,    -5.2, ,    -6.2, ,    -1.9, ,     6.1, ,    10.1, ,    14.6, ,    18.2, ,    18.6, ,    13.7, ,     8.8, ,     2.9, ,    -5.2, ,     6.2, ,    -4.6, ,     4.8, ,    17.1, ,     8.5, 
1981,    -8.0, ,     -.6,E,      .7, ,     6.1, ,    12.1, ,    15.9, ,    18.9,E,    18.0, ,    14.2, ,     8.6, ,     4.2, ,     1.1, ,     7.6,E,    -4.6,E,     6.3, ,    17.6,E,     9.0, 
1982,    -8.1, ,    -5.3, ,     -.7, ,     5.0, ,    10.0, ,    14.6, ,    19.4, ,    17.0, ,    15.1, ,     8.5,E,     5.8, ,      .0, ,     6.8,E,    -4.1, ,     4.8, ,    17.0, ,     9.8,E
1983,    -3.2, ,    -4.0,E,      .7, ,     6.4, ,    11.4, ,    16.5, ,    19.7, ,    18.8, ,    16.4, ,     9.9, ,     4.6, ,    -2.0, ,     7.9,E,    -2.4,E,     6.2, ,    18.3, ,    10.3, 
1984,    -5.7, ,     -.9, ,    -1.9, ,     4.5, ,    11.6, ,    16.2, ,    21.1, ,    21.0, ,    13.9, ,     9.2, ,     4.6, ,     -.3, ,     7.8, ,    -2.9, ,     4.7, ,    19.4, ,     9.2, 
1985,    -8.1, ,    -4.5, ,    -1.6, ,     4.0, ,    10.4, ,    15.1, ,    20.0, ,    18.0, ,    15.3, ,     9.2, ,     3.3, ,    -4.7, ,     6.4, ,    -4.3, ,     4.3, ,    17.7, ,     9.3, 
1986,    -3.3, ,    -6.0, ,     -.5, ,     6.7, ,    10.6, ,    15.0, ,    17.6, ,    17.4, ,    12.5, ,     8.3, ,     2.1, ,    -2.3, ,     6.5, ,    -4.7, ,     5.6, ,    16.7, ,     7.6, 
1987,    -6.2, ,    -6.6, ,    -1.7, ,     6.8, ,    11.3, ,    15.6, ,    19.7, ,    18.2, ,    14.9, ,     9.9, ,     2.6, ,    -2.4, ,     6.8, ,    -5.0, ,     5.5, ,    17.8, ,     9.1, 
1988,    -5.1, ,    -4.4, ,     -.4, ,     4.3, ,    12.3, ,    14.7, ,    19.7, ,    19.9, ,    13.1, ,     8.1, ,     5.3, ,    -3.8, ,     7.0, ,    -4.0, ,     5.4, ,    18.1, ,     8.8, 
1989,    -4.1, ,    -5.9, ,    -2.7, ,     4.9, ,    14.2, ,    16.4, ,    18.5, ,    19.7, ,    14.8, ,     8.9, ,     3.3, ,    -8.6, ,     6.6, ,    -4.6, ,     5.5, ,    18.2, ,     9.0, 
1990,    -1.8, ,    -4.4, ,     -.5, ,     6.1, ,     9.5, ,    17.3, ,    20.6, ,    20.7, ,    14.6, ,    11.7, ,     4.3, ,      .6, ,     8.2, ,    -4.9, ,     5.0, ,    19.5, ,    10.2, 
1991,    -6.8, ,    -3.7, ,      .7, ,     5.2, ,    12.1, ,    16.7, ,    20.0, ,    19.8, ,    14.6, ,    10.7, ,     5.5, ,    -3.1, ,     7.6, ,    -3.3, ,     6.0, ,    18.8, ,    10.3, 
1992,    -5.9, ,    -5.7, ,    -3.0, ,     3.2, ,    10.5, ,    16.0, ,    16.9, ,    19.2, ,    15.7, ,     8.8, ,     2.3, ,    -1.8, ,     6.4, ,    -4.9, ,     3.6, ,    17.4, ,     8.9, 
1993,    -6.0, ,    -9.0, ,    -2.5, ,     5.2, ,    10.9, ,    14.9, ,    18.4, ,    19.1, ,    15.4, ,     7.5, ,     3.8, ,     -.9, ,     6.4, ,    -5.6, ,     4.5, ,    17.5, ,     8.9, 
1994,    -8.8, ,    -7.0, ,     -.2, ,     7.2, ,    10.2, ,    18.0, ,    21.4, ,    19.1, ,    13.9, ,     9.2, ,     5.3, ,    -2.1, ,     7.2, ,    -5.6, ,     5.7, ,    19.5, ,     9.5, 
1995,    -2.7, ,    -6.3, ,     -.3, ,     3.5, ,     9.5, ,    16.6, ,    20.4, ,    18.3, ,    13.5, ,    11.8, ,     4.0, ,    -3.8, ,     7.0, ,    -3.7, ,     4.2, ,    18.4, ,     9.8, 
1996,    -5.3, ,    -3.9, ,    -1.6, ,     5.5, ,     9.6, ,    16.4, , -9999.9,M, -9999.9,M, -9999.9,M, -9999.9,M, -9999.9,M, -9999.9,M, -9999.9,M,    -4.3, ,     4.5, , -9999.9,M, -9999.9,M
1997, -9999.9,M, -9999.9,M, -9999.9,M, -9999.9,M, -9999.9,M, -9999.9,M,    20.3, ,    18.6, ,    15.3, ,     7.5, ,     2.8, ,    -2.2, , -9999.9,M, -9999.9,M, -9999.9,M, -9999.9,M,     8.5, 
1998,    -3.1, ,    -1.7, ,     1.2, ,     6.1, , -9999.9,M,    15.8, ,    20.5, ,    20.1, ,    15.5, ,     9.2, ,     3.5, ,     -.1, , -9999.9,M,    -2.3, , -9999.9,M,    18.8, ,     9.4, 
1999,    -3.7, ,    -2.2, , -9999.9,M,     5.3, ,    13.9, ,    18.9, ,    21.2, ,    19.6, ,    19.0, ,     8.4, ,     6.0, ,      .4, , -9999.9,M,    -2.0, , -9999.9,M,    19.9, ,    11.1, 
2000,    -4.2, , -9999.9,M,     1.6, ,     6.4, ,    10.0, ,    16.4, ,    18.8, ,    19.2, ,    14.6, ,     9.9, ,     4.6, ,    -3.2, , -9999.9,M, -9999.9,M,     6.0, ,    18.1, ,     9.7, 
2001,    -5.9, ,    -5.3, ,    -1.0, ,     3.8, ,    12.3, ,    18.2, ,    19.1, ,    21.3, ,    16.4, ,    11.1, ,     5.3, ,      .8, ,     8.0, ,    -4.8, ,     5.0, ,    19.5, ,    10.9, 
2002,    -3.0, ,    -3.3, ,     -.1, ,     5.3, ,    11.2, ,    14.7, ,    19.3, , -9999.9,M, -9999.9,M,     8.0, ,     3.3, ,    -2.1, , -9999.9,M,    -1.8, ,     5.5, , -9999.9,M, -9999.9,M
2003,    -7.8, ,    -7.2, ,    -1.6, ,     3.8, ,    10.0, ,    16.8, ,    21.3, ,    20.0, ,    17.0, ,    10.3, ,     5.3, ,     -.1, ,     7.3, ,    -5.7, ,     4.1, ,    19.4, ,    10.9, 
2004,    -9.8, ,    -5.2, ,    -1.5, ,     5.4, ,    10.9, ,    14.7, ,    19.8, ,    20.3, ,    14.8, ,    10.2, ,     3.4, ,    -1.6, ,     6.8, ,    -5.0, ,     4.9, ,    18.3, ,     9.5, 
2005,    -7.7, ,    -4.1, ,    -1.0, ,     6.4, ,     9.2, ,    17.1, ,    19.6, ,    20.0, ,    17.0, ,    11.3, ,     6.2, ,    -1.2, ,     7.7, ,    -4.5, ,     4.9, ,    18.9, ,    11.5, 
2006,     -.5, ,    -4.1, ,      .5, ,     6.2, ,    13.2, ,    18.3, ,    21.6, ,    18.0, ,    15.5, ,     9.5, ,     7.3, ,      .5, ,     8.8, ,    -1.9, ,     6.6, ,    19.3, ,    10.8, 
2007,    -3.8, ,    -6.9, ,     -.3, ,     3.9, ,    10.7, ,    16.2, ,    20.4, , -9999.9,M,    15.5, ,    10.8, ,     3.5, ,    -4.4,E, -9999.9,M,    -3.4, ,     4.8, , -9999.9,M,     9.9, 
2008,    -3.5, ,    -3.5, ,    -2.1, ,     6.1, ,    10.4, ,    16.5, ,    21.2, ,    18.5, ,    14.5, ,     9.1, ,     4.5, ,     -.7, ,     7.6, ,    -3.8,E,     4.8, ,    18.7, ,     9.4, 
2009,    -7.6, ,    -4.0, ,    -1.8, ,     6.3, ,    11.9, ,    16.4, ,    18.9, ,    20.1, ,    13.9, ,     7.0,E,     5.7, , -9999.9,M, -9999.9,M,    -4.1, ,     5.5, ,    18.5, ,     8.9,E
2010,    -3.7, ,    -2.3, ,     2.3,E,     8.0, ,    12.4, ,    16.3,E,    20.9, ,    19.5, ,    16.7, ,     9.7, ,     4.3, ,     1.1, ,     8.8,E, -9999.9,M,     7.6,E,    18.9,E,    10.2, 
2011,    -4.8, ,    -5.0, ,      .0, , -9999.9,M,    12.0, ,    14.7, ,    19.3, ,    19.0,E,    16.2, ,    10.7, ,     5.7, ,     1.1, , -9999.9,M,    -2.9, , -9999.9,M,    17.7,E,    10.9, 
2012,    -3.3,E,    -3.5, ,     2.5, ,     6.7, ,    12.6, ,    15.5, ,    20.3, ,    21.1, ,    16.0, ,    10.9,E,     3.6, ,     -.2, ,     8.5,E,    -1.9,E,     7.3, ,    19.0, ,    10.2,E
