8206500,YARMOUTH       ,NS, station joined    , Monthly mean of homogenized daily mean temperature                     , °C,          Updated to December 2012
8206500,YARMOUTH       ,NS, station jointe    , Moyenne mensuelle des températures homogénéisées moyennes quotidiennes , °C, Mise à jour jusqu à décembre 2012
Year,     Jan, ,     Feb, ,     Mar, ,     Apr, ,     May, ,     Jun, ,     Jul, ,     Aug, ,     Sep, ,     Oct, ,     Nov, ,     Dec, ,  Annual, ,  Winter, ,  Spring, ,  Summer, ,  Autumn
Year,    Janv, ,     Fév, ,    Mars, ,     Avr, ,     Mai, ,    Juin, ,    Juil, ,    Août, ,    Sept, ,     Oct, ,     Nov, ,     Déc, ,  Annuel, ,   Hiver, ,Printemp, ,     Eté, , Automne
1879, -9999.9,M, -9999.9,M, -9999.9,M, -9999.9,M, -9999.9,M, -9999.9,M, -9999.9,M,    15.5, ,    13.0, ,    10.1, ,     3.2, ,     -.9, , -9999.9,M, -9999.9,M, -9999.9,M, -9999.9,M,     8.8, 
1880,     -.6, ,    -1.8, ,    -2.7, ,     3.7, ,     9.7, ,    13.9, ,    16.2, ,    16.1, ,    14.7, ,     9.6, ,     3.3, ,    -1.8, ,     6.7, ,    -1.1, ,     3.6, ,    15.4, ,     9.2, 
1881,    -4.4, ,    -2.8, ,     1.7, ,     3.1, ,     9.0, , -9999.9,M,    14.9, ,    16.7, ,    15.0, ,     8.3, ,     4.2, , -9999.9,M, -9999.9,M,    -3.0, ,     4.6, , -9999.9,M,     9.2, 
1882, -9999.9,M,    -4.1, ,     -.8, ,     1.6, ,     6.7, ,    11.9, ,    15.1, ,    15.3, , -9999.9,M,    10.5, ,     3.3, ,    -1.4, , -9999.9,M, -9999.9,M,     2.5, ,    14.1, , -9999.9,M
1883,    -5.5, ,    -4.7, ,    -2.5, ,     3.0, ,     8.6, ,    13.3, ,    15.3, ,    15.3, ,    12.6, ,     7.8, ,     4.6, ,    -2.3, ,     5.5, ,    -3.9, ,     3.0, ,    14.6, ,     8.3, 
1884,    -4.3, ,    -1.2, ,     -.6, ,     5.5, ,     8.1, ,    12.7, ,    14.3, ,    16.2, ,    13.1, ,     7.1, ,     4.2, ,     -.3, ,     6.2, ,    -2.6, ,     4.3, ,    14.4, ,     8.1, 
1885,    -1.6, , -9999.9,M,    -3.8, ,     4.4, ,     8.8, ,    12.6, ,    16.2, ,    15.8, ,    12.4, ,     9.8, ,     6.0, ,      .3, , -9999.9,M, -9999.9,M,     3.1, ,    14.9, ,     9.4, 
1886,    -1.7, ,    -2.3, ,    -1.0, , -9999.9,M,     9.0, ,    12.8, ,    16.0, , -9999.9,M,    12.7, ,     8.4, ,     6.2, ,     -.7, , -9999.9,M,    -1.2, , -9999.9,M, -9999.9,M,     9.1, 
1887,    -3.0, ,    -4.0, ,    -1.4, ,     3.2, ,     9.4, ,    12.9, ,    17.1, ,    16.0, ,    12.8, ,     8.8, ,     4.4, ,    -1.3, ,     6.2, ,    -2.6, ,     3.7, ,    15.3, ,     8.7, 
1888,    -6.4, ,    -3.7, ,     -.6, ,     3.0, ,     7.8, ,    12.8, ,    14.8, ,    15.1, ,    12.6, ,     7.9, ,     4.4, ,      .7, ,     5.7, ,    -3.8, ,     3.4, ,    14.2, ,     8.3, 
1889,     -.2, ,    -3.7, ,     2.2, ,     6.5, ,    10.9, ,    14.8, ,    16.5, ,    15.9, ,    15.5, ,     9.1, ,     6.3, ,     1.2, ,     7.9, ,    -1.1, ,     6.5, ,    15.7, ,    10.3, 
1890,    -2.4, ,    -2.4, ,     1.2, ,     4.5, ,     9.8, ,    12.5, ,    16.6, ,    17.0, ,    14.4, ,     8.7, ,     4.8, ,    -3.3, ,     6.8, ,    -1.2, ,     5.2, ,    15.4, ,     9.3, 
1891,    -1.1, ,    -1.9, ,      .5, ,     4.9, ,     9.2, ,    13.6, ,    15.7, ,    17.4, ,    14.8, ,     8.6, ,     4.8, ,     2.8, ,     7.4, ,    -2.1, ,     4.9, ,    15.6, ,     9.4, 
1892,     -.9, ,    -3.0, ,    -1.0, ,     4.7, ,     8.6, ,    13.5, ,    16.1, ,    17.4, ,    14.0, ,     8.7, ,     4.9, ,    -1.4, ,     6.8, ,     -.4, ,     4.1, ,    15.7, ,     9.2, 
1893,    -5.0, ,    -4.7, ,     -.9, ,     2.9, ,     8.9, ,    13.8, ,    15.2, ,    16.4, ,    12.0, ,    10.6, ,     4.4, ,     -.4, ,     6.1, ,    -3.7, ,     3.6, ,    15.1, ,     9.0, 
1894,    -3.2, ,    -4.3, ,     1.5, ,     4.3, ,     9.3, ,    12.7, ,    16.2, ,    14.8, ,    13.7, ,     9.6, ,     3.6, ,     -.2, ,     6.5, ,    -2.6, ,     5.0, ,    14.6, ,     9.0, 
1895,    -1.5, ,    -4.5, ,     -.5, ,     4.7, ,     9.3, ,    14.6, ,    16.4, ,    16.6, ,    13.6, ,     8.6, ,     5.6, ,      .9, ,     7.0, ,    -2.1, ,     4.5, ,    15.9, ,     9.3, 
1896,    -4.2, ,    -2.9, ,      .2, ,     4.0, ,     9.2, ,    13.1, ,    15.7, ,    15.9, ,    13.2, ,     9.5, ,     5.3, ,    -2.1, ,     6.4, ,    -2.1, ,     4.5, ,    14.9, ,     9.3, 
1897,    -3.2, ,    -3.1, ,     -.5, ,     4.9, ,    10.4, ,    12.1, ,    17.0, ,    16.1, ,    12.5, ,     8.3, ,     3.7, ,     -.3, ,     6.5, ,    -2.8, ,     4.9, ,    15.1, ,     8.2, 
1898,    -4.6, ,    -1.3, ,     1.3, ,     4.4, ,     9.3, ,    12.7, ,    16.1, ,    16.2, ,    13.1, ,     9.4, ,     5.3, ,     -.1, ,     6.8, ,    -2.1, ,     5.0, ,    15.0, ,     9.3, 
1899,    -2.6, ,    -4.4, ,     -.7, ,     5.0, ,     9.1, ,    13.1, ,    15.8, ,    16.8, ,    13.7, ,     9.4, ,     4.3, ,      .6, ,     6.7, ,    -2.4, ,     4.5, ,    15.2, ,     9.1, 
1900,    -1.2, ,    -1.8, ,     -.1, ,     4.7, ,     8.1, ,    13.6, ,    16.5, ,    16.3, ,    13.5, ,    11.9, ,     5.9, ,     -.4, ,     7.3, ,     -.8, ,     4.2, ,    15.5, ,    10.4, 
1901,    -3.2, ,    -4.0, ,      .2, ,     7.0, ,     9.4, ,    13.9, ,    17.0, ,    17.5, ,    14.5, ,     9.6, ,     3.1, ,      .6, ,     7.1, ,    -2.5, ,     5.5, ,    16.1, ,     9.1, 
1902,    -2.4, ,    -2.3, ,     3.5, ,     5.6, ,     8.5, ,    12.1, ,    15.7, ,    16.0, ,    14.2, ,     9.4, ,     5.8, ,    -2.2, ,     7.0, ,    -1.4, ,     5.9, ,    14.6, ,     9.8, 
1903,    -2.0, ,    -2.0, ,     3.1, ,     5.4, ,     9.4, ,    13.0, ,    15.7, ,    14.7, ,    13.9, ,     9.2, ,     4.5, ,    -1.1, ,     7.0, ,    -2.1, ,     6.0, ,    14.5, ,     9.2, 
1904,    -5.2, ,    -5.9, ,    -1.2, ,     3.8, ,    10.7, ,    12.7, ,    16.5, ,    15.1, ,    12.3, ,     7.9, ,     2.3, ,    -4.3, ,     5.4, ,    -4.1, ,     4.4, ,    14.8, ,     7.5, 
1905,    -4.9, ,    -5.8, ,    -1.1, ,     4.3, ,     8.3, ,    11.6, ,    16.2, ,    14.9, ,    12.5, ,     8.3, ,     3.8, ,      .3, ,     5.7, ,    -5.0, ,     3.8, ,    14.2, ,     8.2, 
1906,     -.9, ,    -1.6, ,    -1.6, ,     4.1, ,     8.8, ,    12.9, ,    16.0, ,    16.4, ,    13.1, ,     9.8, ,     4.4, ,    -1.5, ,     6.7, ,     -.7, ,     3.8, ,    15.1, ,     9.1, 
1907,    -4.0, ,    -5.8, ,     -.8, ,     3.0, ,     7.1, ,    11.6, ,    15.1, ,    14.6, ,    13.3, ,     7.6, ,     4.5, ,     1.4, ,     5.6, ,    -3.8, ,     3.1, ,    13.8, ,     8.5, 
1908,    -1.4, ,    -3.7, ,      .0, ,     3.4, ,     9.6, ,    13.5, ,    16.6, ,    15.4, ,    13.7, ,     9.5, ,     5.4, ,     -.8, ,     6.8, ,    -1.2, ,     4.3, ,    15.2, ,     9.5, 
1909,    -2.7, ,    -2.8, ,      .6, ,     3.9, ,     8.8, ,    12.9, ,    15.4, ,    15.8, ,    15.0, ,    10.1, ,     5.5, ,     -.7, ,     6.8, ,    -2.1, ,     4.4, ,    14.7, ,    10.2, 
1910,     -.3, ,    -2.2, ,     2.0, ,     6.8, ,     9.9, ,    13.1, ,    16.5, ,    15.9, ,    13.5, ,     9.6, ,     4.6, ,    -1.7, ,     7.3, ,    -1.1, ,     6.2, ,    15.2, ,     9.2, 
1911,    -2.8, ,    -6.1, ,    -1.3, ,     3.0, ,    10.4, ,    14.7, ,    18.6, ,    17.0, ,    12.8, ,     8.9, ,     4.5, ,     1.0, ,     6.7, ,    -3.5, ,     4.0, ,    16.8, ,     8.7, 
1912,    -5.3, ,    -4.0, ,     -.5, ,     4.2, ,     9.7, ,    12.7, ,    15.7, ,    15.2, ,    12.2, ,     9.8, ,     5.5, ,     1.1, ,     6.4, ,    -2.8, ,     4.5, ,    14.5, ,     9.2, 
1913,      .5, ,    -3.8, ,     2.4, ,     5.7, ,     7.9, ,    12.3, ,    16.3, ,    15.5, ,    12.6, ,    14.2, ,     5.6, ,     1.4, ,     7.6, ,     -.7, ,     5.3, ,    14.7, ,    10.8, 
1914,    -3.4, ,    -5.8, ,      .4, ,     3.1, ,     8.9, ,    12.1, ,    15.1, ,    15.6, ,    13.0, ,     9.3, ,     4.3, ,    -1.6, ,     5.9, ,    -2.6, ,     4.1, ,    14.3, ,     8.9, 
1915,    -1.7, ,    -1.4, ,     -.8, ,     4.9, ,     7.9, ,    13.3, ,    15.7, ,    16.2, ,    14.2, ,     9.4, ,     5.3, ,      .7, ,     7.0, ,    -1.6, ,     4.0, ,    15.1, ,     9.6, 
1916,    -2.9, ,    -4.6, ,    -3.2, ,     4.0, ,     8.0, ,    12.7, ,    15.0, ,    15.9, ,    13.7, ,     9.1, ,     3.6, ,      .1, ,     6.0, ,    -2.3, ,     2.9, ,    14.5, ,     8.8, 
1917,    -3.0, ,    -4.7, ,     -.2, ,     3.8, ,     6.1, ,    12.3, ,    15.0, ,    17.7, ,    11.7, ,     9.4, ,     2.2, ,    -4.2, ,     5.5, ,    -2.5, ,     3.2, ,    15.0, ,     7.8, 
1918,    -5.5, ,    -4.9, ,    -1.6, ,     3.9, ,     9.4, ,    12.3, ,    16.4, ,    15.4, ,    14.2, ,     9.3, ,     4.5, ,     -.4, ,     6.1, ,    -4.9, ,     3.9, ,    14.7, ,     9.3, 
1919,     -.9, ,    -1.6, ,     2.0, ,     4.5, ,     9.2, ,    13.6, ,    15.8, ,    15.2, ,    13.6, ,     7.9, ,     5.1, ,    -2.7, ,     6.8, ,    -1.0, ,     5.2, ,    14.9, ,     8.9, 
1920,    -7.1, ,    -3.0, ,      .9, ,     4.4, ,     8.4, ,    12.5, ,    15.3, ,    16.7, ,    14.3, ,    10.8, ,     3.5, ,      .4, ,     6.4, ,    -4.3, ,     4.6, ,    14.8, ,     9.5, 
1921,    -2.7, ,    -3.6, ,     2.3, ,     6.9, ,     9.9, ,    12.9, ,    16.9, ,    15.1, ,    14.3, ,    10.4, ,     3.3, ,     -.5, ,     7.1, ,    -2.0, ,     6.4, ,    15.0, ,     9.3, 
1922,    -3.7, ,    -3.1, ,     1.1, ,     4.5, ,     9.6, ,    14.4, ,    15.5, ,    16.2, ,    12.6, ,     8.8, ,     3.0, , -9999.9,M, -9999.9,M,    -2.4, ,     5.1, ,    15.4, ,     8.1, 
1923, -9999.9,M,    -7.5, ,    -3.4, ,     3.2, ,     8.4, ,    12.2, ,    14.7, ,    14.1, ,    13.3, ,     9.9, ,     5.5, ,     1.9, , -9999.9,M, -9999.9,M,     2.7, ,    13.7, ,     9.6, 
1924,    -1.8, ,    -4.7, ,      .6, ,     3.8, ,     8.6, ,    12.2, ,    15.8, ,    16.1, ,    13.1, ,     9.1, ,     5.6, ,    -2.2, ,     6.4, ,    -1.5, ,     4.3, ,    14.7, ,     9.3, 
1925,    -6.3, ,     -.1, ,     2.4, ,     4.1, ,     8.2, ,    13.0, ,    15.8, ,    16.0, ,    12.5, ,     6.8, ,     3.3, ,    -1.2, ,     6.2, ,    -2.9, ,     4.9, ,    14.9, ,     7.5, 
1926,    -3.2, ,    -4.5, ,    -1.9, ,     2.8, ,     8.1, ,    12.0, ,    15.4, ,    15.5, ,    12.6, ,     8.9, ,     5.3, ,    -2.2, ,     5.7, ,    -3.0, ,     3.0, ,    14.3, ,     8.9, 
1927,    -1.2, ,    -3.4, ,      .8, ,     3.7, ,     8.2, ,    12.5, ,    16.2, ,    16.0, ,    13.2, ,    10.6, ,     6.7, ,     1.0, ,     7.0, ,    -2.3, ,     4.2, ,    14.9, ,    10.2, 
1928,    -1.9, ,    -3.7, ,     -.5, ,     4.4, ,     8.7, ,    12.4, ,    16.6, ,    17.9, ,    13.8, ,     9.5, ,     4.2, ,     1.9, ,     6.9, ,    -1.5, ,     4.2, ,    15.6, ,     9.2, 
1929,    -2.9, ,    -2.6, ,      .2, ,     3.9, ,     9.1, ,    13.5, ,    16.0, ,    16.0, ,    14.0, ,     9.5, ,     4.0, ,    -1.0, ,     6.6, ,    -1.2, ,     4.4, ,    15.2, ,     9.2, 
1930,    -2.0, ,    -2.7, ,      .8, ,     4.1, ,     9.3, ,    15.7, ,    16.7, ,    17.0, ,    15.1, ,    11.1, ,     5.1, ,     -.5, ,     7.5, ,    -1.9, ,     4.7, ,    16.5, ,    10.4, 
1931,    -1.8, ,    -2.0, ,     2.1, ,     6.0, ,    10.0, ,    14.5, ,    18.0, ,    17.6, ,    14.3, ,    10.7, ,     7.0, ,      .5, ,     8.1, ,    -1.4, ,     6.0, ,    16.7, ,    10.7, 
1932,     -.1, ,    -4.4, ,     -.2, ,     4.9, ,     9.2, ,    13.0, ,    15.6, ,    17.4, ,    15.2, ,    11.5, ,     4.5, ,     1.6, ,     7.4, ,    -1.3, ,     4.6, ,    15.3, ,    10.4, 
1933,      .3, ,     -.1, ,     -.4, ,     5.3, ,     8.7, ,    13.9, ,    16.3, ,    17.0, ,    14.4, ,    10.1, ,     2.3, ,    -3.7, ,     7.0, ,      .6, ,     4.5, ,    15.7, ,     8.9, 
1934,    -4.6, ,    -6.8, ,      .0, ,     5.6, ,     9.9, ,    12.8, ,    16.5, ,    15.9, ,    17.0, ,     9.6, ,     6.0, ,    -2.2, ,     6.6, ,    -5.0, ,     5.2, ,    15.1, ,    10.9, 
1935,    -4.6, ,    -3.0, ,     -.4, ,     4.4, ,     8.4, ,    13.8, ,    17.1, ,    17.4, ,    12.8, ,     9.4, ,     7.4, ,    -1.5, ,     6.8, ,    -3.3, ,     4.1, ,    16.1, ,     9.9, 
1936,    -2.0, ,    -4.7, ,     4.4, ,     4.5, ,     9.4, ,    14.5, ,    16.1, ,    16.2, ,    13.5, ,     9.4, ,     4.2, ,      .7, ,     7.2, ,    -2.7, ,     6.1, ,    15.6, ,     9.0, 
1937,     -.3, ,     -.8, ,     -.2, ,     5.1, ,    10.9, ,    15.5, ,    17.3, ,    18.2, ,    14.6, ,     9.7, ,     5.7, ,     -.2, ,     8.0, ,     -.1, ,     5.3, ,    17.0, ,    10.0, 
1938,    -2.8, ,    -3.9, ,     -.4, ,     5.6, ,     9.0, ,    13.9, ,    16.0, ,    18.0, ,    14.2, ,    10.7, ,     6.0, ,      .6, ,     7.2, ,    -2.3, ,     4.7, ,    16.0, ,    10.3, 
1939,    -3.2, ,    -1.7, ,    -2.0, ,     3.7, ,     8.6, ,    12.8, ,    16.8, ,    18.5, ,    14.1, ,     9.8, ,     3.3, ,      .2, ,     6.7, ,    -1.4, ,     3.4, ,    16.0, ,     9.1, 
1940,    -5.0, ,    -3.0, ,     -.9, ,     3.4, ,     9.8, ,    12.3, ,    15.9, ,    16.0, ,    13.3, ,     7.3, ,     4.7, ,     -.1, ,     6.1, ,    -2.6, ,     4.1, ,    14.7, ,     8.4, 
1941,    -4.5, ,    -1.9, ,    -1.1, ,     5.2, ,     9.0, ,    13.1, ,    15.6, ,    14.7, ,    12.8, ,     8.6, ,     5.1, ,      .1, ,     6.4, ,    -2.2, ,     4.4, ,    14.5, ,     8.8, 
1942,    -3.4, ,    -4.4, ,     2.0, ,     5.1, ,    10.5, ,    13.8, ,    16.5, ,    16.6, ,    14.7, ,    10.6, ,     4.1, ,    -3.8, ,     6.9, ,    -2.6, ,     5.9, ,    15.6, ,     9.8, 
1943,    -6.2, ,    -2.5, ,     -.3, ,     3.3, ,     9.9, ,    13.8, ,    17.2, ,    16.7, ,    15.0, ,    10.7, ,     5.9, ,    -1.6, ,     6.8, ,    -4.2, ,     4.3, ,    15.9, ,    10.5, 
1944,    -1.7, ,    -3.5, ,    -1.2, ,     3.7, ,    10.7, ,    13.6, ,    17.4, ,    17.8, ,    15.0, ,     9.6, ,     5.3, ,     -.3, ,     7.2, ,    -2.3, ,     4.4, ,    16.3, ,    10.0, 
1945,    -3.0, ,    -2.3, ,     2.5, ,     6.4, ,     8.8, ,    12.8, ,    17.1, ,    17.0, ,    14.6, ,     9.0, ,     5.2, ,    -1.5, ,     7.2, ,    -1.9, ,     5.9, ,    15.6, ,     9.6, 
1946,    -2.9, ,    -3.8, ,     3.0, ,     3.5, ,     9.1, ,    12.6, ,    16.0, ,    16.3, ,    15.4, ,    10.9, ,     5.2, ,      .4, ,     7.1, ,    -2.7, ,     5.2, ,    15.0, ,    10.5, 
1947,    -2.1, ,    -1.1, ,     1.1, ,     3.7, ,    10.4, ,    12.6, ,    18.1, ,    18.0, ,    14.7, ,    11.2, ,     4.7, ,    -1.5, ,     7.5, ,     -.9, ,     5.1, ,    16.2, ,    10.2, 
1948,    -4.0, ,    -5.6, ,    -1.6, ,     3.9, ,     9.2, ,    12.6, ,    16.1, ,    17.0, ,    13.8, ,     9.9, ,     6.8, ,     1.2, ,     6.6, ,    -3.7, ,     3.8, ,    15.2, ,    10.2, 
1949,    -1.3, ,    -1.6, ,     1.2, ,     6.2, ,     9.9, ,    14.2, ,    17.9, ,    18.1, ,    14.2, ,    10.6, ,     5.1, ,     1.7, ,     8.0, ,     -.6, ,     5.8, ,    16.7, ,    10.0, 
1950,    -1.2, ,    -4.2, ,    -1.2, ,     4.0, ,     9.4, ,    13.4, ,    16.0, ,    16.5, ,    12.1, ,     9.5, ,     7.7, ,     2.4, ,     7.0, ,    -1.2, ,     4.1, ,    15.3, ,     9.8, 
1951,      .4, ,     -.7, ,     1.8, ,     7.1, ,    10.2, ,    13.9, ,    17.7, ,    17.6, ,    15.0, ,    11.2, ,     5.5, ,      .5, ,     8.4, ,      .7, ,     6.4, ,    16.4, ,    10.6, 
1952,    -1.5, ,    -1.7, ,      .4, ,     6.0, ,     9.2, ,    14.0, ,    18.1, ,    17.1, ,    13.7, ,    10.2, ,     5.4, ,      .9, ,     7.7, ,     -.9, ,     5.2, ,    16.4, ,     9.8, 
1953,      .1, ,    -1.1, ,     1.6, ,     6.6, ,    10.1, ,    14.2, ,    16.8, ,    16.0, ,    14.3, ,    10.5, ,     7.1, ,     3.4, ,     8.3, ,      .0, ,     6.1, ,    15.7, ,    10.6, 
1954,    -3.6, ,     -.3, ,      .5, ,     4.6, ,     9.5, ,    14.2, ,    15.7, ,    15.7, ,    13.3, ,    10.6, ,     5.4, ,     2.2, ,     7.3, ,     -.2, ,     4.9, ,    15.2, ,     9.8, 
1955,    -2.5, ,    -2.3, ,     -.2, ,     5.1, ,     9.5, ,    12.9, ,    17.2, ,    17.8, ,    13.3, ,     9.9, ,     4.6, ,    -3.2, ,     6.8, ,     -.9, ,     4.8, ,    16.0, ,     9.3, 
1956,      .2, ,    -2.5, ,    -2.1, ,     3.9, ,     6.8, ,    13.5, ,    15.4, ,    15.6, ,    13.3, ,     9.3, ,     6.0, ,      .7, ,     6.7, ,    -1.8, ,     2.9, ,    14.8, ,     9.5, 
1957,    -5.7, ,    -1.3, ,     1.0, ,     4.6, ,     9.3, ,    14.6, ,    15.9, ,    15.4, ,    13.9, ,     9.7, ,     7.1, ,     3.1, ,     7.3, ,    -2.1, ,     5.0, ,    15.3, ,    10.2, 
1958,      .4, ,    -3.3, ,     2.6, ,     6.0, ,     9.2, ,    12.5, ,    16.1, ,    16.5, ,    13.2, ,     8.7, ,     5.1, ,    -4.2, ,     6.9, ,      .1, ,     5.9, ,    15.0, ,     9.0, 
1959,    -3.2, ,    -4.6, ,     -.2, ,     5.0, ,     9.9, ,    12.9, ,    16.0, ,    16.9, ,    14.7, ,     9.5, ,     6.0, ,     1.0, ,     7.0, ,    -4.0, ,     4.9, ,    15.3, ,    10.1, 
1960,    -2.8, ,     -.4, ,    -1.1, ,     4.7, ,    11.5, ,    14.6, ,    16.4, ,    16.8, ,    14.5, ,     9.2, ,     6.0, ,     -.5, ,     7.4, ,     -.7, ,     5.0, ,    15.9, ,     9.9, 
1961,    -4.6, ,    -3.6, ,    -1.1, ,     3.7, ,     8.8, ,    12.6, ,    15.8,a,    16.5,a,    16.6,a,    10.9,a,     6.3,a,      .9,a,     6.9,a,    -2.9, ,     3.8, ,    15.0,a,    11.3,a
1962,    -2.1,a,    -5.7,a,     1.0,a,     4.7,a,     9.0,a,    13.1,a,    14.6,a,    16.5,a,    13.3,a,     9.4,a,     4.4,a,     -.7,a,     6.5,a,    -2.3,a,     4.9,a,    14.7,a,     9.0,a
1963,     -.7,a,    -3.7,a,      .1,a,     4.1,a,     8.7,a,    13.5,a,    17.1,a,    15.6,a,    12.7,a,    10.1,a,     6.5,a,    -4.2,a,     6.7,a,    -1.7,a,     4.3,a,    15.4,a,     9.8,a
1964,    -1.8,a,    -2.8,a,     -.4,a,     4.0,a,     9.5,a,    12.7,a,    15.5,a,    14.7,a,    12.7,a,     9.5,a,     4.2,a,     -.1,a,     6.5,a,    -2.9,a,     4.4,a,    14.3,a,     8.8,a
1965,    -4.5,a,    -4.2,a,     -.1,a,     3.0,a,     8.3,a,    12.6,a,    15.3,a,    15.8,a,    12.5,a,     8.5,a,     3.4,a,     -.3,a,     5.9,a,    -2.9,a,     3.7,a,    14.6,a,     8.1,a
1966,    -1.9,a,    -3.0,a,     1.4,a,     3.9,a,     8.1,a,    12.9,a,    15.8,a,    16.0,a,    12.4,a,     9.5,a,     6.9,a,      .9,a,     6.9,a,    -1.7,a,     4.5,a,    14.9,a,     9.6,a
1967,     -.6,a,    -4.7,a,    -1.8,a,     2.7,a,     7.1,a,    13.4,a,    16.5,a,    16.4,a,    13.9,a,     9.5,a,     4.8,a,      .0,a,     6.4,a,    -1.5,a,     2.7,a,    15.4,a,     9.4,a
1968,    -5.4,a,    -5.2,a,     1.3,a,     6.3,a,     8.9,a,    13.2,a,    17.1,a,    15.8,a,    15.2,a,    11.6,a,     4.2,a,      .4,a,     7.0,a,    -3.5,a,     5.5,a,    15.4,a,    10.3,a
1969,    -1.7,a,     -.9,a,      .2,a,     4.8,a,     9.2,a,    14.2,a,    16.5,a,    17.2,a,    14.7,a,     9.4,a,     6.7,a,     1.8,a,     7.7,a,     -.7,a,     4.7,a,    16.0,a,    10.3,a
1970,    -5.7,a,    -2.4,a,      .0,a,     4.3,a,    10.4,a,    13.6,a,    16.9,a,    17.6,a,    13.7,a,    10.4,a,     5.6,a,    -2.9,a,     6.8,a,    -2.1,a,     4.9,a,    16.0,a,     9.9,a
1971,    -4.9,a,    -3.1,a,      .6,a,     5.4,a,     9.9,a,    13.6,a,    17.0,a,    16.7,a,    15.0,a,    10.8,a,     4.3,a,     -.9,a,     7.0,a,    -3.6,a,     5.3,a,    15.8,a,    10.0,a
1972,    -2.0,a,    -4.4,a,     -.6,a,     3.2,a,     9.5,a,    14.2,a,    16.3,a,    16.6,a,    14.4,a,     7.8,a,     3.3,a,     -.6,a,     6.5,a,    -2.4,a,     4.0,a,    15.7,a,     8.5,a
1973,    -1.8,a,    -3.8,a,     2.3,a,     5.1,a,     9.4,a,    14.5,a,    17.4,a,    17.5,a,    13.5,a,     9.5,a,     4.8,a,     3.4,a,     7.7,a,    -2.1,a,     5.6,a,    16.5,a,     9.3,a
1974,    -2.6,a,    -3.9,a,      .0,a,     4.9,a,     7.4,a,    13.3,a,    15.9,a,    16.9,a,    14.1,a,     7.2,a,     5.5,a,      .8,a,     6.6,a,    -1.0,a,     4.1,a,    15.4,a,     8.9,a
1975,    -1.1,a,    -3.7,a,     -.3,a,     3.6,a,     9.6,a,    13.6,a,    17.0,a,    16.6,a,    13.9,a,     9.5,a,     6.6,a,     -.7,a,     7.1,a,    -1.3,a,     4.3,a,    15.7,a,    10.0,a
1976,    -3.1,a,     -.5,a,     1.0,a,     5.9,a,    10.0,a,    14.2,a,    16.2,a,    17.3,a,    14.0,a,     9.3,a,     4.4,a,    -1.9,a,     7.2,a,    -1.4,a,     5.6,a,    15.9,a,     9.2,a
1977,    -4.6,a,    -2.3,a,     2.7,a,     4.2,a,     9.0,a,    13.2,a,    16.2,a,    16.4,a,    13.1,a,    10.0,a,     6.4,a,     -.2,a,     7.0,a,    -2.9,a,     5.3,a,    15.3,a,     9.8,a
1978,    -2.8,a,    -4.3,a,    -1.0,a,     4.0,a,    10.0,a,    13.5,a,    16.1,a,    17.3,a,    11.6,a,     8.7,a,     3.5,a,      .0,a,     6.4,a,    -2.4,a,     4.3,a,    15.6,a,     7.9,a
1979,    -1.0,a,    -5.5,a,     2.5,a,     5.6,a,    11.6,a,    14.1,a,    17.3,a,    16.4,a,    14.0,a, -9999.9,M, -9999.9,M,     1.0,a, -9999.9,M,    -2.2,a,     6.6,a,    15.9,a, -9999.9,M
1980,    -2.6,a,    -3.5,a,      .0,a,     6.0,a,     9.7,a,    13.0,a,    16.4,a,    17.5,a,    13.0,a,     9.3,a,     4.2,a,    -3.1,a,     6.7,a,    -1.7,a,     5.2,a,    15.6,a,     8.8,a
1981,    -5.3,a,      .4,a,      .8,a,     5.5,a,    10.9,a,    13.7,a,    16.3,a,    16.2,a,    15.1,a,     9.0,a,     5.2,a,     2.5,a,     7.5,a,    -2.7,a,     5.7,a,    15.4,a,     9.8,a
1982,    -5.0,a,    -2.9,a,      .6,a,     4.2,a,    10.0,a,    13.2,a,    16.2,a,    15.4,a,    14.7,a,     9.1,a,     6.9,a,     1.7,a,     7.0,a,    -1.8,a,     4.9,a,    14.9,a,    10.2,a
1983,    -1.4,a,    -2.1,a,     2.1,a,     6.3,a,     9.6,a,    14.2,a,    16.6,a,    17.0,a,    14.9,a,     9.7,a,     5.9,a,      .1,a,     7.7,a,     -.6,a,     6.0,a,    15.9,a,    10.2,a
1984,    -3.1,a,     1.1,a,     -.4,a,     5.2,a,     9.5,a,    14.0,a,    16.8,a,    18.8,a,    13.1,a,    10.0,a,     5.8,a,     2.1,a,     7.7,a,     -.6,a,     4.8,a,    16.5,a,     9.6,a
1985,    -5.0,a,    -1.9,a,      .6,a,     4.7,a,     9.2,a,    13.5,a,    16.5,a,    16.2,a,    14.4,a,    10.0,a,     5.0,a,    -1.3,a,     6.8,a,    -1.6,a,     4.8,a,    15.4,a,     9.8,a
1986,    -1.0,a,    -3.6,a,      .7,a,     7.4,a,    10.0,a,    13.1,a,    16.2,a,    16.4,a,    12.6,a,     8.6,a,     3.6,a,      .6,a,     7.1,a,    -2.0,a,     6.0,a,    15.2,a,     8.3,a
1987,    -2.9,a,    -4.5,a,     -.3,a,     7.3,a,     9.4,a,    13.9,a,    16.8,a,    16.3,a,    14.1,a,     9.8,a,     3.9,a,      .1,a,     7.0,a,    -2.3,a,     5.5,a,    15.7,a,     9.3,a
1988,    -2.6,a,    -2.4,a,      .5,a,     4.9,a,    10.3,a,    13.0,a,    17.2,a,    17.6,a,    13.2,a,     8.8,a,     6.5,a,    -1.3,a,     7.1,a,    -1.6,a,     5.2,a,    15.9,a,     9.5,a
1989,    -1.6,a,    -2.9,a,     -.6,a,     4.3,a,    11.8,a,    14.2,a,    15.7,a,    17.3,a,    14.5,a,     9.5,a,     5.0,a,    -6.1,a,     6.8,a,    -1.9,a,     5.2,a,    15.7,a,     9.7,a
1990,     -.1,a,    -3.0,a,      .5,a,     5.4,a,     9.0,a,    14.3,a,    17.5,a,    18.8,a,    14.6,a,    11.6,a,     5.2,a,     2.3,a,     8.0,a,    -3.1,a,     5.0,a,    16.9,a,    10.5,a
1991,    -3.1,a,    -1.3,a,     1.8,a,     5.7,a,    10.6,a,    13.6,a,    17.1,a,    17.3,a,    13.0,a,    10.6,a,     6.3,a,     -.7,a,     7.6,a,     -.7,a,     6.0,a,    16.0,a,    10.0,a
1992,    -3.4,a,    -3.2,a,    -1.5,a,     2.9,a,     9.1,a,    14.0,a,    14.7,a,    16.4,a,    13.8,a,     8.3,a,     3.5,a,     -.1,a,     6.2,a,    -2.4,a,     3.5,a,    15.0,a,     8.5,a
1993,    -3.7,a,    -5.9,a,     -.8,a,     6.0,a,     9.8,a,    12.6,a,    16.5,a,    17.7,a,    14.8,a,     8.6,a,     5.2,a,     1.0,a,     6.8,a,    -3.2,a,     5.0,a,    15.6,a,     9.5,a
1994,    -5.2,a,    -5.0,a,      .5,a,     5.9,a,     9.2,a,    15.1,a,    18.7,a,    17.2,a,    13.8,a,     9.9,a,     6.6,a,      .4,a,     7.3,a,    -3.1,a,     5.2,a,    17.0,a,    10.1,a
1995,      .4,a,    -3.3,a,      .3,a,     3.8,a,     9.0,a,    14.2,a,    17.6,a,    17.5,a,    13.2,a,    12.2,a,     5.3,a,    -1.6,a,     7.4,a,     -.8,a,     4.4,a,    16.4,a,    10.2,a
1996,    -3.5,a,    -2.3,a,      .0,a,     4.8,a,     8.7,a,    13.3,a,    15.7,a,    16.4,a,    14.7,a,     8.4,a,     3.8,a,     2.8,a,     6.9,a,    -2.5,a,     4.5,a,    15.1,a,     9.0,a
1997,    -2.9,a,    -1.3,a,    -1.2,a,     3.4,a,     8.5,a,    14.0,a,    17.2,a,    16.9,a,    14.2,a,     8.3,a,     4.4,a,     -.2,a,     6.8,a,     -.5,a,     3.6,a,    16.0,a,     9.0,a
1998,    -1.1,a,     -.2,a,     1.4,a,     6.0,a,    12.1,a,    13.7,a,    16.6,a,    17.2,a,    14.0,a,     9.1,a,     4.1,a,     1.6,a,     7.9,a,     -.5,a,     6.5,a,    15.8,a,     9.1,a
1999,    -1.3,a,     -.8,a,     2.7,a,     5.4,a,    12.2,a,    15.8,a,    18.2,a,    17.7,a,    17.1,a,     9.3,a,     6.9,a,     1.5,a,     8.7,a,     -.2,a,     6.8,a,    17.2,a,    11.1,a
2000,    -2.3,a,    -1.5,a,     2.9,a,     6.4,a,     9.5,a,    14.1,a,    16.7,a,    17.4,a,    14.1,a,    10.0,a,     5.9,a,     -.6,a,     7.7,a,     -.8,a,     6.3,a,    16.1,a,    10.0,a
2001,    -3.1,a,    -3.0,a,     -.3,a,     4.3,a,    10.5,a,    15.2,a,    15.8,a,    17.6,a,    14.7,a,    11.1,a,     6.0,a,     2.4,a,     7.6,a,    -2.2,a,     4.8,a,    16.2,a,    10.6,a
2002,      .4,a,     -.8,a,     1.7,a,     5.2,a,     9.4,a,    12.8,a,    17.2,a,    18.2,a,    15.6,a,     8.3,a,     5.2,a,      .3,a,     7.8,a,      .7,a,     5.4,a,    16.1,a,     9.7,a
2003,    -5.1,a,    -4.7,a,      .0,a,     3.7,a,     9.3,a,    14.2,a,    17.6,a,    18.0,a,    15.5,a,    10.3,a,     6.1,a,     1.1,a,     7.2,a,    -3.2,a,     4.3,a,    16.6,a,    10.6,a
2004,    -6.9,a,    -3.2,a,     -.9,a,     4.9,a,     9.3,a,    12.7,a,    16.8,a,    17.0,a,    13.7,a,    10.2,a,     3.9,a,      .5,a,     6.5,a,    -3.0,a,     4.4,a,    15.5,a,     9.3,a
2005,    -5.2,a,    -2.5,a,      .2,a,     5.7,a,     8.5,a,    13.4,a,    16.9,a,    17.8,a,    15.4,a,    11.7,a,     7.0,a,     1.0,a,     7.5,a,    -2.4,a,     4.8,a,    16.0,a,    11.4,a
2006,      .8,a,    -2.7,a,      .8,a,     6.1,a,    11.4,a,    14.5,a,    18.5,a,    16.7,a,    14.6,a,    10.1,a,     7.7,a,     2.9,a,     8.5,a,     -.3,a,     6.1,a,    16.6,a,    10.8,a
2007,    -1.5,a,    -4.5,a,      .0,a,     4.0,a,     9.5,a,    14.1,a,    16.9,a,    17.0,a,    14.8,a,    10.8,a,     4.8,a,    -1.6,a,     7.0,a,    -1.0,a,     4.5,a,    16.0,a,    10.1,a
2008,    -1.1,a,    -1.5,a,     -.2,a,     6.3,a,     9.4,a,    15.0,a,    18.3,a,    17.1,a,    14.4,a,     9.8,a,     5.8,a,     1.5,a,     7.9,a,    -1.4,a,     5.2,a,    16.8,a,    10.0,a
2009,    -3.9,a,    -1.9,a,      .5,a,     6.1,a,    10.0,a,    15.1,a,    16.7,a,    17.8,a,    13.9,a,     8.4,a,     7.5,a,      .4,a,     7.6,a,    -1.4,a,     5.5,a,    16.5,a,     9.9,a
2010,    -1.9,a,     -.9,a,     3.5,a,     7.2,a,    10.9,a,    14.5,a,    18.4,a,    17.8,a,    15.8,a,    10.9,a,     6.1,a,     1.5,a,     8.7,a,     -.8,a,     7.2,a,    16.9,a,    10.9,a
2011,    -2.2,a,    -2.2,a,      .8,a,     5.9,a,    12.0,a,    14.4,a,    17.7,a,    17.6,a,    15.9,a,    11.4,a,     7.3,a,     3.4,a,     8.5,a,    -1.0,a,     6.2,a,    16.6,a,    11.5,a
2012,     -.2,a,     -.2,a,     2.9,a, -9999.9,M, -9999.9,M, -9999.9,M, -9999.9,M, -9999.9,M, -9999.9,M, -9999.9,M, -9999.9,M, -9999.9,M, -9999.9,M,     1.0,a, -9999.9,M, -9999.9,M, -9999.9,M
