8203702,NAPPAN         ,NS, station joined    , Monthly mean of homogenized daily mean temperature                     , °C,          Updated to December 2012
8203702,NAPPAN         ,NS, station jointe    , Moyenne mensuelle des températures homogénéisées moyennes quotidiennes , °C, Mise à jour jusqu à décembre 2012
Year,     Jan, ,     Feb, ,     Mar, ,     Apr, ,     May, ,     Jun, ,     Jul, ,     Aug, ,     Sep, ,     Oct, ,     Nov, ,     Dec, ,  Annual, ,  Winter, ,  Spring, ,  Summer, ,  Autumn
Year,    Janv, ,     Fév, ,    Mars, ,     Avr, ,     Mai, ,    Juin, ,    Juil, ,    Août, ,    Sept, ,     Oct, ,     Nov, ,     Déc, ,  Annuel, ,   Hiver, ,Printemp, ,     Eté, , Automne
1913, -9999.9,M, -9999.9,M, -9999.9,M, -9999.9,M, -9999.9,M, -9999.9,M, -9999.9,M, -9999.9,M, -9999.9,M,    13.1, ,     3.4, ,    -3.3, , -9999.9,M, -9999.9,M, -9999.9,M, -9999.9,M, -9999.9,M
1914,    -9.0, ,   -11.9, ,    -1.0, ,     1.1, ,     9.5, ,    12.4, ,    16.4, ,    17.1, ,    13.5, ,     8.3, ,      .9, ,    -6.6, ,     4.2, ,    -8.1, ,     3.2, ,    15.3, ,     7.6, 
1915,    -5.8, ,    -4.7, ,    -3.2, ,     3.2, ,     7.7, ,    13.6, ,    17.3, ,    17.3, ,    13.6, ,     9.0, ,     3.6, ,    -1.9, ,     5.8, ,    -5.7, ,     2.6, ,    16.1, ,     8.7, 
1916,    -7.2, ,    -8.6, ,    -6.4, ,     3.5, ,     8.9, ,    14.6, ,    17.3, ,    17.7, ,    14.3, ,     8.1, ,      .1, ,    -3.0, ,     4.9, ,    -5.9, ,     2.0, ,    16.5, ,     7.5, 
1917,    -9.0, ,    -9.4, ,    -2.6, ,     3.2, ,     5.3, ,    15.1, ,    18.2, ,    19.7, ,    12.1, ,     8.9, ,     -.2, ,    -9.1, ,     4.4, ,    -7.1, ,     2.0, ,    17.7, ,     6.9, 
1918,    -9.9, ,   -10.5, ,    -6.3, ,     2.8, ,    10.8, ,    13.3, ,    17.8, ,    15.7, ,    14.1, ,     8.3, ,     1.5, ,    -4.9, ,     4.4, ,    -9.8, ,     2.4, ,    15.6, ,     8.0, 
1919,    -6.1, ,    -4.6, ,    -1.2, ,     3.7, ,     9.1, ,    14.8, ,    17.3, ,    17.2, ,    13.8, ,     6.2, ,     2.2, ,    -7.9, ,     5.4, ,    -5.2, ,     3.9, ,    16.4, ,     7.4, 
1920,   -13.9, ,    -6.7, ,    -1.2, ,     2.6, ,     8.9, ,    13.7, ,    18.1, ,    18.9, ,    14.2, ,    10.1, ,     -.1, ,    -4.0, ,     5.1, ,    -9.5, ,     3.4, ,    16.9, ,     8.1, 
1921,    -7.4, ,    -9.1, ,      .6, ,     5.1, ,     9.7, ,    14.0, ,    19.4, ,    16.0, ,    14.6, ,     8.4, ,     -.5, ,    -5.7, ,     5.4, ,    -6.8, ,     5.1, ,    16.5, ,     7.5, 
1922,    -9.5, ,    -9.0, ,    -1.4, ,     3.5, ,     9.5, ,    16.8, ,    17.1, ,    18.0, ,    13.1, ,     7.9, ,      .0, ,    -7.8, ,     4.9, ,    -8.1, ,     3.9, ,    17.3, ,     7.0, 
1923,   -10.6, ,   -13.7, ,    -7.5, ,     1.8, ,     8.7, ,    13.3, ,    16.5, ,    15.8, ,    13.1, ,     9.3, ,     4.1, ,    -1.3, ,     4.1, ,   -10.7, ,     1.0, ,    15.2, ,     8.8, 
1924,    -7.7, ,    -9.8, ,    -1.4, ,     2.3, ,    10.3, ,    14.2, ,    18.6, ,    17.4, ,    13.0, ,     7.6, ,     3.3, ,    -7.3, ,     5.0, ,    -6.3, ,     3.7, ,    16.7, ,     8.0, 
1925,   -12.4, ,    -3.2, ,     1.2, ,     2.8, ,     8.8, ,    15.2, ,    17.8, ,    17.7, ,    11.6, ,     4.3, ,     1.4, ,    -5.8, ,     5.0, ,    -7.6, ,     4.3, ,    16.9, ,     5.8, 
1926,    -7.9, ,    -9.1, ,    -6.0, ,      .6, ,     8.3, ,    14.5, ,    17.7, ,    16.1, ,    11.6, ,     8.1, ,     2.8, ,    -7.1, ,     4.1, ,    -7.6, ,     1.0, ,    16.1, ,     7.5, 
1927,    -4.1, ,    -9.3, ,    -2.7, ,     3.0, ,     7.9, ,    13.8, ,    19.1, ,    17.0, ,    13.9, ,     9.8, ,     4.3, ,    -2.5, ,     5.9, ,    -6.8, ,     2.7, ,    16.6, ,     9.3, 
1928,    -6.7, ,    -8.1, ,    -2.5, ,     4.6, ,    10.6, ,    14.5, ,    18.6, ,    18.2, ,    12.4, ,     8.2, ,     1.0, ,    -2.2, ,     5.7, ,    -5.8, ,     4.2, ,    17.1, ,     7.2, 
1929,    -7.3, ,    -7.0, ,    -2.2, ,     2.6, ,     9.6, ,    14.6, ,    18.1, ,    17.3, ,    13.6, ,     7.9, ,     1.4, ,    -6.9, ,     5.1, ,    -5.5, ,     3.3, ,    16.7, ,     7.6, 
1930,    -8.3, ,    -7.9, ,    -1.3, ,     3.2, ,     9.2, ,    18.7, ,    18.9, ,    17.6, ,    14.9, ,     8.3, ,     2.6, ,    -5.0, ,     5.9, ,    -7.7, ,     3.7, ,    18.4, ,     8.6, 
1931,    -7.7, ,    -6.3, ,     -.3, ,     5.1, ,    10.8, ,    14.5, ,    19.9, ,    17.6, ,    13.0, ,     9.0, ,     5.4, ,    -3.6, ,     6.5, ,    -6.3, ,     5.2, ,    17.3, ,     9.1, 
1932,    -3.7, ,    -9.0, ,    -3.3, ,     3.5, ,     9.1, ,    13.8, ,    17.4, ,    18.0, ,    13.8, ,     9.7, ,     2.3, ,    -2.4, ,     5.8, ,    -5.4, ,     3.1, ,    16.4, ,     8.6, 
1933,    -3.9, ,    -4.0, ,    -3.8, ,     3.1, ,     9.5, ,    15.2, ,    17.5, ,    17.2, ,    14.0, ,     8.9, ,    -2.0, ,   -10.2, ,     5.1, ,    -3.4, ,     2.9, ,    16.6, ,     7.0, 
1934,   -11.0, ,   -12.2, ,    -3.7, ,     5.5, ,    10.3, ,    13.5, ,    17.8, ,    16.1, ,    16.2, ,     6.5, ,     3.0, ,    -8.5, ,     4.5, ,   -11.1, ,     4.0, ,    15.8, ,     8.6, 
1935,   -10.2, ,   -11.0, ,    -5.2, ,     2.5, ,     8.6, ,    15.7, ,    18.5, ,    18.7, ,    11.9, ,     7.5, ,     4.2, ,    -6.0, ,     4.6, ,    -9.9, ,     2.0, ,    17.6, ,     7.9, 
1936,    -7.3, ,   -10.2, ,     2.3, ,     3.6, ,     9.0, ,    15.7, ,    16.8, ,    15.8, ,    12.1, ,     6.8, ,      .5, ,    -4.0, ,     5.1, ,    -7.8, ,     5.0, ,    16.1, ,     6.5, 
1937,    -5.5, ,    -6.2, ,    -4.0, ,     3.2, ,    10.9, ,    15.6, ,    18.7, ,    19.8, ,    14.6, ,     7.6, ,     2.0, ,    -4.4, ,     6.0, ,    -5.2, ,     3.4, ,    18.0, ,     8.1, 
1938,    -8.5, ,   -10.3, ,    -5.9, ,     3.9, ,     8.9, ,    16.7, ,    18.5, ,    19.1, ,    13.9, ,     9.5, ,     3.0, ,    -3.0, ,     5.5, ,    -7.7, ,     2.3, ,    18.1, ,     8.8, 
1939,    -8.0, ,    -8.4, ,    -6.1, ,     2.4, ,     8.3, ,    13.7, ,    18.8, ,    20.3, ,    13.9, ,     8.0, ,      .4, ,    -3.9, ,     5.0, ,    -6.5, ,     1.5, ,    17.6, ,     7.4, 
1940,   -11.0, ,    -8.2, ,    -2.9, ,     2.5, ,    10.5, ,    13.8, ,    18.2, ,    16.5, ,    14.0, ,     5.6, ,     2.3, ,    -5.5, ,     4.7, ,    -7.7, ,     3.4, ,    16.2, ,     7.3, 
1941,   -10.1, ,    -7.2, ,    -4.6, ,     3.3, ,     9.0, ,    13.6, ,    18.6, ,    16.0, ,    12.1, ,     6.9, ,     2.4, ,    -4.0, ,     4.7, ,    -7.6, ,     2.6, ,    16.1, ,     7.1, 
1942,    -8.9, ,    -8.2, ,     -.4, ,     4.0, ,    11.8, ,    15.6, ,    17.8, ,    17.4, ,    14.9, ,     8.7, ,     1.0, ,    -8.6, ,     5.4, ,    -7.0, ,     5.1, ,    16.9, ,     8.2, 
1943,   -12.5, ,    -5.7, ,    -3.2, ,     2.0, ,     8.8, ,    12.6, ,    18.4, ,    16.5, ,    13.9, ,     9.1, ,     2.1, ,    -8.6, ,     4.5, ,    -8.9, ,     2.5, ,    15.8, ,     8.4, 
1944,    -7.5, ,   -10.0, ,    -4.6, ,     2.9, ,    11.7, ,    14.5, ,    18.2, ,    19.2, ,    14.8, ,     7.9, ,     4.1, ,    -5.4, ,     5.5, ,    -8.7, ,     3.3, ,    17.3, ,     8.9, 
1945,    -7.2, ,    -8.4, ,     -.9, ,     5.6, ,     8.7, ,    13.3, ,    18.0, ,    17.9, ,    13.6, ,     7.4, ,     2.1, ,    -5.6, ,     5.4, ,    -7.0, ,     4.5, ,    16.4, ,     7.7, 
1946,    -7.6, ,    -8.9, ,      .6, ,     2.1, ,    10.1, ,    14.6, ,    17.0, ,    17.2, ,    14.6, ,     8.9, ,     2.0, ,    -4.5, ,     5.5, ,    -7.4, ,     4.3, ,    16.3, ,     8.5, 
1947,    -7.1, ,    -4.9, ,    -1.7, ,     2.3, ,    10.2, ,    13.3, ,    21.0, ,    17.7, ,    14.7, ,     9.3, ,     2.4, ,    -6.6, ,     5.9, ,    -5.5, ,     3.6, ,    17.3, ,     8.8, 
1948,    -9.0, ,   -11.4, ,    -5.3, ,     2.8, ,     9.4, ,    13.8, ,    18.1, ,    18.1, ,    13.7, ,     8.4, ,     4.6, ,    -2.2, ,     5.1, ,    -9.0, ,     2.3, ,    16.7, ,     8.9, 
1949,    -5.3, ,    -6.2, ,    -1.5, ,     5.0, ,     9.5, ,    15.7, ,    19.1, ,    18.4, ,    14.0, ,     9.0, ,     1.9, ,    -1.0, ,     6.6, ,    -4.6, ,     4.3, ,    17.7, ,     8.3, 
1950,    -5.3, ,    -9.7, ,    -3.9, ,     3.4, ,     9.9, ,    14.8, ,    17.7, ,    17.0, ,    11.9, ,     7.8, ,     5.8, ,      .0, ,     5.8, ,    -5.3, ,     3.1, ,    16.5, ,     8.5, 
1951,    -4.2, ,    -3.4, ,     -.1, ,     6.0, ,     9.7, ,    14.1, ,    18.5, ,    18.0, ,    14.6, ,     9.0, ,     3.1, ,    -4.4, ,     6.7, ,    -2.5, ,     5.2, ,    16.9, ,     8.9, 
1952,    -5.9, ,    -4.3, ,    -1.5, ,     5.2, ,     8.6, ,    15.2, ,    20.4, ,    18.4, ,    13.9, ,     8.1, ,     2.4, ,    -2.5, ,     6.5, ,    -4.9, ,     4.1, ,    18.0, ,     8.1, 
1953,    -3.6, ,    -3.5, ,     -.9, ,     5.7, ,     9.5, ,    15.1, ,    18.3, ,    16.6, ,    15.0, ,     8.8, ,     5.2, ,      .3, ,     7.2, ,    -3.2, ,     4.8, ,    16.7, ,     9.7, 
1954,    -7.7, ,    -3.0, ,    -1.5, ,     3.6, ,     9.5, ,    15.3, ,    17.5, ,    16.3, ,    13.2, ,     9.6, ,     3.4, ,     -.6, ,     6.3, ,    -3.5, ,     3.9, ,    16.4, ,     8.7, 
1955,    -4.9, ,    -5.4, ,    -2.2, ,     3.3, ,     9.2, ,    14.3, ,    18.1, ,    18.4, ,    12.9, ,     8.1, ,     2.1, ,    -7.5, ,     5.5, ,    -3.6, ,     3.4, ,    16.9, ,     7.7, 
1956,    -2.4, ,    -7.1, ,    -5.4, ,     2.7, ,     7.2, ,    15.0, ,    16.6, ,    15.9, ,    11.9, ,     8.2, ,     3.1, ,    -4.3, ,     5.1, ,    -5.7, ,     1.5, ,    15.8, ,     7.7, 
1957,   -12.3, ,    -5.8, ,    -1.9, ,     3.5, ,     9.3, ,    15.1, ,    17.0, ,    16.1, ,    14.0, ,     8.5, ,     4.5, ,      .1, ,     5.7, ,    -7.5, ,     3.6, ,    16.1, ,     9.0, 
1958,    -2.9, ,    -6.2, ,     -.9, ,     5.0, ,     8.9, ,    12.8, ,    17.2, ,    17.2, ,    12.9, ,     7.0, ,     2.2, ,    -9.7, ,     5.3, ,    -3.0, ,     4.3, ,    15.7, ,     7.4, 
1959,    -7.5, ,   -10.1, ,    -2.8, ,     4.1, ,    10.1, ,    13.5, ,    19.3, ,    17.7, ,    14.5, ,     8.1, ,     3.8, ,    -2.4, ,     5.7, ,    -9.1, ,     3.8, ,    16.8, ,     8.8, 
1960,    -6.7, ,    -2.5, ,    -3.0, ,     3.5, ,    11.9, ,    15.8, ,    17.8, ,    18.2, ,    14.0, ,     7.1, ,     3.9, ,    -4.1, ,     6.3, ,    -3.9, ,     4.1, ,    17.3, ,     8.3, 
1961,   -11.0, ,    -9.2, ,    -4.8, ,     1.5, ,     9.3, ,    15.1, ,    17.1, ,    17.7, ,    16.4, ,    10.0, ,     4.6, ,    -1.8, ,     5.4, ,    -8.1, ,     2.0, ,    16.6, ,    10.3, 
1962,    -6.8, ,   -11.6, ,    -1.4, ,     3.6, ,     8.2, ,    13.9, ,    14.7, ,    16.9, ,    13.0, ,     8.2, ,     3.1, ,    -4.4, ,     4.8, ,    -6.7, ,     3.5, ,    15.2, ,     8.1, 
1963,    -4.4, ,    -9.0, ,    -4.2, ,     1.6, ,     9.3, ,    14.0, ,    19.4, ,    16.3, ,    11.7, ,     9.4, ,     4.7, ,    -9.2, ,     5.0, ,    -5.9, ,     2.2, ,    16.6, ,     8.6, 
1964,    -6.5, ,    -6.5, ,    -2.7, ,     2.4, ,     9.2, ,    13.2, ,    17.9, ,    15.7, ,    12.0, ,     8.1, ,     1.3, ,    -3.4, ,     5.1, ,    -7.4, ,     3.0, ,    15.6, ,     7.1, 
1965,    -8.1, ,    -7.6, ,    -2.4, ,     2.3, ,     8.7, ,    14.3, ,    17.2, ,    17.0, ,    12.5, ,     7.6, ,     1.0, ,    -4.6, ,     4.8, ,    -6.4, ,     2.9, ,    16.2, ,     7.0, 
1966,    -4.5, ,    -6.6, ,      .5, ,     2.7, ,     8.9, ,    14.3, ,    17.2, ,    17.4, ,    11.8, ,     8.4, ,     5.0, ,    -1.3, ,     6.2, ,    -5.2, ,     4.0, ,    16.3, ,     8.4, 
1967,    -5.4, ,    -9.9, ,    -6.7, ,     -.6, ,     6.5, ,    14.6, ,    19.2, ,    18.6, ,    14.0, ,     9.3, ,     3.1, ,    -4.4, ,     4.9, ,    -5.5, ,     -.3, ,    17.5, ,     8.8, 
1968,   -10.0, ,    -9.8, ,    -1.4, ,     4.8, ,     8.0, ,    13.2, ,    18.3, ,    15.9, ,    14.7, ,    10.4, ,      .9, ,    -2.5, ,     5.2, ,    -8.1, ,     3.8, ,    15.8, ,     8.7, 
1969,    -5.1, ,    -3.7, ,    -2.3, ,     3.1, ,     8.7, ,    15.7, ,    17.2, ,    17.9, ,    14.1, ,     7.3, ,     4.7, ,     -.6, ,     6.4, ,    -3.8, ,     3.2, ,    16.9, ,     8.7, 
1970,   -10.6, ,    -5.8, ,    -2.6, ,     3.0, ,    10.6, ,    15.1, ,    19.1, ,    18.1, ,    12.6, ,     9.4, ,     2.9, ,    -8.1, ,     5.3, ,    -5.7, ,     3.7, ,    17.4, ,     8.3, 
1971,    -9.8, ,    -6.4, ,    -1.1, ,     4.1, ,    11.2, ,    14.6, ,    18.8, ,    18.1, ,    14.3, ,     9.3, ,     1.8, ,    -5.9, ,     5.8, ,    -8.1, ,     4.7, ,    17.2, ,     8.5, 
1972,    -6.5, ,    -8.4, ,    -5.2, ,      .2, ,     9.3, ,    16.0, ,    17.8, ,    17.0, ,    13.6, ,     6.3, ,      .8, ,    -6.5, ,     4.5, ,    -6.9, ,     1.4, ,    16.9, ,     6.9, 
1973,    -6.6, ,    -7.3, ,     -.7, ,     3.7, ,     8.6, ,    16.6, ,    19.6, ,    18.2, ,    12.4, ,     7.7, ,     1.5, ,      .3, ,     6.2, ,    -6.8, ,     3.9, ,    18.1, ,     7.2, 
1974,    -7.9, ,    -8.0, ,    -2.2, ,     3.5, ,     6.7, ,    15.0, ,    16.9, ,    17.6, ,    13.5, ,     5.7, ,     2.7, ,    -2.3, ,     5.1, ,    -5.2, ,     2.7, ,    16.5, ,     7.3, 
1975,    -6.8, ,    -9.2, ,    -3.4, ,     1.8, ,     8.8, ,    14.8, ,    19.6, ,    17.8, ,    14.1, ,     7.9, ,     4.4, ,    -5.8, ,     5.3, ,    -6.1, ,     2.4, ,    17.4, ,     8.8, 
1976,    -8.4, ,    -4.1, ,    -1.4, ,     4.5, ,    10.6, ,    15.9, ,    17.5, ,    18.0, ,    13.9, ,     7.3, ,     1.0, ,    -6.0, ,     5.7, ,    -6.1, ,     4.6, ,    17.1, ,     7.4, 
1977,    -9.6, ,    -6.2, ,      .1, ,     3.0, ,     8.9, ,    14.5, ,    18.1, ,    18.3, ,    12.5, ,     8.4, ,     4.0, ,    -3.4, ,     5.7, ,    -7.3, ,     4.0, ,    17.0, ,     8.3, 
1978,    -6.8, ,    -8.6, ,    -3.1, ,     2.1, ,    11.1, ,    14.4, ,    17.4, ,    18.0, ,    11.0, ,     7.7, ,      .3, ,    -4.4, ,     4.9, ,    -6.3, ,     3.4, ,    16.6, ,     6.3, 
1979,    -4.2, ,    -8.4, ,      .8, ,     4.3, ,    12.0, ,    15.2, ,    18.8, ,    17.1, ,    13.8, ,     9.3, ,     5.4, ,    -2.7, ,     6.8, ,    -5.7, ,     5.7, ,    17.0, ,     9.5, 
1980,    -6.6, ,    -8.1,E,    -3.2, ,     5.0, ,     8.5, ,    13.9, ,    17.7, ,    17.9, ,    12.7, ,     8.1, ,     1.7, ,    -6.9, ,     5.1,E,    -5.8,E,     3.4, ,    16.5, ,     7.5, 
1981,   -10.7, ,    -1.3,E,      .0, ,     5.2, ,    11.0, ,    14.4,E,    17.4, ,    16.3, ,    13.1, ,     7.7, ,     3.0, ,     -.7, ,     6.3,E,    -6.3,E,     5.4, ,    16.0,E,     7.9, 
1982,   -10.2,E,    -7.8,E,    -2.3,E,     3.6,E,     8.7,E,    13.9, ,    18.4,E,    16.0,E,    13.9,E,     7.7,E,     3.9,E,    -1.7,E,     5.3,E,    -6.2,E,     3.3,E,    16.1,E,     8.5,E
1983,    -4.7, ,    -5.8,E,     -.5, ,     5.8,E,    10.3,E,    15.2,E,    18.3,E,    17.6,E,    15.1, ,     8.7, ,     3.9, ,    -3.8,E,     6.7,E,    -4.1,E,     5.2,E,    17.0,E,     9.2, 
1984,    -8.0, ,    -2.4, ,    -3.3, ,     3.0, ,    10.2, ,    14.8, ,    19.2, ,    19.8, ,    13.1, ,     7.9,E,     3.6, ,    -2.0, ,     6.3,E,    -4.7,E,     3.3, ,    17.9, ,     8.2,E
1985,   -10.9, ,    -6.3,E,    -2.8, ,     3.1, ,     9.4, ,    14.1, ,    18.7, ,    17.3, ,    14.4, ,     8.4, ,     1.8,E,    -7.0, ,     5.0,E,    -6.4,E,     3.2, ,    16.7, ,     8.2,E
1986,    -5.2, ,    -7.9, ,    -2.9, ,     4.8, ,    10.1, ,    13.2, ,    16.2, ,    16.8, ,    11.3, ,     7.1, ,      .5, ,    -4.6, ,     5.0, ,    -6.7, ,     4.0, ,    15.4, ,     6.3, 
1987,    -8.6, ,    -9.3, ,    -3.8, ,     5.9, ,    10.2, ,    15.1, ,    18.7, ,    17.0,E,    14.6, ,     9.2, ,     1.8, ,    -4.6, ,     5.5,E,    -7.5, ,     4.1, ,    16.9,E,     8.5, 
1988,    -7.3, ,    -6.8,E,    -1.2, ,     3.3, ,    10.7, ,    13.6, ,    19.1, ,    18.5, ,    12.7, ,     7.3, ,     4.1, ,    -5.4, ,     5.7,E,    -6.2,E,     4.3, ,    17.1, ,     8.0, 
1989,    -6.2, ,    -8.6, ,    -4.9, ,     4.2, ,    13.5, ,    15.9, ,    17.6, ,    18.2, ,    13.7, ,     7.9, ,     1.6, ,   -11.8, ,     5.1, ,    -6.7, ,     4.3, ,    17.2, ,     7.7, 
1990,    -3.6, ,    -7.4, ,    -2.4, ,     4.3, ,     8.4, ,    15.9, ,    18.8, ,    19.6, ,    13.4, ,    10.7, ,     3.0, ,    -1.2, ,     6.6, ,    -7.6, ,     3.4, ,    18.1, ,     9.0, 
1991,    -9.7, ,    -5.9, ,     -.5, ,     3.8, ,    10.6, ,    14.8, ,    18.5, ,    18.3, ,    13.3, ,     9.7, ,     4.1, ,    -5.1, ,     6.0, ,    -5.6, ,     4.6, ,    17.2, ,     9.0, 
1992,    -7.6, ,    -8.1, ,    -5.2, ,     2.1, ,     9.5, ,    14.8, ,    16.0, ,    18.0, ,    14.7, ,     7.9, ,     1.1, ,    -3.0, ,     5.0, ,    -6.9, ,     2.1, ,    16.3, ,     7.9, 
1993,    -7.6, ,   -10.8, ,    -3.8, ,     4.4, ,    10.0, ,    14.2, ,    17.7, ,    18.5, ,    14.8, ,     6.8, ,     2.9, ,    -2.1, ,     5.4, ,    -7.1, ,     3.5, ,    16.8, ,     8.2, 
1994,   -11.2, ,    -9.1, ,    -1.1, ,     5.9, ,     9.6, ,    16.5, ,    20.5, ,    18.4, ,    13.3, ,     9.2, ,     4.8, ,    -3.4, ,     6.1, ,    -7.5, ,     4.8, ,    18.5, ,     9.1, 
1995,    -4.5, ,    -8.3, ,    -1.7, ,     3.1, ,     9.1, ,    15.7, ,    19.4, ,    17.5, ,    12.8, ,    11.0, ,     2.8, ,    -4.8, ,     6.0, ,    -5.4, ,     3.5, ,    17.5, ,     8.9, 
1996,    -7.2, ,    -5.3, ,    -2.6, ,     5.0, ,     8.9, ,    15.3, ,    17.7,E,    18.1, ,    14.3, ,     7.0, ,     2.1, ,      .2, ,     6.1,E,    -5.8, ,     3.8, ,    17.0,E,     7.8, 
1997,    -7.4, ,    -6.5, ,    -4.4, ,     1.8, ,     9.3, ,    14.3, ,    18.8, ,    17.8, ,    14.8, ,     6.4, ,     1.6, ,    -4.0,E,     5.2,E,    -4.6, ,     2.2, ,    17.0, ,     7.6, 
1998,    -4.9, ,    -3.8, , -9999.9,M, -9999.9,M,    12.6, ,    15.0, ,    19.4, ,    18.6,E,    14.4, ,     9.0, ,     2.3, ,    -1.8, , -9999.9,M,    -4.2,E, -9999.9,M,    17.7,E,     8.6, 
1999,    -5.5, ,    -3.4, ,     1.9, ,     4.4, ,    13.2, ,    17.5, ,    20.0, ,    18.6, ,    17.9, ,     7.8, ,     5.0, ,     -.9, ,     8.0, ,    -3.6, ,     6.5, ,    18.7, ,    10.2, 
2000,    -6.0, ,    -4.4, ,      .6, ,     5.3, ,     9.3, ,    15.0, ,    18.3, ,    18.6, ,    13.9, ,     9.5, ,     4.0, ,    -4.4, ,     6.6, ,    -3.8, ,     5.1, ,    17.3, ,     9.1, 
2001,    -7.7, ,    -6.8, ,    -1.9, ,     2.9, ,    11.3, ,    17.1, ,    18.5, ,    20.2, ,    15.6, ,    10.1,E,     4.4, ,     -.5,E,     6.9,E,    -6.3, ,     4.1, ,    18.6, ,    10.0,E
2002,    -5.3, ,    -4.7, ,     -.7, ,     4.5, ,    10.5, ,    13.9, ,    18.3, ,    18.9, ,    15.5, ,     7.2, ,     2.4, ,    -3.3, ,     6.4, ,    -3.5,E,     4.8, ,    17.0, ,     8.4, 
2003,   -10.3, ,    -8.7, ,    -2.6, ,     3.3, ,     9.3, ,    15.9, ,    19.8, ,    19.3, ,    16.4, ,     9.6, ,     4.3, ,    -1.5, ,     6.2, ,    -7.4, ,     3.3, ,    18.3, ,    10.1, 
2004,   -11.7, ,    -6.7, ,    -2.5, ,     4.2, ,     9.8, ,    13.3, ,    18.5, ,    18.7, ,    13.5, ,     9.5, ,     2.5, ,    -3.2, ,     5.5, ,    -6.6, ,     3.8, ,    16.8, ,     8.5, 
2005,    -9.6, ,    -6.1, ,    -2.1, ,     5.6, ,     8.7, ,    15.2, ,    18.0, ,    18.6, ,    15.4, ,     9.9, ,     5.1, ,    -2.8, ,     6.3, ,    -6.3, ,     4.1, ,    17.3, ,    10.1, 
2006,    -2.1, ,    -5.4, ,     -.2, ,     5.2, ,    12.2, ,    17.1, ,    20.0, ,    16.8, ,    14.3, ,     8.9, ,     6.0, ,     -.9, ,     7.7, ,    -3.4, ,     5.7, ,    18.0, ,     9.7, 
2007,    -5.3, ,    -8.5, ,    -1.3, ,     2.8, ,     9.5, ,    15.2, ,    18.7, ,    17.9, ,    14.0, ,     9.6, ,     2.5, ,    -6.6,E,     5.7,E,    -4.9, ,     3.7, ,    17.3, ,     8.7, 
2008,    -5.6, ,    -5.7, ,    -3.8, ,     4.9, ,     9.1, ,    15.4, ,    19.7, ,    17.6, ,    13.7, ,     8.2, ,     3.0, ,    -2.3, ,     6.2, ,    -6.0,E,     3.4, ,    17.6, ,     8.3, 
2009,   -10.0, ,    -6.2, ,    -3.4, ,     4.8, ,    10.7, ,    15.4, ,    17.5, ,    18.6, ,    13.1, , -9999.9,M,     4.5, ,    -2.9, , -9999.9,M,    -6.2, ,     4.0, ,    17.2, , -9999.9,M
2010,    -4.9, ,    -3.5, ,      .4, ,     6.5, ,    10.8, ,    15.2,E,    19.9, ,    18.4, ,    15.3, ,     8.5, ,     3.1, ,      .5, ,     7.5,E,    -3.8, ,     5.9, ,    17.8,E,     9.0, 
2011,    -6.7, ,    -7.7, ,    -1.4, ,     4.6, ,    10.4, ,    13.8, ,    18.0, ,    18.3, ,    15.2, ,     9.7, ,     4.5, ,     -.5, ,     6.5, ,    -4.6, ,     4.5, ,    16.7, ,     9.8, 
2012,    -5.1, ,    -6.0,E,      .3, ,     5.6, ,    11.1, ,    14.5, ,    19.1, ,    20.1, ,    15.2, ,     9.8, ,     2.6, ,    -1.6, ,     7.1,E,    -3.9,E,     5.7, ,    17.9, ,     9.2, 
