8401400,DANIELS HARBOUR,NL, station not joined, Monthly mean of homogenized daily mean temperature                     , °C,          Updated to December 2012
8401400,DANIELS HARBOUR,NL, station non-jointe, Moyenne mensuelle des températures homogénéisées moyennes quotidiennes , °C, Mise à jour jusqu à décembre 2012
Year,     Jan, ,     Feb, ,     Mar, ,     Apr, ,     May, ,     Jun, ,     Jul, ,     Aug, ,     Sep, ,     Oct, ,     Nov, ,     Dec, ,  Annual, ,  Winter, ,  Spring, ,  Summer, ,  Autumn
Year,    Janv, ,     Fév, ,    Mars, ,     Avr, ,     Mai, ,    Juin, ,    Juil, ,    Août, ,    Sept, ,     Oct, ,     Nov, ,     Déc, ,  Annuel, ,   Hiver, ,Printemp, ,     Eté, , Automne
1946, -9999.9,M, -9999.9,M, -9999.9,M, -9999.9,M, -9999.9,M, -9999.9,M, -9999.9,M, -9999.9,M, -9999.9,M, -9999.9,M,     -.2, ,    -5.2, , -9999.9,M, -9999.9,M, -9999.9,M, -9999.9,M, -9999.9,M
1947,   -10.8, ,    -4.3, ,    -2.8, ,    -2.4, ,     4.7, ,     9.2, ,    15.8, , -9999.9,M,    10.9, ,     6.3, , -9999.9,M,    -3.6, , -9999.9,M,    -6.8, ,     -.2, , -9999.9,M, -9999.9,M
1948,    -6.7, ,   -13.0, ,   -11.2, ,    -1.6, ,     5.8, ,     9.2, ,    13.4, ,    14.9, , -9999.9,M,     5.7, ,     2.5, , -9999.9,M, -9999.9,M,    -7.8, ,    -2.3, ,    12.5, , -9999.9,M
1949,    -6.5, ,   -11.3, ,    -2.3, ,      .7, ,     4.5, ,     9.4, ,    14.2, , -9999.9,M, -9999.9,M,     5.7, ,      .8, ,    -3.3, , -9999.9,M, -9999.9,M,     1.0, , -9999.9,M, -9999.9,M
1950,   -10.7, ,   -13.5, ,    -7.7, ,     -.3, , -9999.9,M,    10.7, ,    13.7, ,    14.8, ,    10.1, ,     5.1, ,     3.5, ,     -.4, , -9999.9,M,    -9.2, , -9999.9,M,    13.1, ,     6.2, 
1951, -9999.9,M, -9999.9,M,     -.9, ,     4.6, ,     5.9, ,    10.8, ,    15.1, , -9999.9,M, -9999.9,M,     5.6, ,     1.7, , -9999.9,M, -9999.9,M, -9999.9,M,     3.2, , -9999.9,M, -9999.9,M
1952, -9999.9,M, -9999.9,M,    -1.5, ,      .9, ,     7.2, ,    10.7, ,    16.3, ,    16.6, ,    12.7, ,     6.7, ,     1.7, ,    -2.8, , -9999.9,M, -9999.9,M,     2.2, ,    14.5, ,     7.0, 
1953,    -4.6, ,    -4.5, ,    -3.7, ,     4.9, ,     5.0, ,     9.5, ,    14.4, ,    14.1, ,    11.4, ,     4.9, ,     2.4, ,    -3.1, ,     4.2, ,    -4.0, ,     2.1, ,    12.7, ,     6.2, 
1954,    -9.0, ,    -3.4, ,    -3.1, ,    -1.7, ,     5.5, ,    10.9, ,    15.0, ,    13.2, ,    10.8, ,     5.2, ,     1.5, ,    -1.8, ,     3.6, ,    -5.2, ,      .2, ,    13.0, ,     5.8, 
1955,    -2.7, ,    -5.7, ,    -3.4, ,    -1.1, , -9999.9,M,    10.2, ,    13.5, , -9999.9,M,    10.4, ,     5.9, ,     1.6, ,    -4.4, , -9999.9,M,    -3.4, , -9999.9,M, -9999.9,M,     6.0, 
1956,      .2, ,    -6.0, ,    -6.0, ,     1.6, ,     3.1, ,     8.8, ,    13.7, ,    14.5, ,    10.3, ,     7.4, ,     2.4, ,    -6.4, ,     3.6, ,    -3.4, ,     -.4, ,    12.3, ,     6.7, 
1957,   -15.3, ,   -10.8, ,    -3.3, ,    -1.9, ,     2.8, ,     8.7, ,    13.9, ,    15.2, ,    11.2, ,     6.4, , -9999.9,M,    -1.3, , -9999.9,M,   -10.8, ,     -.8, ,    12.6, , -9999.9,M
1958,    -1.9, ,    -2.4, ,    -1.0, ,     2.7, ,     7.6, ,     9.9, ,    14.0, ,    15.1, ,    10.9, ,     5.2, ,     1.1, ,    -6.8, ,     4.5, ,    -1.9, ,     3.1, ,    13.0, ,     5.7, 
1959,    -6.5, ,   -14.4, ,    -9.8, ,      .2, ,     4.3, ,    10.2, ,    15.7, ,    15.4, ,    11.0, ,     5.4, ,     1.8, ,    -3.8, ,     2.5, ,    -9.2, ,    -1.8, ,    13.8, ,     6.1, 
1960,    -6.1, ,    -2.3, ,    -4.8, ,     -.4, ,     6.7, ,    11.1, ,    14.9, ,    15.3, ,    11.5, ,     6.7, ,     1.6, ,    -3.3, ,     4.2, ,    -4.1, ,      .5, ,    13.8, ,     6.6, 
1961,    -9.5, ,   -16.1, ,    -7.4, ,      .7, ,     5.8, ,    10.9, ,    14.4, ,    14.9, ,    12.3, ,     7.6, ,     4.1, ,    -1.2, ,     3.0, ,    -9.6, ,     -.3, ,    13.4, ,     8.0, 
1962,    -7.5, ,   -10.9, ,     -.9, ,      .0, ,     4.4, ,     8.7, ,    13.1, ,    14.0, ,    10.4, ,     6.3, ,     3.1, ,    -3.9, ,     3.1, ,    -6.5, ,     1.2, ,    11.9, ,     6.6, 
1963,    -3.4, ,    -7.6, ,    -7.0, ,      .2, ,     6.6, ,     8.9, ,    14.4, ,    13.6, ,     9.7, ,     6.8, ,     3.0, ,    -4.5, ,     3.4, ,    -5.0, ,     -.1, ,    12.3, ,     6.5, 
1964,    -8.5, ,    -5.4, ,    -6.9, ,     -.6, ,     4.3, ,     8.8, ,    12.8, ,    13.4, ,    10.8, ,     5.9, ,      .3, ,    -3.2, ,     2.6, ,    -6.1, ,    -1.1, ,    11.7, ,     5.7, 
1965,    -6.4, ,    -8.1, ,    -3.3, ,     -.8, ,     3.3, ,    10.3, ,    14.0, ,    14.6, ,    10.4, ,     5.0, ,      .3, ,    -4.2, ,     2.9, ,    -5.9, ,     -.3, ,    13.0, ,     5.2, 
1966,    -5.1, ,    -7.4, ,    -1.2, ,      .6, ,     4.7, ,     9.6, ,    15.1, ,    14.8, ,    10.4, ,     7.0, ,     3.6, ,    -2.2, ,     4.2, ,    -5.6, ,     1.4, ,    13.2, ,     7.0, 
1967,    -6.7, ,    -9.5, ,    -8.5, ,    -3.0, ,     4.9, ,    10.0, ,    15.9, ,    17.5, ,    11.7, ,     7.1, ,     3.5, ,    -2.6, ,     3.4, ,    -6.1, ,    -2.2, ,    14.5, ,     7.4, 
1968,    -7.2, ,    -6.3, ,    -4.2, ,     2.0, ,     4.4, ,     8.1, ,    13.6, ,    12.1, ,    11.7, ,     7.8, ,     -.5, ,    -1.9, ,     3.3, ,    -5.4, ,      .7, ,    11.3, ,     6.3, 
1969,    -2.5, ,    -2.2, ,    -2.2, ,    -1.7, ,     4.5, ,    10.1, ,    13.7, ,    14.7, ,     9.7, ,     3.9, ,     4.0, ,     1.4, ,     4.5, ,    -2.2, ,      .2, ,    12.8, ,     5.9, 
1970,    -7.2, ,    -4.5, ,    -2.3, ,     -.3, ,     5.0, ,     9.4, ,    14.6, ,    15.6, ,     9.7, ,     6.9, ,     3.4, ,    -6.1, ,     3.7, ,    -3.4, ,      .8, ,    13.2, ,     6.7, 
1971,    -7.1, ,    -8.2, ,    -2.1, ,     3.2, ,     7.6, ,     9.8, ,    14.1, ,    15.4, ,    11.1, ,     5.6, ,     2.4, ,    -7.9, ,     3.7, ,    -7.1, ,     2.9, ,    13.1, ,     6.4, 
1972,    -9.4, ,   -11.9, ,    -7.7, ,    -2.2, ,     1.8, ,    10.3, ,    13.7, ,    13.5, ,    10.8, ,     4.8, ,     -.5, ,   -11.1, ,     1.0, ,    -9.7, ,    -2.7, ,    12.5, ,     5.0, 
1973,   -11.3, ,    -8.3, ,    -6.7, ,     -.1, ,     5.5, ,     9.2, ,    15.8, ,    13.8, ,    11.5, ,     5.0, ,      .8, ,     -.3, ,     2.9, ,   -10.2, ,     -.4, ,    12.9, ,     5.8, 
1974,   -13.4, ,    -9.1, ,    -8.1, ,    -1.7, ,     2.1, ,     7.8, ,    12.2, ,    13.6, ,    10.9, ,     4.7, ,      .7, ,    -3.4, ,     1.4, ,    -7.6, ,    -2.6, ,    11.2, ,     5.4, 
1975,   -10.1, ,   -12.6, ,    -4.4, ,      .3, ,     3.9, ,     9.6, ,    16.4, ,    14.3, ,    12.0, ,     5.3, ,      .7, ,    -4.6, ,     2.6, ,    -8.7, ,     -.1, ,    13.4, ,     6.0, 
1976,    -7.1, ,    -9.3, ,    -7.2, ,      .7, ,     5.7, ,     8.4, ,    14.3, ,    14.9, ,    12.0, ,     5.3, ,      .3, ,    -6.0, ,     2.7, ,    -7.0, ,     -.3, ,    12.5, ,     5.9, 
1977,    -6.3, ,    -9.3, ,    -3.3, ,     -.5, ,     4.3, ,    12.6, ,    13.9, ,    14.4, ,     9.4, ,     6.5, ,     3.9, ,    -3.9, ,     3.5, ,    -7.2, ,      .2, ,    13.6, ,     6.6, 
1978,    -7.2, ,    -5.5, ,    -7.3, ,     -.7, ,     4.5, ,    10.5, ,    14.7, ,    14.0, ,     8.5, ,     5.8, ,    -1.5, ,    -4.7, ,     2.6, ,    -5.5, ,    -1.2, ,    13.1, ,     4.3, 
1979,    -4.0, ,   -10.0, ,    -1.0, ,     1.8, ,     7.2, ,    12.2, ,    14.6, ,    13.9, ,    10.4, ,     5.6, ,     1.9, ,    -3.4, ,     4.1, ,    -6.2, ,     2.7, ,    13.6, ,     6.0, 
1980,    -6.4, ,    -8.4, ,    -4.2, ,     2.1, ,     4.4, ,     9.2, ,    13.5, ,    12.7, ,     9.6, ,     5.6, ,     2.4, ,    -4.8, ,     3.0, ,    -6.1, ,      .8, ,    11.8, ,     5.9, 
1981,    -5.2, ,    -2.3, ,    -1.1, ,     1.6, ,     7.0, ,     9.9, ,    14.2, ,    14.0, ,    12.1, ,     5.8, ,     1.8, ,     -.8, ,     4.8, ,    -4.1, ,     2.5, ,    12.7, ,     6.6, 
1982,    -6.5, ,   -12.5, ,    -7.5, ,     -.1, ,     4.7, ,     9.2, ,    13.9, ,    14.6, ,    10.4, ,     3.4, ,     1.6, ,    -5.3, ,     2.2, ,    -6.6, ,    -1.0, ,    12.6, ,     5.1, 
1983,    -6.3, ,    -6.8, ,    -2.5, ,     4.7, ,     6.2, ,    10.8, ,    15.3, ,    13.6, ,    11.9, ,     6.7, ,     1.3, ,    -4.6, ,     4.2, ,    -6.1, ,     2.8, ,    13.2, ,     6.6, 
1984,    -9.6, ,    -6.6, ,    -5.0, ,     -.2, ,     7.4, ,     8.1, ,    15.5, ,    15.6, ,    10.6, ,     4.6, ,     1.0, ,    -5.1, ,     3.0, ,    -6.9, ,      .7, ,    13.1, ,     5.4, 
1985,    -7.9, ,    -8.5, ,    -6.6, ,    -2.1, ,     3.4, ,     9.2, ,    14.6, ,    14.6, ,    11.1, ,     4.3, ,     -.8, ,    -5.1, ,     2.2, ,    -7.2, ,    -1.8, ,    12.8, ,     4.9, 
1986,    -6.0, ,    -9.3, ,    -7.6, ,     1.8, ,     5.4, ,     9.2, ,    12.3, ,    14.5, ,     8.7, ,     3.4, ,    -1.9, ,    -5.2, ,     2.1, ,    -6.8, ,     -.1, ,    12.0, ,     3.4, 
1987,    -9.7, ,    -6.4, ,    -5.2, ,     2.0, ,     5.3, ,     9.7, ,    14.3, ,    14.5, ,    10.5, ,     7.8, ,      .3, ,    -3.3, ,     3.3, ,    -7.1, ,      .7, ,    12.8, ,     6.2, 
1988,    -6.9, ,    -9.8, ,    -3.1, ,     2.4, ,     6.3, , -9999.9,M, -9999.9,M, -9999.9,M,    10.2, ,     6.0, ,     2.2, ,    -6.2, , -9999.9,M,    -6.7, ,     1.9, , -9999.9,M,     6.1, 
1989,   -10.6, ,   -11.9, ,    -8.3, ,     1.2, ,     7.0, ,    11.1, ,    15.1, ,    15.7, ,    11.8, ,     5.4, ,      .6, ,    -6.3, ,     2.6, ,    -9.6, ,      .0, ,    14.0, ,     5.9, 
1990,   -10.1, ,   -15.9, ,    -9.3, ,      .1, ,     4.4, ,    10.0, ,    13.3, ,    16.1, ,    12.0, ,     6.9, ,      .5, ,    -4.1, ,     2.0, ,   -10.8, ,    -1.6, ,    13.1, ,     6.5, 
1991,   -14.3, ,   -11.2, ,    -3.4, ,    -2.0, ,     4.1, ,     7.7, ,    12.1, ,    13.2, ,    10.3, ,     7.0, ,     2.4, ,    -8.0, ,     1.5, ,    -9.9, ,     -.4, ,    11.0, ,     6.6, 
1992,    -8.3, ,   -12.1, ,    -7.3, ,    -1.8, ,     4.5, ,    10.2, ,    10.9, ,    13.8, ,    11.8, ,     6.2, ,    -1.6, ,    -6.1, ,     1.7, ,    -9.5, ,    -1.5, ,    11.6, ,     5.5, 
1993,   -10.5, ,   -13.1, ,    -7.4, ,      .3, ,     5.1, ,     8.7, ,    11.2, ,    13.4, ,    11.0, ,     5.3, ,      .5, ,    -2.1, ,     1.9, ,    -9.9, ,     -.7, ,    11.1, ,     5.6, 
1994,    -9.1, ,   -13.2, ,    -5.0, ,     -.1, ,     4.8, ,    10.5, ,    14.7, ,    15.8, ,    10.5, ,     6.5, ,     1.9, ,    -4.9, ,     2.7, ,    -8.1, ,     -.1, ,    13.7, ,     6.3, 
1995,    -8.7, ,   -11.6, ,    -5.5, ,      .5, ,     5.1, ,    10.6, ,    14.7, ,    13.8, ,    10.4, ,     7.9, ,     2.2, ,    -4.1, ,     2.9, ,    -8.4, ,      .0, ,    13.0, ,     6.8, 
1996,    -8.2, ,    -4.3, ,    -3.5, ,     3.5,E,     5.9, ,    10.0, ,    14.4,E,    16.7,E,     9.9,E,     5.9,E, -9999.9,M, -9999.9,M, -9999.9,M,    -5.5, ,     2.0,E,    13.7,E, -9999.9,M
1997, -9999.9,M,   -10.6, ,    -8.2, , -9999.9,M, -9999.9,M, -9999.9,M, -9999.9,M,    13.6,E, -9999.9,M, -9999.9,M,     1.5, ,    -1.2, , -9999.9,M, -9999.9,M, -9999.9,M, -9999.9,M, -9999.9,M
1998,    -6.1, , -9999.9,M, -9999.9,M, -9999.9,M,     6.9, ,    10.7, ,    15.7,E,    14.9, ,    11.8, , -9999.9,M, -9999.9,M,    -3.8, , -9999.9,M, -9999.9,M, -9999.9,M,    13.8,E, -9999.9,M
1999,    -6.6,E, -9999.9,M,      .4, ,     1.4, , -9999.9,M, -9999.9,M, -9999.9,M, -9999.9,M, -9999.9,M,     5.2, ,     1.8, ,    -2.3, , -9999.9,M, -9999.9,M, -9999.9,M, -9999.9,M, -9999.9,M
2000,    -5.5,E, -9999.9,M,    -2.3,E,     1.7,E,     4.9, ,    10.3, ,    14.5, ,    16.3,E,    12.2, ,     5.9, ,     1.9, ,    -3.4, , -9999.9,M, -9999.9,M,     1.4,E,    13.7,E,     6.7, 
2001,    -7.7, ,    -7.7, ,    -3.9, ,     -.6, ,     6.3, ,    11.7, ,    14.8, ,    16.1,E,    12.8, ,     8.3, ,     1.9, ,     -.4, ,     4.3,E,    -6.3, ,      .6, ,    14.2,E,     7.7, 
2002,    -9.5, ,    -9.8, ,    -5.6, ,      .1,E,     4.8, ,     9.5, ,    14.4, ,    15.2, ,    10.9, ,     5.1, ,     -.1, ,    -3.5, ,     2.6,E,    -6.6, ,     -.2,E,    13.0, ,     5.3, 
2003,    -6.6,E,   -10.4, ,    -8.7, ,    -1.4, ,     5.6, ,    10.5, ,    15.1, ,    14.9, ,    14.4, ,     9.7, ,     2.7,E,     -.9, ,     3.7,E,    -6.8,E,    -1.5, ,    13.5, ,     8.9,E
2004,    -6.2, ,    -5.8, ,    -5.2, ,     1.8, ,     5.3, ,     8.1, ,    15.3, ,    17.1, ,     9.7, ,     7.5, ,     1.4, ,    -3.2, ,     3.8, ,    -4.3, ,      .6, ,    13.5, ,     6.2, 
2005,    -9.2, ,    -5.9, ,    -3.4,E,     1.7, ,     7.6, ,    10.6, ,    15.2, ,    15.3, ,    11.5, ,     7.0,E,     3.5, ,    -1.5, ,     4.4,E,    -6.1, ,     2.0,E,    13.7, ,     7.3,E
2006,    -4.3,E,    -7.1, ,    -2.8, ,     3.2, ,     7.7, ,    13.7, ,    15.9, ,    14.7, ,    12.2, ,     7.0, ,     3.2, ,    -3.2, ,     5.0,E,    -4.3,E,     2.7, ,    14.8, ,     7.5, 
2007,    -6.0, ,    -7.8, ,    -6.2, ,     -.7, ,     4.1, ,    11.5, ,    15.7, ,    15.1, ,    11.6, ,     6.5, ,     2.6, ,    -6.5, ,     3.3, ,    -5.7, ,     -.9, ,    14.1, ,     6.9, 
2008,    -7.1, ,    -7.8, ,    -7.9, ,     1.1,E,     7.0, ,    10.3, ,    16.6, ,    16.0, ,    13.0, ,     7.2, ,     3.8, ,    -3.7, ,     4.0,E,    -7.1, ,      .1,E,    14.3, ,     8.0, 
2009,    -7.7, ,    -5.9, ,    -6.0, ,     1.0, ,     5.4, ,    12.0, , -9999.9,M,    14.9, , -9999.9,M, -9999.9,M,     2.5, ,    -2.4, , -9999.9,M,    -5.8, ,      .1, , -9999.9,M, -9999.9,M
2010,    -4.6, ,    -2.7, ,    -1.8,E,     4.0,E,     5.3, ,    10.2,E, -9999.9,M, -9999.9,M, -9999.9,M,     7.1,E,     3.1, ,     2.8, , -9999.9,M,    -3.2, ,     2.5,E, -9999.9,M, -9999.9,M
2011,    -3.5, ,    -7.5, ,    -3.8, ,      .4, ,     6.5, ,    11.1, ,    13.7, ,    16.0, ,    12.1, ,     6.4, ,     2.0, ,    -3.0, ,     4.2, ,    -2.7, ,     1.0, ,    13.6, ,     6.8, 
2012,    -5.7, ,    -5.7, ,    -5.7, ,     2.6, ,     7.7, ,    11.0,E,    16.5, ,    17.6, ,    14.7, ,     8.9, ,     2.7, ,    -1.6, ,     5.3,E,    -4.8, ,     1.5, ,    15.0,E,     8.8, 
