8402975,PORT AUXBASQUES,NL, station not joined, Monthly mean of homogenized daily mean temperature                     , °C,          Updated to December 2012
8402975,PORT AUXBASQUES,NL, station non-jointe, Moyenne mensuelle des températures homogénéisées moyennes quotidiennes , °C, Mise à jour jusqu à décembre 2012
Year,     Jan, ,     Feb, ,     Mar, ,     Apr, ,     May, ,     Jun, ,     Jul, ,     Aug, ,     Sep, ,     Oct, ,     Nov, ,     Dec, ,  Annual, ,  Winter, ,  Spring, ,  Summer, ,  Autumn
Year,    Janv, ,     Fév, ,    Mars, ,     Avr, ,     Mai, ,    Juin, ,    Juil, ,    Août, ,    Sept, ,     Oct, ,     Nov, ,     Déc, ,  Annuel, ,   Hiver, ,Printemp, ,     Eté, , Automne
1909, -9999.9,M, -9999.9,M,    -2.0, ,     1.1, ,     5.3, ,     9.8, ,    13.0, ,    14.4, ,    12.8, ,     9.2, ,     3.4, ,      .3, , -9999.9,M, -9999.9,M,     1.5, ,    12.4, ,     8.5, 
1910,    -2.8, ,    -5.3, ,    -2.7, ,     1.4, ,     6.6, ,     9.1, ,    14.0, ,    15.1, ,    12.3, ,     6.5, ,     4.1, ,    -2.1, ,     4.7, ,    -2.6, ,     1.8, ,    12.7, ,     7.6, 
1911,    -6.3, ,    -9.4, ,    -5.9, ,      .0, ,     4.9, ,     9.6, ,    15.4, ,    14.8, ,    11.0, ,     5.0, ,      .9, ,    -3.1, ,     3.1, ,    -5.9, ,     -.3, ,    13.3, ,     5.6, 
1912,    -7.7, ,    -6.6, ,    -4.7, ,    -1.4, ,     4.8, ,     9.0, ,    12.8, ,    13.8, ,     9.8, ,     5.8, ,     2.9, ,    -2.1, ,     3.0, ,    -5.8, ,     -.4, ,    11.9, ,     6.2, 
1913,    -5.1, ,    -9.5, ,    -3.4, ,     1.1, ,     4.6, ,     7.9, ,    12.1, ,    13.9, ,    11.1, ,    10.3, ,     2.0, ,    -1.2, ,     3.7, ,    -5.6, ,      .8, ,    11.3, ,     7.8, 
1914,    -6.0, ,   -11.7, ,    -2.2, ,    -2.0, ,     4.1, ,     7.0, ,    12.4, ,    14.3, ,    11.2, ,     5.5, ,     1.1, ,    -4.0, ,     2.5, ,    -6.3, ,      .0, ,    11.2, ,     5.9, 
1915,    -5.4, ,    -5.8, ,    -1.3, ,     1.0, ,     5.1, ,     8.3, ,    12.4, ,    13.6, ,    11.2, ,     7.0, ,     4.6, ,      .4, ,     4.3, ,    -5.1, ,     1.6, ,    11.4, ,     7.6, 
1916,    -5.8, ,    -7.8, ,    -5.7, ,     2.1, ,     5.8, ,    10.4, ,    13.8, ,    15.0, ,    12.2, ,     7.6, ,      .7, ,     1.1, ,     4.1, ,    -4.4, ,      .7, ,    13.1, ,     6.8, 
1917,    -6.5, ,    -8.5, ,    -5.7, ,     3.2, ,     4.6, ,    10.2, ,    14.4, ,    16.8, ,    11.6, ,     7.9, ,     2.4, ,    -2.4, ,     4.0, ,    -4.6, ,      .7, ,    13.8, ,     7.3, 
1918,    -3.6, ,    -8.4, ,    -7.5, ,      .3, ,     4.0, ,     7.9, ,    13.4, ,    13.3, ,    12.0, ,     6.7, ,     1.8, ,    -3.5, ,     3.0, ,    -4.8, ,    -1.1, ,    11.5, ,     6.8, 
1919,    -4.5, ,    -3.4, ,    -2.3, ,     2.1, ,     5.3, ,     9.8, ,    12.3, ,    14.4, ,    11.6, ,     5.0, ,     2.2, ,    -4.3, ,     4.0, ,    -3.8, ,     1.7, ,    12.2, ,     6.3, 
1920,   -10.6, ,    -5.8, ,    -3.8, ,      .6, ,     5.2, ,    10.3, ,    14.5, ,    17.2, ,    12.4, ,     8.3, ,      .4, ,    -2.3, ,     3.9, ,    -6.9, ,      .7, ,    14.0, ,     7.0, 
1921,    -6.5, ,    -8.3, ,    -3.7, ,      .5, ,     6.6, ,     9.7, ,    15.1, ,    14.0, ,    11.3, ,     6.7, ,      .2, ,    -2.4, ,     3.6, ,    -5.7, ,     1.1, ,    12.9, ,     6.1, 
1922,    -5.8, ,    -9.5, ,    -4.8, ,     1.6, ,     4.9, ,     9.9, ,    13.6, ,    15.8, ,    11.2, ,     5.8, ,     1.1, ,    -5.8, ,     3.2, ,    -5.9, ,      .6, ,    13.1, ,     6.0, 
1923,    -7.4, ,   -13.4, ,    -8.3, ,     -.8, ,     4.7, ,     8.2, ,    12.8, ,    11.8, ,    11.1, ,     8.2, ,     4.5, ,      .7, ,     2.7, ,    -8.9, ,    -1.5, ,    10.9, ,     7.9, 
1924,    -6.1, ,    -7.9, ,      .9, ,     1.4, ,     5.7, ,    10.3, ,    15.3, ,    16.2, ,    12.7, ,     7.4, ,     3.2, ,    -4.7, ,     4.5, ,    -4.4, ,     2.7, ,    13.9, ,     7.8, 
1925,   -10.5, ,    -4.9, ,    -1.9, ,     1.3, ,     5.4, ,     9.0, ,    14.2, ,    15.7, ,    10.9, ,     4.7, ,     1.3, ,    -3.3, ,     3.5, ,    -6.7, ,     1.6, ,    13.0, ,     5.6, 
1926,    -6.4, ,    -8.0, ,    -5.1, ,    -1.5, ,     4.1, ,     9.4, ,    13.2, ,    13.7, ,    12.1, ,     8.4, ,     2.7, ,    -2.2, ,     3.4, ,    -5.9, ,     -.8, ,    12.1, ,     7.7, 
1927,    -3.1, ,    -9.6, ,    -4.3, ,      .0, ,     4.4, ,     9.1, ,    14.5, ,    15.3, ,    11.5, ,     8.6, ,     3.4, ,    -1.4, ,     4.0, ,    -5.0, ,      .0, ,    13.0, ,     7.8, 
1928,    -5.8, ,    -8.4, ,    -4.6, ,     -.1, ,     7.0, ,    10.3, ,    14.5, ,    15.1, ,    11.6, ,     6.3, ,     1.3, ,     -.3, ,     3.9, ,    -5.2, ,      .8, ,    13.3, ,     6.4, 
1929,    -5.0, ,    -6.6, ,    -5.1, ,    -1.2, ,     4.2, ,     9.6, ,    14.3, ,    15.2, ,    13.0, ,     8.4, ,     1.3, ,    -5.4, ,     3.6, ,    -4.0, ,     -.7, ,    13.0, ,     7.6, 
1930,    -7.5, ,    -8.4, ,    -3.3, ,      .0, , -9999.9,M,    12.4, , -9999.9,M, -9999.9,M, -9999.9,M, -9999.9,M, -9999.9,M, -9999.9,M, -9999.9,M,    -7.1, , -9999.9,M, -9999.9,M, -9999.9,M
1931, -9999.9,M, -9999.9,M, -9999.9,M, -9999.9,M, -9999.9,M, -9999.9,M, -9999.9,M, -9999.9,M, -9999.9,M, -9999.9,M, -9999.9,M, -9999.9,M, -9999.9,M, -9999.9,M, -9999.9,M, -9999.9,M, -9999.9,M
1932, -9999.9,M, -9999.9,M, -9999.9,M, -9999.9,M, -9999.9,M, -9999.9,M, -9999.9,M, -9999.9,M, -9999.9,M, -9999.9,M, -9999.9,M, -9999.9,M, -9999.9,M, -9999.9,M, -9999.9,M, -9999.9,M, -9999.9,M
1933, -9999.9,M, -9999.9,M, -9999.9,M, -9999.9,M, -9999.9,M, -9999.9,M, -9999.9,M, -9999.9,M, -9999.9,M, -9999.9,M, -9999.9,M, -9999.9,M, -9999.9,M, -9999.9,M, -9999.9,M, -9999.9,M, -9999.9,M
1934, -9999.9,M, -9999.9,M, -9999.9,M, -9999.9,M, -9999.9,M, -9999.9,M, -9999.9,M, -9999.9,M, -9999.9,M, -9999.9,M, -9999.9,M, -9999.9,M, -9999.9,M, -9999.9,M, -9999.9,M, -9999.9,M, -9999.9,M
1935, -9999.9,M, -9999.9,M, -9999.9,M, -9999.9,M, -9999.9,M, -9999.9,M, -9999.9,M, -9999.9,M, -9999.9,M, -9999.9,M, -9999.9,M, -9999.9,M, -9999.9,M, -9999.9,M, -9999.9,M, -9999.9,M, -9999.9,M
1936, -9999.9,M, -9999.9,M, -9999.9,M, -9999.9,M, -9999.9,M, -9999.9,M, -9999.9,M, -9999.9,M, -9999.9,M, -9999.9,M, -9999.9,M, -9999.9,M, -9999.9,M, -9999.9,M, -9999.9,M, -9999.9,M, -9999.9,M
1937, -9999.9,M, -9999.9,M, -9999.9,M, -9999.9,M, -9999.9,M, -9999.9,M, -9999.9,M, -9999.9,M, -9999.9,M, -9999.9,M, -9999.9,M, -9999.9,M, -9999.9,M, -9999.9,M, -9999.9,M, -9999.9,M, -9999.9,M
1938, -9999.9,M, -9999.9,M, -9999.9,M, -9999.9,M, -9999.9,M, -9999.9,M, -9999.9,M, -9999.9,M, -9999.9,M, -9999.9,M, -9999.9,M, -9999.9,M, -9999.9,M, -9999.9,M, -9999.9,M, -9999.9,M, -9999.9,M
1939, -9999.9,M, -9999.9,M, -9999.9,M, -9999.9,M, -9999.9,M, -9999.9,M, -9999.9,M, -9999.9,M, -9999.9,M, -9999.9,M, -9999.9,M, -9999.9,M, -9999.9,M, -9999.9,M, -9999.9,M, -9999.9,M, -9999.9,M
1940, -9999.9,M, -9999.9,M, -9999.9,M, -9999.9,M, -9999.9,M, -9999.9,M, -9999.9,M, -9999.9,M, -9999.9,M, -9999.9,M, -9999.9,M, -9999.9,M, -9999.9,M, -9999.9,M, -9999.9,M, -9999.9,M, -9999.9,M
1941, -9999.9,M, -9999.9,M, -9999.9,M, -9999.9,M, -9999.9,M, -9999.9,M, -9999.9,M, -9999.9,M, -9999.9,M, -9999.9,M, -9999.9,M, -9999.9,M, -9999.9,M, -9999.9,M, -9999.9,M, -9999.9,M, -9999.9,M
1942, -9999.9,M, -9999.9,M, -9999.9,M, -9999.9,M, -9999.9,M, -9999.9,M, -9999.9,M, -9999.9,M, -9999.9,M, -9999.9,M, -9999.9,M, -9999.9,M, -9999.9,M, -9999.9,M, -9999.9,M, -9999.9,M, -9999.9,M
1943, -9999.9,M, -9999.9,M, -9999.9,M, -9999.9,M, -9999.9,M, -9999.9,M, -9999.9,M, -9999.9,M, -9999.9,M, -9999.9,M, -9999.9,M, -9999.9,M, -9999.9,M, -9999.9,M, -9999.9,M, -9999.9,M, -9999.9,M
1944, -9999.9,M, -9999.9,M, -9999.9,M, -9999.9,M, -9999.9,M, -9999.9,M, -9999.9,M, -9999.9,M, -9999.9,M, -9999.9,M, -9999.9,M, -9999.9,M, -9999.9,M, -9999.9,M, -9999.9,M, -9999.9,M, -9999.9,M
1945, -9999.9,M, -9999.9,M, -9999.9,M, -9999.9,M, -9999.9,M, -9999.9,M, -9999.9,M, -9999.9,M, -9999.9,M, -9999.9,M, -9999.9,M, -9999.9,M, -9999.9,M, -9999.9,M, -9999.9,M, -9999.9,M, -9999.9,M
1946, -9999.9,M, -9999.9,M, -9999.9,M, -9999.9,M, -9999.9,M, -9999.9,M, -9999.9,M, -9999.9,M, -9999.9,M, -9999.9,M, -9999.9,M, -9999.9,M, -9999.9,M, -9999.9,M, -9999.9,M, -9999.9,M, -9999.9,M
1947, -9999.9,M, -9999.9,M, -9999.9,M, -9999.9,M, -9999.9,M, -9999.9,M, -9999.9,M, -9999.9,M, -9999.9,M, -9999.9,M, -9999.9,M, -9999.9,M, -9999.9,M, -9999.9,M, -9999.9,M, -9999.9,M, -9999.9,M
1948, -9999.9,M, -9999.9,M, -9999.9,M, -9999.9,M, -9999.9,M, -9999.9,M, -9999.9,M, -9999.9,M, -9999.9,M, -9999.9,M, -9999.9,M, -9999.9,M, -9999.9,M, -9999.9,M, -9999.9,M, -9999.9,M, -9999.9,M
1949, -9999.9,M, -9999.9,M, -9999.9,M, -9999.9,M, -9999.9,M, -9999.9,M, -9999.9,M, -9999.9,M, -9999.9,M, -9999.9,M, -9999.9,M, -9999.9,M, -9999.9,M, -9999.9,M, -9999.9,M, -9999.9,M, -9999.9,M
1950, -9999.9,M, -9999.9,M, -9999.9,M, -9999.9,M, -9999.9,M, -9999.9,M, -9999.9,M, -9999.9,M, -9999.9,M, -9999.9,M, -9999.9,M, -9999.9,M, -9999.9,M, -9999.9,M, -9999.9,M, -9999.9,M, -9999.9,M
1951, -9999.9,M, -9999.9,M, -9999.9,M, -9999.9,M, -9999.9,M, -9999.9,M, -9999.9,M, -9999.9,M, -9999.9,M, -9999.9,M, -9999.9,M, -9999.9,M, -9999.9,M, -9999.9,M, -9999.9,M, -9999.9,M, -9999.9,M
1952, -9999.9,M, -9999.9,M, -9999.9,M, -9999.9,M, -9999.9,M, -9999.9,M, -9999.9,M, -9999.9,M, -9999.9,M, -9999.9,M, -9999.9,M, -9999.9,M, -9999.9,M, -9999.9,M, -9999.9,M, -9999.9,M, -9999.9,M
1953, -9999.9,M, -9999.9,M, -9999.9,M, -9999.9,M, -9999.9,M, -9999.9,M, -9999.9,M, -9999.9,M, -9999.9,M, -9999.9,M, -9999.9,M, -9999.9,M, -9999.9,M, -9999.9,M, -9999.9,M, -9999.9,M, -9999.9,M
1954, -9999.9,M, -9999.9,M, -9999.9,M, -9999.9,M, -9999.9,M, -9999.9,M, -9999.9,M, -9999.9,M, -9999.9,M, -9999.9,M, -9999.9,M, -9999.9,M, -9999.9,M, -9999.9,M, -9999.9,M, -9999.9,M, -9999.9,M
1955, -9999.9,M, -9999.9,M, -9999.9,M, -9999.9,M, -9999.9,M, -9999.9,M, -9999.9,M, -9999.9,M,    11.7, ,     7.9, ,     3.2, ,    -2.7, , -9999.9,M, -9999.9,M, -9999.9,M, -9999.9,M,     7.6, 
1956,      .8, ,    -4.1, ,    -3.8, ,     1.8, ,     3.2, ,     8.2, ,    12.5, ,    14.9, ,    11.6, ,     7.7, ,     4.0, ,    -2.2, ,     4.6, ,    -2.0, ,      .4, ,    11.9, ,     7.8, 
1957,    -8.3, ,    -6.8, ,    -1.9, ,      .2, ,     3.8, ,     7.8, ,    12.1, ,    14.3, ,    11.1, ,     6.9, ,     3.2, ,      .5, ,     3.6, ,    -5.8, ,      .7, ,    11.4, ,     7.1, 
1958,     -.7, ,    -1.3, ,     1.2, ,     2.5, ,     6.1, ,     9.4, ,    13.1, ,    14.5, ,    11.1, ,     5.9, ,     2.7, ,    -5.1, ,     5.0, ,     -.5, ,     3.3, ,    12.3, ,     6.6, 
1959,    -5.0, ,   -10.5, ,    -5.2, ,     1.0, ,     4.9, ,     8.4, ,    13.5, ,    15.0, ,    11.9, ,     6.4, ,     3.3, ,    -1.0, ,     3.6, ,    -6.9, ,      .2, ,    12.3, ,     7.2, 
1960,    -2.9, ,    -1.1, ,    -1.8, ,      .9, ,     7.1, ,    10.5, ,    14.0, ,    15.3, ,    10.9, ,     6.8, ,     2.7, ,    -1.3, ,     5.1, ,    -1.7, ,     2.1, ,    13.3, ,     6.8, 
1961,    -7.0, ,    -8.9, ,    -3.8, ,     1.4, ,     4.2, ,     8.8, ,    13.3, ,    14.4, ,    13.1, ,     8.6, ,     5.7, ,     -.1, ,     4.1, ,    -5.7, ,      .6, ,    12.2, ,     9.1, 
1962,    -5.0, ,    -7.5, ,      .3, ,     1.3, ,     4.8, ,     8.2, ,    11.6, ,    14.2, ,    11.7, ,     7.8, ,     4.8, ,    -1.3, ,     4.2, ,    -4.2, ,     2.1, ,    11.3, ,     8.1, 
1963,    -1.1, ,    -6.4, ,    -4.6, ,      .8, ,     5.1, ,     8.8, ,    13.5, ,    14.2, ,    10.9, ,     8.2, ,     4.5, ,    -2.7, ,     4.3, ,    -2.9, ,      .4, ,    12.2, ,     7.9, 
1964,    -4.9, ,    -4.0, ,    -3.5, ,      .8, ,     4.3, ,     8.5, ,    12.2, ,    14.1, ,    10.9, ,     6.9, ,     1.7, ,    -2.1, ,     3.7, ,    -3.9, ,      .5, ,    11.6, ,     6.5, 
1965,    -4.3, ,    -5.7, ,    -1.9, ,      .2, ,     4.4, ,     8.7, ,    12.6, ,    15.0, ,    10.4, ,     5.7, ,     1.2, ,    -2.0, ,     3.7, ,    -4.0, ,      .9, ,    12.1, ,     5.8, 
1966,    -2.7, ,    -4.9, ,     -.5, ,     1.6, ,     4.5, ,     8.4, ,    12.8, ,    15.1, ,    10.9, ,     6.7, ,     4.5, ,      .7, ,     4.8, ,    -3.2, ,     1.9, ,    12.1, ,     7.4, 
1967,    -3.2, ,    -6.1, ,    -5.7, ,     -.7, ,     3.6, ,     8.9, ,    14.8, ,    16.4, ,    12.4, ,     7.8, ,     4.8, ,     -.5, ,     4.4, ,    -2.9, ,     -.9, ,    13.4, ,     8.3, 
1968,    -4.2, ,    -5.7, ,    -2.6, ,     1.5, ,     4.8, ,     8.4, ,    13.4, ,    12.5, ,    12.8, ,     8.9, ,     2.2, ,      .3, ,     4.4, ,    -3.5, ,     1.2, ,    11.4, ,     8.0, 
1969,    -1.6, ,    -1.5, ,    -1.2, ,     -.1, ,     4.6, ,     9.8, ,    12.4, ,    14.8, ,    11.3, ,     5.8, ,     4.3, ,     2.3, ,     5.1, ,     -.9, ,     1.1, ,    12.3, ,     7.1, 
1970,    -5.5, ,    -3.6, ,    -1.3, ,      .8, ,     5.7, ,     9.5, ,    14.1, ,    17.0, ,    10.7, ,     8.6, ,     5.3, ,    -2.6, ,     4.9, ,    -2.3, ,     1.7, ,    13.5, ,     8.2, 
1971,    -4.6, ,    -5.4, ,    -1.4, ,     2.4, ,     5.5, ,     9.4, ,    13.2, ,    15.2, ,    11.6, ,     6.7, ,     3.5, ,    -3.1, ,     4.4, ,    -4.2, ,     2.2, ,    12.6, ,     7.3, 
1972,    -5.2, ,    -9.3, ,    -4.8, ,     -.7, ,     3.0, ,     9.0, ,    13.4, ,    13.2, ,    10.8, ,     6.1, ,     1.4, ,    -5.4, ,     2.6, ,    -5.9, ,     -.8, ,    11.9, ,     6.1, 
1973,    -5.0, ,    -4.9, ,    -3.2, ,      .4, ,     4.6, ,     8.7, ,    14.5, ,    14.6, ,    11.0, ,     6.5, ,     1.9, ,      .3, ,     4.1, ,    -5.1, ,      .6, ,    12.6, ,     6.5, 
1974,    -7.3, ,    -7.4, ,    -5.4, ,     -.2, ,     3.3, ,     8.5, ,    11.9, ,    14.3, ,    11.2, ,     5.3, ,     2.2, ,     -.9, ,     3.0, ,    -4.8, ,     -.8, ,    11.6, ,     6.2, 
1975,    -5.6, ,    -9.6, ,    -3.4, ,     -.1, ,     5.1, ,     9.7, ,    15.0, ,    15.1, ,    12.8, ,     6.6, ,     2.4, ,    -2.6, ,     3.8, ,    -5.4, ,      .5, ,    13.3, ,     7.3, 
1976,    -4.4, ,    -5.3, ,    -4.4, ,     1.1, ,     5.4, ,     9.7, ,    13.2, ,    14.8, ,    12.7, ,     6.6, ,     1.4, ,    -3.6, ,     3.9, ,    -4.1, ,      .7, ,    12.6, ,     6.9, 
1977,    -5.0, ,    -5.8, ,    -1.2, ,      .1, ,     3.9, ,     9.4, ,    13.0, ,    14.5, ,    10.7, ,     7.8, ,     4.7, ,    -1.7, ,     4.2, ,    -4.8, ,      .9, ,    12.3, ,     7.7, 
1978,    -4.1, ,    -4.0, ,    -3.7, ,     -.1, ,     5.2, ,     9.0, ,    14.0, ,    14.8, ,     9.9, ,     6.6, ,     1.0, ,    -2.1, ,     3.9, ,    -3.3, ,      .5, ,    12.6, ,     5.8, 
1979,    -2.1, ,    -6.4, ,    -1.0, ,     1.5, ,     6.1, ,    10.2, ,    13.5, ,    14.1, ,     9.9, ,     6.8, ,     4.0, ,    -1.3, ,     4.6, ,    -3.5, ,     2.2, ,    12.6, ,     6.9, 
1980,    -4.0, ,    -5.5, ,    -2.5, ,     1.8, ,     4.6, ,     8.8, ,    12.3, ,    14.4, ,    10.2, ,     6.4, ,     2.9, ,    -2.5, ,     3.9, ,    -3.6, ,     1.3, ,    11.8, ,     6.5, 
1981,    -4.4, ,    -2.8, ,      .1, ,     1.2, ,     6.0, ,     9.8, ,    13.6, ,    14.9, ,    13.2, ,     8.5, ,     4.1, ,     1.2, ,     5.5, ,    -3.2, ,     2.4, ,    12.8, ,     8.6, 
1982,    -4.7, ,    -6.4, ,    -4.3, ,     -.4, ,     5.8, ,     8.4, ,    13.6, ,    13.9, ,    12.1, ,     6.7, ,     3.7, ,    -1.6, ,     3.9, ,    -3.3, ,      .4, ,    12.0, ,     7.5, 
1983,    -3.3, ,    -3.8, ,    -1.1, ,     3.6, ,     6.2, ,    10.2, ,    14.4, ,    14.4, ,    13.1, ,     8.0, ,     3.3, ,    -2.2, ,     5.2, ,    -2.9, ,     2.9, ,    13.0, ,     8.1, 
1984,    -5.7, ,    -3.7, ,    -2.8, ,     2.7, ,     6.2, ,     9.4, ,    14.9, ,    17.0, ,    12.0, ,     6.3, ,     2.9, ,    -2.0, ,     4.8, ,    -3.9, ,     2.0, ,    13.8, ,     7.1, 
1985,    -6.4, ,    -6.1, ,    -5.1, ,     -.6, ,     4.3, ,     9.1, ,    14.4, ,    15.5, ,    12.3, ,     6.1, ,     1.3, ,    -3.7, ,     3.4, ,    -4.8, ,     -.5, ,    13.0, ,     6.6, 
1986,    -4.4, ,    -7.1, ,    -5.6, ,     2.4, ,     5.9, ,     8.7, ,    13.2, ,    15.3, ,    10.4, ,     6.3, ,      .7, ,    -3.0, ,     3.6, ,    -5.1, ,      .9, ,    12.4, ,     5.8, 
1987,    -5.7, ,    -5.9, ,    -3.0,E,     2.6, ,     5.6, ,    10.4, ,    14.8, ,    15.2, ,    11.9, ,     7.9, ,     1.3, ,    -2.4, ,     4.4,E,    -4.9, ,     1.7,E,    13.5, ,     7.0, 
1988,    -4.4, ,    -5.4, ,    -3.1, ,     2.4, ,     7.0, ,     8.6, ,    13.2, ,    15.3, ,    11.2, ,     6.9, ,     3.5, ,    -3.1, ,     4.3, ,    -4.1, ,     2.1, ,    12.4, ,     7.2, 
1989,    -5.6, ,    -7.1, ,    -5.9, ,      .7, ,     5.6, ,    11.6, ,    13.9, ,    15.6, ,    11.1, ,     5.7, ,     1.7, ,    -5.0, ,     3.5, ,    -5.3, ,      .1, ,    13.7, ,     6.2, 
1990,    -5.2, ,   -10.1, ,    -6.8, ,      .1, ,     4.3, ,    10.1, ,    13.2, ,    15.2, ,    12.2, ,     8.2, ,     2.7, ,    -1.4, ,     3.5, ,    -6.8, ,     -.8, ,    12.8, ,     7.7, 
1991,    -7.8, ,    -7.2, ,    -1.5, ,      .8, ,     5.2, ,     9.2, ,    13.1, ,    14.5, ,    10.3, ,     7.8, ,     3.7, ,    -3.7,E,     3.7,E,    -5.5, ,     1.5, ,    12.3, ,     7.3, 
1992,    -6.3, ,    -7.4, ,    -6.2, ,     -.7, ,     5.1, ,     9.7, ,    12.1, ,    15.0, ,    13.1, ,     6.8, ,      .5, ,    -3.4, ,     3.2, ,    -5.8,E,     -.6, ,    12.3, ,     6.8, 
1993,    -7.2, ,   -10.0, ,    -4.6, ,     1.7, ,     5.5, ,     9.1, ,    13.0, ,    15.6, ,    12.1, ,     6.3, ,     2.4, ,     -.5, ,     3.6, ,    -6.9, ,      .9, ,    12.6, ,     6.9, 
1994,    -7.3, ,   -10.0, ,    -2.7, ,      .6, ,     5.2, ,    10.4, ,    15.6, ,    15.9, ,    12.2, ,     8.6, ,     3.3, ,    -2.0, ,     4.2, ,    -5.9, ,     1.0, ,    14.0, ,     8.0, 
1995,    -3.7, ,    -7.1, ,    -2.4, ,     1.0, ,     6.4, ,    10.2, ,    14.6, ,    15.6, ,    11.3, ,     8.7, ,     3.2, ,    -1.6, ,     4.7, ,    -4.3, ,     1.7, ,    13.5, ,     7.7, 
1996,    -4.9, ,    -3.5, ,    -3.2, ,     2.1, ,     4.8, ,     9.6, ,    14.0, ,    16.5, ,    12.2, ,     7.3, ,     2.8, ,      .9, ,     4.9, ,    -3.3, ,     1.2, ,    13.4, ,     7.4, 
1997,    -4.6, ,    -6.8, ,    -5.4, ,      .8, ,     4.1,E,     9.6, ,    14.2, ,    14.8,E,    13.0, , -9999.9,M, -9999.9,M, -9999.9,M, -9999.9,M,    -3.5, ,     -.2,E,    12.9,E, -9999.9,M
1998, -9999.9,M, -9999.9,M, -9999.9,M, -9999.9,M, -9999.9,M, -9999.9,M, -9999.9,M, -9999.9,M,    12.2, ,     7.5,E,     2.8, ,    -1.7, , -9999.9,M, -9999.9,M, -9999.9,M, -9999.9,M,     7.5,E
1999,    -4.5, ,    -2.5, ,      .6, ,     2.2, ,     8.1, , -9999.9,M, -9999.9,M,    16.9,E, -9999.9,M,     7.0, ,     3.0, ,      .4, , -9999.9,M,    -2.9, ,     3.6, , -9999.9,M, -9999.9,M
2000,    -3.5, ,    -4.8, ,     -.6, ,     1.4, ,     5.2, ,    10.0, ,    14.7,E,    17.3,E,    11.9, ,     7.6, ,     5.2, ,    -1.8, ,     5.2,E,    -2.6, ,     2.0, ,    14.0,E,     8.2, 
2001,    -4.6, ,    -5.4, ,    -2.2, ,      .5, ,     7.2, ,    10.9, ,    14.3,E,    16.9,E,    13.3, ,     9.2, ,     3.4, ,      .5, ,     5.3,E,    -3.9, ,     1.8, ,    14.0,E,     8.6, 
2002,    -4.8, ,    -4.7, ,    -3.5, ,      .9, ,     4.3, ,     9.2, ,    13.6,E,    16.4, ,    11.6, ,     5.4, ,     1.7, ,    -2.1, ,     4.0,E,    -3.0, ,      .6, ,    13.1,E,     6.2, 
2003,    -5.2,E,    -7.7, ,    -6.0, ,    -1.2, ,     5.5, ,     9.6, ,    14.5, ,    15.5, ,    13.0, ,     9.8, ,     3.2, ,      .0, ,     4.3,E,    -5.0,E,     -.6, ,    13.2, ,     8.7, 
2004,    -6.0, ,    -4.1, ,    -3.0, ,     1.5, ,     5.0, ,     8.4, ,    14.9, ,    16.8, ,    11.6, ,     8.4, ,     2.8, ,    -1.1, ,     4.6, ,    -3.4, ,     1.2, ,    13.4, ,     7.6, 
2005,    -6.2, ,    -4.0, ,    -2.1,E,     1.9, ,     7.2,E,    10.8, ,    14.5, ,    15.9, ,    13.4, ,     8.5,E,     4.2, ,      .0, ,     5.3,E,    -3.8, ,     2.3,E,    13.7, ,     8.7,E
2006,    -1.6, ,    -4.6, ,    -1.1,E,     3.6, ,     8.0, ,    11.9, ,    16.2, ,    15.4, ,    13.3, ,     8.7, ,     5.1, ,     -.5, ,     6.2,E,    -2.1, ,     3.5,E,    14.5, ,     9.0, 
2007,    -3.5, ,    -6.3, ,    -3.2, , -9999.9,M, -9999.9,M, -9999.9,M,    14.5, ,    15.2, ,    12.0, ,     7.9, ,     3.2, ,    -3.4, , -9999.9,M,    -3.4, , -9999.9,M, -9999.9,M,     7.7, 
2008, -9999.9,M, -9999.9,M,    -4.2, ,     2.4,E,     6.5,E,    10.3, ,    15.8, ,    16.3, , -9999.9,M,     7.5, ,     4.7,E,     -.7, , -9999.9,M, -9999.9,M,     1.6,E,    14.1, , -9999.9,M
2009,    -6.0, ,    -4.3, ,    -3.5, ,     1.3, ,     5.3, ,    10.9, ,    15.0, ,    16.8, ,    11.7, ,     6.1, ,     4.3, ,     -.5, ,     4.8, ,    -3.7, ,     1.0, ,    14.2, ,     7.4, 
2010,    -2.6, ,    -1.8, ,     -.2, ,     3.9, ,     6.3, ,     9.7,E,    15.0, ,    16.6, ,    13.5,E,     8.0, ,     4.1, ,     3.5, ,     6.3,E,    -1.6, ,     3.3, ,    13.8,E,     8.5,E
2011,    -1.2, ,    -4.1, ,    -1.9, ,     1.4, ,     6.6, , -9999.9,M,    13.8, ,    15.6, , -9999.9,M,     8.0, ,     4.1, ,     -.3, , -9999.9,M,     -.6, ,     2.0, , -9999.9,M, -9999.9,M
2012,    -2.5, ,    -3.5, ,    -1.8, ,     2.7, ,     7.7, ,    11.5, ,    15.8, ,    18.3, ,    14.7, ,     9.7, ,     4.5, ,      .1, ,     6.4, ,    -2.1, ,     2.9, ,    15.2, ,     9.6, 
