8401550,EXPLOITS DAM   ,NL, station not joined, Monthly mean of homogenized daily mean temperature                     , °C,          Updated to December 2012
8401550,EXPLOITS DAM   ,NL, station non-jointe, Moyenne mensuelle des températures homogénéisées moyennes quotidiennes , °C, Mise à jour jusqu à décembre 2012
Year,     Jan, ,     Feb, ,     Mar, ,     Apr, ,     May, ,     Jun, ,     Jul, ,     Aug, ,     Sep, ,     Oct, ,     Nov, ,     Dec, ,  Annual, ,  Winter, ,  Spring, ,  Summer, ,  Autumn
Year,    Janv, ,     Fév, ,    Mars, ,     Avr, ,     Mai, ,    Juin, ,    Juil, ,    Août, ,    Sept, ,     Oct, ,     Nov, ,     Déc, ,  Annuel, ,   Hiver, ,Printemp, ,     Eté, , Automne
1956, -9999.9,M, -9999.9,M, -9999.9,M, -9999.9,M, -9999.9,M, -9999.9,M,    13.7, ,    13.1, ,     9.6, ,     6.2, ,     3.1, ,    -6.2, , -9999.9,M, -9999.9,M, -9999.9,M, -9999.9,M,     6.3, 
1957,   -13.1, ,   -10.2, ,    -4.0, ,    -1.2, ,     3.7, ,     9.0, ,    14.8, ,    14.7, ,    10.3, ,     6.9, ,     1.0, ,    -1.4, ,     2.5, ,    -9.8, ,     -.5, ,    12.8, ,     6.1, 
1958,    -2.3, ,    -2.6, ,    -1.8, ,     3.0, ,     7.7, ,     9.7, ,    13.7, ,    14.6, ,    10.2, ,     4.6, ,      .9, ,    -7.5, ,     4.2, ,    -2.1, ,     3.0, ,    12.7, ,     5.2, 
1959,    -7.0, ,   -12.3, ,    -9.0, ,      .8, ,     5.6, ,     9.8, ,    16.1, ,    14.3, ,    10.1, ,     4.7, ,     1.6, ,    -3.4, ,     2.6, ,    -8.9, ,     -.9, ,    13.4, ,     5.5, 
1960,    -5.6, ,    -2.8, ,    -5.5, ,     -.4, ,     7.7, ,    11.9, ,    14.8, ,    15.4, ,    11.3, ,     5.5, ,     1.1, ,    -3.9, ,     4.1, ,    -3.9, ,      .6, ,    14.0, ,     6.0, 
1961,    -9.4, ,   -15.5, ,    -7.8, ,      .5, ,     6.1, ,    11.4, ,    15.1, ,    15.8, ,    12.8, ,     7.0, ,     3.6, ,    -2.2, ,     3.1, ,    -9.6, ,     -.4, ,    14.1, ,     7.8, 
1962,    -7.9, ,   -11.1, ,     -.9, ,      .0, ,     4.7, ,    10.2, ,    13.1, ,    14.4, ,     9.5, ,     5.3, ,     2.2, ,    -5.3, ,     2.9, ,    -7.1, ,     1.3, ,    12.6, ,     5.7, 
1963,    -4.2, , -9999.9,M,    -6.7, ,     -.4, ,     6.5, ,     8.8, ,    15.0, ,    13.5, ,     9.8, ,     6.5, ,     2.1, ,    -5.2, , -9999.9,M, -9999.9,M,     -.2, ,    12.4, ,     6.1, 
1964,    -9.0, ,    -6.4, ,    -7.0, ,      .1, ,     5.2, ,     9.6, ,    14.2, ,    12.3, ,    10.1, ,     5.5, ,     -.2, ,    -4.6, ,     2.5, ,    -6.9, ,     -.6, ,    12.0, ,     5.1, 
1965,    -7.2, ,   -10.3, ,    -3.1, ,    -1.1, ,     4.0, ,    10.8, ,    14.9, ,    14.8, ,     9.5, ,     4.3, ,    -1.1, ,    -5.3, ,     2.5, ,    -7.4, ,     -.1, ,    13.5, ,     4.2, 
1966,    -5.3, ,    -7.3, ,    -2.7, ,      .7, ,     5.4, ,    11.8, ,    15.7, ,    14.8, ,    10.1, ,     6.4, ,     2.5, ,    -2.3, ,     4.2, ,    -6.0, ,     1.1, ,    14.1, ,     6.3, 
1967,    -7.3, ,   -10.9, ,    -9.2, ,    -3.2, ,     3.9, ,    12.1, ,    18.0, ,    18.4, ,    11.8, ,     6.5, ,     3.2, ,    -3.1, ,     3.4, ,    -6.8, ,    -2.8, ,    16.2, ,     7.2, 
1968,    -7.1, ,    -8.8, ,    -4.0, ,     2.1, ,     5.5, ,     9.5, ,    14.1, , -9999.9,M,    11.9, ,     6.7, ,     -.3, ,    -2.6, , -9999.9,M,    -6.3, ,     1.2, , -9999.9,M,     6.1, 
1969,    -4.2, ,    -3.1, ,    -2.4, ,    -1.7, ,     4.9, ,    12.7, , -9999.9,M,    15.4, ,     9.4, ,     3.5, ,     2.1, ,      .6, , -9999.9,M,    -3.3, ,      .3, , -9999.9,M,     5.0, 
1970,    -8.5, ,    -5.8, ,    -2.6, ,     -.1, ,     6.5, ,    11.3, ,    16.6, ,    16.0, ,     9.1, ,     6.4, ,     2.9, ,    -5.9, ,     3.8, ,    -4.6, ,     1.3, ,    14.6, ,     6.1, 
1971,    -8.7, ,    -9.3, ,    -2.2, ,     2.9, ,     8.8, ,    11.2, ,    15.0, ,    16.1, ,    11.3, ,     5.8, ,     2.0, ,    -7.1, ,     3.8, ,    -8.0, ,     3.2, ,    14.1, ,     6.4, 
1972,    -9.7, ,   -13.0, ,    -6.5, ,    -1.0, ,     3.6, ,    12.1, ,    15.6, ,    14.1, ,    10.0, ,     4.6, ,    -1.2, ,   -10.3, ,     1.5, ,    -9.9, ,    -1.3, ,    13.9, ,     4.5, 
1973,    -9.4, ,    -7.9, ,    -5.7, ,      .4, ,     6.3, ,    11.8, ,    18.1, ,    13.5, ,     9.9, ,     4.9, ,      .2, ,    -1.8, ,     3.4, ,    -9.2, ,      .3, ,    14.5, ,     5.0, 
1974,   -12.4, ,    -9.6, ,    -7.6, ,     -.6, ,     3.4, ,    11.5, ,    13.9, ,    14.4, ,    10.3, ,     4.3, ,      .7, ,    -4.2, ,     2.0, ,    -7.9, ,    -1.6, ,    13.3, ,     5.1, 
1975,   -11.0, ,   -15.0, ,    -5.1, ,     -.4, ,     5.3, ,    11.3, ,    19.3, ,    13.9, ,    11.6, ,     5.2, ,      .9, ,    -7.1, ,     2.4, ,   -10.1, ,     -.1, ,    14.8, ,     5.9, 
1976,    -8.1, ,   -11.0, ,    -7.1, ,     1.4, ,     7.5, ,    11.5, ,    15.5, ,    15.2, ,    12.2, ,     5.0, ,      .2, ,    -6.0, ,     3.0, ,    -8.7, ,      .6, ,    14.1, ,     5.8, 
1977,    -7.4, ,   -10.3, ,    -2.3, ,     1.0, ,     4.7, ,    12.7, ,    14.1, ,    15.4, ,     9.0, ,     5.6, ,     3.9, ,    -4.8, ,     3.5, ,    -7.9, ,     1.1, ,    14.1, ,     6.2, 
1978,    -7.1, ,    -6.7, ,    -6.0, ,     -.5, ,     6.1, ,    12.9, ,    16.3, ,    14.6, ,     8.8, ,     4.9, ,    -1.9, ,    -5.6, ,     3.0, ,    -6.2, ,     -.1, ,    14.6, ,     3.9, 
1979,    -4.2, ,    -9.9, ,     -.4, ,     2.1, ,     9.3, ,    13.4, ,    16.7, ,    15.2, ,    10.7, ,     6.2, ,     2.0, ,    -3.3, ,     4.8, ,    -6.6, ,     3.7, ,    15.1, ,     6.3, 
1980,    -7.5, ,    -9.9, ,    -5.4, ,     1.8, ,     4.9, ,    10.8, ,    15.0, ,    13.7, ,     9.7, ,     4.6, ,     1.3, ,    -5.6, ,     2.8, ,    -6.9, ,      .4, ,    13.2, ,     5.2, 
1981,    -6.5, ,    -3.3, ,    -1.2, ,     1.9, ,     7.9, ,    11.7, ,    15.1, ,    15.3, ,    11.7, ,     6.0,E,     1.4, ,    -1.9, ,     4.8,E,    -5.1, ,     2.9, ,    14.0, ,     6.4,E
1982,    -7.7,E,   -11.5,E,    -7.3, ,      .1, ,     5.6, ,     9.7, ,    15.2, ,    13.9, ,    10.3, ,     3.9, ,     1.8, ,    -5.5, ,     2.4,E,    -7.0,E,     -.5, ,    12.9, ,     5.3, 
1983,    -6.4, ,    -8.3, ,    -3.1, ,     5.0, ,     6.6, ,    12.2,E,    16.2,E,    14.0, ,    11.8,E,     6.0, ,      .9, ,    -4.8, ,     4.2,E,    -6.7, ,     2.8, ,    14.1,E,     6.2,E
1984,   -11.3, ,    -6.8, ,    -5.7, ,     -.6, ,     8.0, ,     9.6, ,    17.2, ,    16.0, ,    10.1, ,     3.7, ,      .8, ,    -4.5, ,     3.0, ,    -7.6, ,      .6, ,    14.3, ,     4.9, 
1985,   -10.1, ,    -8.5, ,    -7.0, ,    -1.0, ,     5.1, ,    11.3, ,    17.4, ,    15.0, ,    10.5, ,     4.8, ,     -.9, ,    -5.5, ,     2.6, ,    -7.7, ,    -1.0, ,    14.6, ,     4.8, 
1986,    -5.8, ,    -9.4, ,    -8.2, ,     3.6, ,     6.8, ,    10.8, ,    13.8, ,    15.3, ,     8.5, ,     3.6, ,    -2.1, ,    -6.2, ,     2.6, ,    -6.9, ,      .7, ,    13.3, ,     3.3, 
1987,   -10.4, ,    -8.3, ,    -5.1, ,     2.3, ,     6.8, ,    11.1, ,    16.8, ,    14.4, ,    10.5, ,     7.1, ,     -.8, ,    -4.3, ,     3.3, ,    -8.3, ,     1.3, ,    14.1, ,     5.6, 
1988,    -8.1, ,   -10.1, ,    -4.0, ,     1.5, ,     8.6, ,     9.7, ,    14.2, ,    15.0, ,     9.9, ,     5.6, ,     2.1, ,    -6.1, ,     3.2, ,    -7.5, ,     2.0, ,    13.0, ,     5.9, 
1989,   -10.4, ,   -11.7, ,    -7.7, ,     1.9, ,     9.4, ,    13.6, ,    15.9, ,    16.3, ,    11.7, ,     5.1, ,      .0, ,    -6.9, ,     3.1, ,    -9.4, ,     1.2, ,    15.3, ,     5.6, 
1990,    -8.9, ,   -14.2, ,    -9.8, ,      .6, ,     4.8, ,    12.8, ,    15.4, ,    17.1, ,    11.2,E,     6.4,E,     1.5, ,    -3.2, ,     2.8,E,   -10.0, ,    -1.5, ,    15.1, ,     6.4,E
1991,   -13.5, ,   -11.1, ,    -3.8, ,    -1.3, ,     4.6, ,     9.9, ,    14.3, ,    14.1, ,    10.2, ,     6.7, ,     1.9,E,    -7.7, ,     2.0,E,    -9.3, ,     -.2, ,    12.8, ,     6.3,E
1992,    -9.0, ,   -11.7, ,    -7.0, ,    -1.3,E,     6.1,E,    11.1, ,    13.2, ,    14.9, ,    12.2, ,     5.9,E,    -2.4,E,    -6.2, ,     2.2,E,    -9.5, ,     -.7,E,    13.1, ,     5.2,E
1993,   -11.8, ,   -14.9, ,    -7.1, ,      .5, ,     6.6, ,    10.3, ,    13.5,E,    15.6, ,    11.5, ,     4.6, ,      .7, ,    -2.3, ,     2.3,E,   -11.0, ,      .0, ,    13.1,E,     5.6, 
1994,    -8.5, ,   -14.7, ,    -5.8, ,      .0, ,     5.8, ,    11.5, ,    16.1,E,    16.0, ,    10.6, ,     7.3, ,     1.9, ,    -5.6, ,     2.9,E,    -8.5, ,      .0, ,    14.5,E,     6.6, 
1995,    -7.7, ,   -13.0, ,    -5.7, ,     -.7, ,     5.5, ,    10.8, ,    15.6, ,    13.7,E,    10.6, ,     7.2, ,     1.8, ,    -5.2, ,     2.7,E,    -8.8, ,     -.3, ,    13.4,E,     6.5, 
1996,    -7.9, ,    -4.5, ,    -3.6, ,     3.5, ,     5.8, ,    11.7, ,    16.2, ,    16.6, ,     9.7, ,     5.2, ,      .9, ,     -.7, ,     4.4, ,    -5.9, ,     1.9, ,    14.8, ,     5.3, 
1997,    -7.1, ,   -10.8, ,    -9.0, ,      .0, ,     5.5, ,    10.3, ,    15.4, ,    14.7, ,    12.2, ,     5.1, ,      .0, ,    -3.9, ,     2.7, ,    -6.2, ,    -1.2, ,    13.5, ,     5.8, 
1998,    -7.7, ,    -6.3, ,    -2.9, ,     1.7, ,     8.7, ,    11.8, ,    16.1, ,    15.1, ,    11.4, ,     5.8, ,     1.1, ,    -3.6, ,     4.3, ,    -6.0, ,     2.5, ,    14.3, ,     6.1, 
1999,    -6.5, ,    -4.5, ,      .0, ,     2.0, ,     9.4, ,    14.1, ,    16.5, ,    16.3, ,    13.6, ,     5.1, ,     1.8, ,    -1.9, ,     5.5, ,    -4.9, ,     3.8, ,    15.6, ,     6.8, 
2000,    -5.6, ,    -7.6, ,    -2.6, ,     2.0, ,     5.9, ,    11.5, ,    16.3, ,    16.8, ,    11.6, ,     6.0, ,     1.3, ,    -3.6, ,     4.3, ,    -5.0, ,     1.8, ,    14.9, ,     6.3, 
2001,    -7.7, ,    -8.8, ,    -3.5, ,      .2, ,     6.5, ,    12.6, ,    15.9, ,    17.0, ,    12.5, ,     7.0, ,     1.5, ,    -1.7, ,     4.3, ,    -6.7, ,     1.1, ,    15.2, ,     7.0, 
2002,    -8.8, ,    -7.8, ,    -5.2, ,     1.1, ,     6.2, ,    10.9, ,    16.4, ,    16.2, ,    11.3, ,     4.4, ,      .3, ,    -4.7, ,     3.4, ,    -6.1, ,      .7, ,    14.5, ,     5.3, 
2003,    -7.7, ,   -10.4, ,    -8.7, ,     -.5,E,     6.8, ,    12.4, ,    17.1, ,    15.6, ,    13.9, ,     9.5, ,     2.1, ,    -2.4, ,     4.0,E,    -7.6, ,     -.8,E,    15.0, ,     8.5, 
2004,    -8.2, ,    -6.0, ,    -5.9, ,     1.6, ,     5.9, ,     9.9, ,    17.4, ,    17.2, ,    10.8, ,     7.3, ,     1.4, ,    -3.2, ,     4.0, ,    -5.5, ,      .5, ,    14.8, ,     6.5, 
2005,    -9.1, ,    -7.7, ,    -4.6, ,     1.3, ,     7.8, ,    11.6, ,    16.9, ,    16.2, ,    11.7, ,     7.3, ,     2.5, ,    -2.0, ,     4.3, ,    -6.7, ,     1.5, ,    14.9, ,     7.2, 
2006,    -3.5, ,    -6.4, , -9999.9,M, -9999.9,M,     8.8, ,    15.3, ,    17.6, ,    14.3, ,    11.9, ,     6.5, ,     3.8, , -9999.9,M, -9999.9,M,    -4.0, , -9999.9,M,    15.7, ,     7.4, 
2007,    -6.8, ,    -8.9, ,    -4.5, ,      .1, ,     5.0, ,    13.3, ,    16.7, ,    15.6, ,    11.4, ,     6.8, ,     1.8, , -9999.9,M, -9999.9,M, -9999.9,M,      .2, ,    15.2, ,     6.7, 
2008,    -7.3, ,    -8.1, ,    -8.2, ,      .9, ,     7.1, ,    10.8, ,    17.8, ,    16.1, , -9999.9,M, -9999.9,M,     3.4, , -9999.9,M, -9999.9,M, -9999.9,M,     -.1, ,    14.9, , -9999.9,M
2009,    -7.4, ,    -6.0, , -9999.9,M, -9999.9,M, -9999.9,M, -9999.9,M, -9999.9,M, -9999.9,M, -9999.9,M, -9999.9,M, -9999.9,M, -9999.9,M, -9999.9,M, -9999.9,M, -9999.9,M, -9999.9,M, -9999.9,M
