8501130,CHURCHILL FALLS,NL, station joined    , Monthly mean of homogenized daily mean temperature                     , °C,          Updated to December 2012
8501130,CHURCHILL FALLS,NL, station jointe    , Moyenne mensuelle des températures homogénéisées moyennes quotidiennes , °C, Mise à jour jusqu à décembre 2012
Year,     Jan, ,     Feb, ,     Mar, ,     Apr, ,     May, ,     Jun, ,     Jul, ,     Aug, ,     Sep, ,     Oct, ,     Nov, ,     Dec, ,  Annual, ,  Winter, ,  Spring, ,  Summer, ,  Autumn
Year,    Janv, ,     Fév, ,    Mars, ,     Avr, ,     Mai, ,    Juin, ,    Juil, ,    Août, ,    Sept, ,     Oct, ,     Nov, ,     Déc, ,  Annuel, ,   Hiver, ,Printemp, ,     Eté, , Automne
1968, -9999.9,M, -9999.9,M, -9999.9,M, -9999.9,M, -9999.9,M, -9999.9,M, -9999.9,M, -9999.9,M, -9999.9,M, -9999.9,M, -9999.9,M,   -13.4, , -9999.9,M, -9999.9,M, -9999.9,M, -9999.9,M, -9999.9,M
1969,   -15.1, ,   -13.3, ,   -10.5, ,   -11.9, ,     1.6, ,     8.5, ,    13.1, ,    11.9, ,     3.8, ,    -2.9, ,    -3.5, ,   -12.6, ,    -2.6, ,   -13.9, ,    -6.9, ,    11.2, ,     -.9, 
1970,   -21.1, ,   -19.7, ,   -11.1, ,    -6.2, ,      .7, ,     7.3, ,    14.4, ,    13.7, ,     6.2, ,     1.7, ,    -8.3, ,   -20.8, ,    -3.6, ,   -17.8, ,    -5.5, ,    11.8, ,     -.1, 
1971,   -20.1, ,   -20.6, ,   -10.6, ,    -2.5, ,     3.4, ,     8.5, ,    13.4, ,    11.3, ,     7.2, ,     1.3, ,    -8.9, ,   -24.5, ,    -3.5, ,   -20.5, ,    -3.2, ,    11.1, ,     -.1, 
1972,   -24.2, ,   -24.7, ,   -18.0, ,    -6.5, ,    -1.9, ,     8.4, ,    13.9, ,    10.7, ,     5.7, ,    -2.9, ,   -11.2, ,   -26.0, ,    -6.4, ,   -24.5, ,    -8.8, ,    11.0, ,    -2.8, 
1973,   -22.5, ,   -22.6, ,   -11.9, ,    -3.8, ,     5.6, ,    11.7, ,    15.8, ,    13.9, ,     6.6, ,      .6, ,    -8.1, ,   -12.6, ,    -2.3, ,   -23.7, ,    -3.4, ,    13.8, ,     -.3, 
1974,   -28.6, ,   -20.3, ,   -17.3, ,    -8.3, ,     2.7, ,    12.1, ,    14.1, ,    11.6, ,     6.0, ,    -4.1, ,    -8.6, ,   -15.7, ,    -4.7, ,   -20.5, ,    -7.6, ,    12.6, ,    -2.2, 
1975,   -25.4, ,   -20.9, ,   -13.4, ,    -7.3, ,     1.2, ,     9.8, ,    16.1, ,    12.0, ,     8.2, ,      .9, ,    -8.6, ,   -20.9, ,    -4.0, ,   -20.7, ,    -6.5, ,    12.6, ,      .2, 
1976,   -23.0, ,   -21.8, ,   -17.6, ,    -5.3, ,     3.4, ,    10.2, ,    14.4, ,    11.2, ,     5.1, ,    -1.6, ,    -9.3, ,   -19.3, ,    -4.5, ,   -21.9, ,    -6.5, ,    11.9, ,    -1.9, 
1977,   -17.2, ,   -18.2, ,    -7.2, ,    -7.0, ,     2.1, ,    10.7, ,    11.8, ,    10.5, ,     4.6, ,      .7, ,    -4.4, ,   -18.6, ,    -2.7, ,   -18.2, ,    -4.0, ,    11.0, ,      .3, 
1978,   -23.2, ,   -14.1, ,   -17.8, ,    -5.6, ,     3.3, ,     8.2, ,    13.5, ,    11.1, ,     4.2, ,    -2.5, ,   -11.9, ,   -17.0, ,    -4.3, ,   -18.6, ,    -6.7, ,    10.9, ,    -3.4, 
1979,   -17.1, ,   -21.0, ,   -10.4, ,    -2.6, ,     7.2, ,    11.7, ,    13.6, ,    11.7, ,     5.7, ,     -.3, ,    -8.0, ,   -16.0, ,    -2.1, ,   -18.4, ,    -1.9, ,    12.3, ,     -.9, 
1980,   -17.8, ,   -19.1, ,   -11.3, ,    -4.6, ,     3.9, ,     8.7, ,    12.9, ,    13.9, ,     5.5, ,     -.5, ,    -7.2, ,   -21.5, ,    -3.1, ,   -17.6, ,    -4.0, ,    11.8, ,     -.7, 
1981,   -19.8, ,   -10.7, ,    -7.7, ,    -5.9, ,     3.0, ,     7.7, ,    13.4, ,    13.0, ,     9.4, ,     1.1, ,    -5.7, ,   -13.2, ,    -1.3, ,   -17.3, ,    -3.5, ,    11.4, ,     1.6, 
1982,   -22.3, ,   -24.1, ,   -16.0, ,    -9.1, ,     2.4, ,     9.8, ,    13.3, ,    11.1, ,     6.5, ,     -.7, ,    -7.8, ,   -19.9, ,    -4.7, ,   -19.9, ,    -7.6, ,    11.4, ,     -.7, 
1983,   -21.7, ,   -21.2, ,   -13.0, ,    -1.2, ,     3.4, ,    11.2, ,    13.3, ,    11.6, ,     8.0, ,      .2, ,    -8.5, ,   -20.4, ,    -3.2, ,   -20.9, ,    -3.6, ,    12.0, ,     -.1, 
1984,   -26.6, ,   -17.3, ,   -13.0, ,    -4.1, ,     3.1, ,     8.5, ,    14.2, ,    13.4, ,     6.3, ,      .5, ,    -6.9, ,   -20.1, ,    -3.5, ,   -21.4, ,    -4.7, ,    12.0, ,      .0, 
1985,   -20.7, ,   -19.0, ,   -13.6, ,    -7.2, ,     -.2, ,    10.8, ,    13.5, ,    13.0, ,     7.6, ,     -.3, ,    -8.3, ,   -18.7, ,    -3.6, ,   -19.9, ,    -7.0, ,    12.4, ,     -.3, 
1986,   -20.3, ,   -19.2, ,   -16.8, ,    -1.6, ,     4.8, ,     6.6, ,    12.8, ,    13.0, ,     5.4, ,    -2.1, ,   -14.5, ,   -18.1, ,    -4.2, ,   -19.4, ,    -4.5, ,    10.8, ,    -3.7, 
1987,   -22.0, ,   -16.9, ,   -10.3, ,     -.6, ,     3.6, ,     9.4, ,    13.7, ,    12.5, ,     8.4, ,      .6, ,    -8.2, ,   -18.2, ,    -2.3, ,   -19.0, ,    -2.4, ,    11.9, ,      .3, 
1988,   -22.1, ,   -22.7, ,   -12.0, ,    -2.4, ,     4.7, ,     8.0, ,    13.6, ,    12.8, ,     6.6, ,      .7, ,    -6.8, ,   -21.9, ,    -3.5, ,   -21.0, ,    -3.2, ,    11.5, ,      .2, 
1989,   -23.0, ,   -21.9, ,   -17.3, ,    -3.1, ,     4.8, ,    12.7, ,    12.4, ,    11.1, ,     7.9, ,     -.4, ,   -10.5, ,   -19.0, ,    -3.9, ,   -22.3, ,    -5.2, ,    12.1, ,    -1.0, 
1990,   -22.4, ,   -25.3, ,   -14.8, ,    -5.9, ,     1.8, ,     9.1, ,    14.0, ,    13.3, ,     5.7, ,     -.7, ,    -8.2, ,   -19.6, ,    -4.4, ,   -22.2, ,    -6.3, ,    12.1, ,    -1.1, 
1991,   -28.9, ,   -21.0, ,   -10.6, ,    -7.2, ,     1.0, ,     8.4, ,    12.9, ,    13.1, ,     7.1, ,      .8, ,    -7.1, ,   -21.3, ,    -4.4, ,   -23.2, ,    -5.6, ,    11.5, ,      .3, 
1992,   -21.7, ,   -25.8, ,   -14.7, ,    -7.7, ,      .5, ,     8.7, ,    10.5, ,    11.4, ,     8.0, ,      .1, ,   -11.3, ,   -19.0, ,    -5.1, ,   -22.9, ,    -7.3, ,    10.2, ,    -1.1, 
1993,   -22.8, ,   -25.3, ,   -16.3, , -9999.9,M, -9999.9,M, -9999.9,M, -9999.9,M, -9999.9,M, -9999.9,M, -9999.9,M, -9999.9,M, -9999.9,M, -9999.9,M,   -22.4, , -9999.9,M, -9999.9,M, -9999.9,M
1994, -9999.9,M, -9999.9,M, -9999.9,M, -9999.9,M,      .7,E,     8.9, , -9999.9,M,    10.4,E,     7.2,E,     3.1,E,    -5.1,E,   -15.8,E, -9999.9,M, -9999.9,M, -9999.9,M, -9999.9,M,     1.7,E
1995,   -22.0, ,   -24.6,E,   -14.7,E,    -3.6,E,     5.5,E,     9.2,E,    13.7,E,    13.6, ,     6.9,E,     1.3,E,    -8.0,E,   -17.4,E,    -3.3,E,   -20.8,E,    -4.3,E,    12.2,E,      .1,E
1996,   -22.4,E,   -19.4,E,   -13.2,E,    -1.1,E,     1.2,E,    10.4, ,    12.5, ,    14.5, ,     7.3,E,      .1,E,    -5.9, ,   -14.0, ,    -2.5,E,   -19.7,E,    -4.4,E,    12.5, ,      .5,E
1997,   -19.1, ,   -23.5, ,   -17.6, ,    -6.0, ,     2.2, ,     8.4,E,    12.8,E,    11.7, ,     8.3,E,      .7, ,    -7.6, ,   -15.4,E,    -3.8,E,   -18.9, ,    -7.1, ,    11.0,E,      .5,E
1998,   -20.7,E,   -16.1,E,   -14.6,E,    -3.2, ,     5.1, ,    12.2, ,    14.3, ,    12.3,E,     8.0, ,      .2,E,    -7.3, ,   -15.0, ,    -2.1,E,   -17.4,E,    -4.2,E,    12.9,E,      .3,E
1999,   -21.6, ,   -18.7, ,    -6.9, ,    -3.0, ,     7.3, ,    11.8,E,    13.9, ,    13.1, ,     9.9, ,    -1.1, ,    -8.8, ,   -15.6, ,    -1.6,E,   -18.4, ,     -.9, ,    12.9,E,      .0, 
2000,   -22.0, ,   -20.3, ,    -9.3,E,    -4.7, ,     2.2, ,     8.8, ,    14.9, ,    15.3, ,     7.2, ,     -.8, ,    -6.3, ,   -14.9, ,    -2.5,E,   -19.3, ,    -3.9,E,    13.0, ,      .0, 
2001,   -22.9, ,   -21.6, ,    -8.6,E,    -6.7, ,     8.2,E,    10.7, ,    13.4, ,    13.9, ,     7.9, ,     1.7, ,    -6.1,E,   -11.6, ,    -1.8,E,   -19.8, ,    -2.4,E,    12.7, ,     1.2,E
2002,   -24.2, ,   -22.6, ,   -16.0, ,    -6.8, ,     1.0, ,     8.6, ,    14.1, ,    12.2, , -9999.9,M, -9999.9,M,    -9.2, ,   -16.2, , -9999.9,M,   -19.5, ,    -7.3, ,    11.6, , -9999.9,M
2003,   -19.1,E,   -22.7, ,   -17.3, ,    -7.1, ,     6.3, ,    10.7, ,    14.0, ,    13.8, ,    11.8, ,     2.7, ,    -6.2, ,   -14.0, ,    -2.3,E,   -19.3,E,    -6.0, ,    12.8, ,     2.8, 
2004,   -19.1, ,   -19.4, ,   -13.7, ,    -5.0, ,     1.1, ,     9.3, ,    15.2,E,    13.3, ,     7.4, ,     3.2,E,    -7.5, ,   -17.9, ,    -2.8,E,   -17.5, ,    -5.9, ,    12.6,E,     1.0,E
2005,   -25.8,E,   -18.0, ,   -12.7,E,    -1.7, ,     7.1, ,    10.8, ,    15.7,E,    12.4,E,     8.7, ,     3.0,E,    -6.2, ,   -17.3, ,    -2.0,E,   -20.6,E,    -2.4,E,    13.0,E,     1.8,E
2006,   -19.5, ,   -20.7, ,    -9.0, ,    -1.5, ,     7.1, ,    12.3, ,    14.1, ,    11.5, ,     8.2, ,     1.8, ,    -4.6, ,   -13.5, ,    -1.2, ,   -19.2, ,    -1.1, ,    12.6, ,     1.8, 
2007,   -18.8, ,   -18.9, ,   -15.4, ,    -4.8, ,     1.5, ,    12.3, ,    14.5, ,    12.1, ,     6.8, ,     2.2, ,    -9.4, ,   -19.7, ,    -3.1, ,   -17.1, ,    -6.2, ,    13.0, ,     -.1, 
2008,   -21.6,E,   -22.0, ,   -16.6, ,    -1.2, ,     6.8, ,    12.1, ,    15.8, ,    15.0, ,     8.9, ,     2.5, ,    -5.4, ,   -20.0, ,    -2.1,E,   -21.1,E,    -3.7, ,    14.3, ,     2.0, 
2009,   -22.1, ,   -17.3, ,   -14.3, ,    -4.0, ,     2.6, , -9999.9,M,    14.9, ,    12.4, ,     8.0, ,     -.5, ,    -4.3, ,   -12.2, , -9999.9,M,   -19.8, ,    -5.2, , -9999.9,M,     1.1, 
2010,   -16.2, ,    -8.1,E,   -10.5, ,     1.4, ,     3.8, ,     9.0,E,    14.8, ,    15.4, ,     8.3, ,     2.5, ,    -3.6, ,    -6.3, ,      .9,E,   -12.2,E,    -1.8, ,    13.1,E,     2.4, 
2011,   -15.3, ,   -21.7, ,   -14.1, ,    -5.9, ,     3.2,E,    10.1, ,    13.4, ,    14.8, ,     8.7, ,     2.4, ,    -5.5,E, -9999.9,M, -9999.9,M,   -14.4, ,    -5.6,E,    12.8, ,     1.9,E
