8504175,WABUSH LAKE    ,NL, station not joined, Monthly mean of homogenized daily mean temperature                     , °C,          Updated to December 2012
8504175,WABUSH LAKE    ,NL, station non-jointe, Moyenne mensuelle des températures homogénéisées moyennes quotidiennes , °C, Mise à jour jusqu à décembre 2012
Year,     Jan, ,     Feb, ,     Mar, ,     Apr, ,     May, ,     Jun, ,     Jul, ,     Aug, ,     Sep, ,     Oct, ,     Nov, ,     Dec, ,  Annual, ,  Winter, ,  Spring, ,  Summer, ,  Autumn
Year,    Janv, ,     Fév, ,    Mars, ,     Avr, ,     Mai, ,    Juin, ,    Juil, ,    Août, ,    Sept, ,     Oct, ,     Nov, ,     Déc, ,  Annuel, ,   Hiver, ,Printemp, ,     Eté, , Automne
1960, -9999.9,M, -9999.9,M, -9999.9,M, -9999.9,M, -9999.9,M, -9999.9,M, -9999.9,M, -9999.9,M, -9999.9,M, -9999.9,M,    -7.8, ,   -18.0, , -9999.9,M, -9999.9,M, -9999.9,M, -9999.9,M, -9999.9,M
1961,   -25.1, ,   -21.7, ,   -13.8, ,    -1.2, ,     2.3, ,     8.1, ,    12.5, ,    12.3, ,     8.4, ,      .4, ,    -4.9, ,   -11.7, ,    -2.9, ,   -21.6, ,    -4.2, ,    11.0, ,     1.3, 
1962,   -25.6, ,   -26.5, ,    -8.8, ,    -8.4, ,     1.6, ,     8.9, ,    12.8, ,    11.9, ,     6.6, ,      .8, ,    -8.6, ,   -17.5, ,    -4.4, ,   -21.3, ,    -5.2, ,    11.2, ,     -.4, 
1963,   -22.0, ,   -24.1, ,   -17.1, ,    -3.8, ,     1.5, ,     8.7, ,    13.4, ,    10.7, ,     4.4, ,     1.0, ,    -5.1, ,   -21.4, ,    -4.5, ,   -21.2, ,    -6.5, ,    10.9, ,      .1, 
1964,   -22.0, ,   -18.3, ,   -17.9, ,    -5.1, ,     2.5, ,     8.5, ,    13.2, ,    10.7, ,     6.2, ,    -2.6, ,    -9.0, ,   -19.5, ,    -4.4, ,   -20.6, ,    -6.8, ,    10.8, ,    -1.8, 
1965,   -24.1, ,   -20.9, ,   -13.2, ,    -6.1, ,     1.7, ,     8.6, ,    10.3, ,     9.6, ,     5.5, ,    -3.2, ,   -11.4, ,   -19.5, ,    -5.2, ,   -21.5, ,    -5.9, ,     9.5, ,    -3.0, 
1966,   -15.2, ,   -16.2, ,    -8.1, ,    -3.1, ,     1.1, ,     9.3, ,    11.9, ,    11.5, ,     6.4, ,     -.5, ,    -5.5, ,   -17.2, ,    -2.1, ,   -17.0, ,    -3.4, ,    10.9, ,      .1, 
1967,   -24.0, ,   -24.2, ,   -17.8, ,    -8.2, ,     2.2, ,    10.9, ,    14.5, ,    12.9, ,     7.2, ,      .8, ,    -6.6, ,   -15.3, ,    -4.0, ,   -21.8, ,    -7.9, ,    12.8, ,      .5, 
1968,   -24.1, ,   -18.0, ,   -15.4, ,    -2.9, ,     3.1, ,     9.5, ,    12.5, ,     8.4, ,    10.9, ,     3.0, ,    -9.1, ,   -14.7, ,    -3.1, ,   -19.1, ,    -5.1, ,    10.1, ,     1.6, 
1969,   -15.4, ,   -16.0, ,   -11.2, ,   -11.5, ,     1.3, ,     8.7, ,    12.9, ,    12.1, ,     4.0, ,    -3.0, ,    -3.7, ,   -14.5, ,    -3.0, ,   -15.4, ,    -7.1, ,    11.2, ,     -.9, 
1970,   -21.4, ,   -21.3, ,   -12.8, ,    -7.3, ,      .8, , -9999.9,M,    14.5, ,    14.0, ,     6.4, ,     1.9, ,    -8.3, ,   -21.5, , -9999.9,M,   -19.1, ,    -6.4, , -9999.9,M,      .0, 
1971,   -21.0, ,   -20.9, ,   -11.7, ,    -2.7, ,     3.9, ,     8.7, ,    12.9, ,    10.8, ,     7.0, ,     1.3, ,   -10.2, ,   -23.8, ,    -3.8, ,   -21.1, ,    -3.5, ,    10.8, ,     -.6, 
1972,   -24.3, ,   -24.8, ,   -18.5, ,    -6.2, ,     -.4, ,     9.1, ,    13.7, ,    11.1, ,     5.4, ,    -3.8, ,   -11.4, ,   -26.2, ,    -6.4, ,   -24.3, ,    -8.4, ,    11.3, ,    -3.3, 
1973,   -21.8, ,   -23.2, ,   -11.4, ,    -3.4, ,     5.0, ,    11.8, ,    15.7, ,    14.2, ,     6.3, ,      .4, ,    -8.6, ,   -14.7, ,    -2.5, ,   -23.7, ,    -3.3, ,    13.9, ,     -.6, 
1974,   -28.7, ,   -21.7, ,   -18.1, ,    -7.9, ,     2.1, ,    12.1, ,    14.8, ,    11.9, ,     5.6, ,    -4.4, ,    -8.7, ,   -15.9, ,    -4.9, ,   -21.7, ,    -8.0, ,    12.9, ,    -2.5, 
1975,   -26.2, ,   -21.5, ,   -14.3, ,    -7.3, ,     2.8, ,    12.0, ,    16.2, ,    12.2, ,     8.2, ,      .8, ,    -8.6, ,   -21.9, ,    -4.0, ,   -21.2, ,    -6.3, ,    13.5, ,      .1, 
1976,   -24.3, ,   -21.3, ,   -17.5, ,    -6.1, ,     3.4, ,    11.4, ,    14.9, ,    11.6, ,     5.4, ,    -1.8, ,    -9.1, ,   -21.2, ,    -4.6, ,   -22.5, ,    -6.7, ,    12.6, ,    -1.8, 
1977,   -19.4, ,   -19.1, ,    -8.0, ,    -7.4, ,     3.4, ,    11.3, ,    11.9, ,    11.1, ,     4.9, ,      .5, ,    -5.1, ,   -19.2, ,    -2.9, ,   -19.9, ,    -4.0, ,    11.4, ,      .1, 
1978,   -23.3, ,   -15.5, ,   -18.4, ,    -5.5, ,     4.7, ,     9.1, ,    13.5, ,    11.8, ,     4.2, ,    -2.7, ,   -11.5, ,   -18.6, ,    -4.4, ,   -19.3, ,    -6.4, ,    11.5, ,    -3.3, 
1979,   -18.6, ,   -21.9, ,   -10.9, ,    -3.1, ,     6.6, ,    11.9, ,    14.2, ,    11.5, ,     5.8, , -9999.9,M, -9999.9,M,   -15.8, , -9999.9,M,   -19.7, ,    -2.5, ,    12.5, , -9999.9,M
1980,   -18.8, ,   -19.5, ,   -12.0, ,    -3.9, ,     4.3, ,     9.1, ,    13.1, ,    15.0, ,     4.8, ,    -1.2, ,    -8.4, ,   -23.1, ,    -3.4, ,   -18.0, ,    -3.9, ,    12.4, ,    -1.6, 
1981,   -21.1, ,   -10.6, ,    -7.5, ,    -6.1, ,     3.1, ,     8.9, ,    14.4, ,    13.9, ,    10.0, ,      .1, ,    -6.5, ,   -14.0, ,    -1.3, ,   -18.3, ,    -3.5, ,    12.4, ,     1.2, 
1982,   -23.4, ,   -23.7, ,   -16.7, ,    -9.7, ,     2.6, ,    10.4, ,    13.2, ,    10.7, ,     6.9, ,      .5, ,    -7.8, ,   -19.0, ,    -4.7, ,   -20.4, ,    -7.9, ,    11.4, ,     -.1, 
1983,   -21.6, ,   -21.1, ,   -12.9, ,    -1.4, ,     3.1, ,    12.1, ,    12.8, ,    11.8, ,     8.0, ,      .2, ,    -8.7, ,   -20.6, ,    -3.2, ,   -20.6, ,    -3.7, ,    12.2, ,     -.2, 
1984,   -26.2, ,   -16.2, ,   -13.9, ,    -3.4, ,     3.0, ,     8.6, ,    14.0, ,    13.2, ,     6.3, ,     1.2, ,    -6.7, ,   -19.0, ,    -3.3, ,   -21.0, ,    -4.8, ,    11.9, ,      .3, 
1985,   -21.0, ,   -18.2, ,   -13.6, ,    -6.6, ,     1.3, ,    11.2, ,    13.4, ,    13.5, ,     8.4, ,      .6, ,    -8.7, ,   -20.0, ,    -3.3, ,   -19.4, ,    -6.3, ,    12.7, ,      .1, 
1986,   -21.4, ,   -20.0, ,   -16.1, ,    -1.3, ,     5.2, ,     7.1, ,    13.0, ,    12.0, ,     4.9, ,    -2.4, ,   -13.9, ,   -17.2, ,    -4.2, ,   -20.5, ,    -4.1, ,    10.7, ,    -3.8, 
1987,   -21.7, ,   -18.5, ,   -10.0, ,     -.1, ,     3.4, ,     9.3, ,    14.1, ,    11.5, ,     8.1, ,     -.1, ,    -7.7, ,   -19.0, ,    -2.6, ,   -19.1, ,    -2.2, ,    11.6, ,      .1, 
1988,   -21.7, ,   -23.4, ,   -11.8, ,    -2.4, ,     5.4, ,     8.4, ,    13.9, ,    12.2, ,     6.3, ,     -.7, ,    -7.5, ,   -21.6, ,    -3.6, ,   -21.4, ,    -2.9, ,    11.5, ,     -.6, 
1989,   -22.6, ,   -22.7, ,   -17.4, ,    -4.3, ,     5.9, ,    12.6, ,    12.6, ,    12.0, ,     7.3, ,     -.6, ,   -10.9, ,   -19.9, ,    -4.0, ,   -22.3, ,    -5.3, ,    12.4, ,    -1.4, 
1990,   -22.7, ,   -24.3, ,   -14.7, ,    -5.3, ,     2.0, ,     9.9, ,    14.0, ,    12.9, ,     5.7, ,     -.9, ,    -8.5, ,   -19.7, ,    -4.3, ,   -22.3, ,    -6.0, ,    12.3, ,    -1.2, 
1991,   -28.4, ,   -21.0, ,   -10.7, ,    -5.8, ,     2.9, ,     9.5, ,    13.7, ,    13.3, ,     6.5, ,      .6, ,    -6.9, ,   -21.2, ,    -4.0, ,   -23.0, ,    -4.5, ,    12.2, ,      .1, 
1992,   -21.9, ,   -25.2, ,   -15.2, ,    -6.7, ,     1.7, ,     8.9, ,    10.8, ,    11.8, ,     7.6, ,     -.4, ,   -10.1, ,   -18.5, ,    -4.8, ,   -22.8, ,    -6.7, ,    10.5, ,    -1.0, 
1993,   -22.5, ,   -25.0, ,   -15.4, ,    -2.9, ,     3.5, ,    10.1, ,    14.0, ,    12.4, ,     5.7, ,    -2.8, ,   -11.3, ,   -17.8, ,    -4.3, ,   -22.0, ,    -4.9, ,    12.2, ,    -2.8, 
1994,   -27.6, ,   -23.8, ,   -13.1, ,    -8.1, ,     1.4, ,    10.2, ,    13.8, ,    10.8, ,     8.3, ,     3.5, ,    -5.8, ,   -16.1, ,    -3.9, ,   -23.1, ,    -6.6, ,    11.6, ,     2.0, 
1995,   -23.9, ,   -24.2, ,   -14.5, ,    -3.3, ,     5.1, ,    10.7, ,    14.5, ,    13.6, ,     6.2, ,     2.2, ,    -9.1, ,   -17.6, ,    -3.4, ,   -21.4, ,    -4.2, ,    12.9, ,     -.2, 
1996,   -24.0, ,   -18.7, ,   -14.1, ,    -2.0, ,     1.5, ,    11.3, ,    13.0, ,    13.9, ,     7.9, ,      .1, ,    -7.0,E,   -13.9, ,    -2.7,E,   -20.1, ,    -4.9, ,    12.7, ,      .3,E
1997,   -19.7, ,   -22.9, ,   -17.3, ,    -5.6, ,     2.4, ,     9.2, ,    12.4, ,    11.9, ,     8.3, ,      .7, ,    -8.6, ,   -15.5, ,    -3.7, ,   -18.8, ,    -6.8, ,    11.2, ,      .1, 
1998,   -20.4, ,   -15.0, ,   -13.7, ,    -1.8, ,     6.4, ,    12.9, ,    14.4, ,    12.6, ,     8.1, ,     -.1, ,    -8.0, ,   -15.4, ,    -1.7, ,   -17.0, ,    -3.0, ,    13.3, ,      .0, 
1999,   -22.0, ,   -17.2, ,    -7.3, ,    -2.3, ,     8.0, ,    12.4, ,    14.2, ,    12.5, ,    10.2, ,    -1.3, ,    -7.5, ,   -15.2, ,    -1.3, ,   -18.2, ,     -.5, ,    13.0, ,      .5, 
2000,   -22.0, ,   -19.4, ,    -8.7, ,    -4.8, ,     3.0, ,     8.5, ,    14.7, ,    14.4, ,     6.9, ,     -.6, ,    -6.4, ,   -15.9, ,    -2.5, ,   -18.9, ,    -3.5, ,    12.5, ,      .0, 
2001,   -21.7, ,   -21.8, ,    -9.7, ,    -5.8, ,     9.8, ,    11.1, ,    14.0, ,    13.7, ,     8.0, ,     1.5, ,    -5.7, ,   -12.2, ,    -1.6, ,   -19.8, ,    -1.9, ,    12.9, ,     1.3, 
2002,   -22.9, ,   -22.6, ,   -17.0, ,    -6.0, ,     1.3, ,     9.3, ,    14.2, ,    12.7, ,     8.4, ,     -.4, ,    -9.8, ,   -16.0, ,    -4.1, ,   -19.2, ,    -7.2, ,    12.1, ,     -.6, 
2003,   -20.0, ,   -23.2, ,   -16.6, ,    -7.0, ,     6.0, ,    11.0, ,    13.8, ,    13.5, ,    10.7, ,     1.8, ,    -6.3, ,   -14.6,E,    -2.6,E,   -19.7, ,    -5.9, ,    12.8, ,     2.1, 
2004,   -21.1, ,   -20.0, ,   -13.2, ,    -5.9, ,     1.0, ,     8.9, ,    15.2, ,    12.4, ,     6.9, ,     2.9, ,    -8.6, ,   -19.4, ,    -3.4, ,   -18.6,E,    -6.0, ,    12.2, ,      .4, 
2005,   -25.0, ,   -18.3, ,   -13.1, ,    -1.9, ,     7.2, ,    10.9, ,    15.1, ,    12.7, ,     8.6, ,     2.9, ,    -7.1, ,   -17.6, ,    -2.1, ,   -20.9, ,    -2.6, ,    12.9, ,     1.5, 
2006,   -18.6, ,   -20.6, ,    -8.0, ,    -1.1, ,     7.3, ,    12.7, ,    14.1, ,    10.8, ,     8.0, ,     1.2, ,    -4.3, ,   -13.7, ,    -1.0, ,   -18.9, ,     -.6, ,    12.5, ,     1.6, 
2007,   -18.7, ,   -19.6, ,   -15.8, ,    -3.1, ,     3.1, ,    12.3, ,    14.1, ,    11.6, ,     6.4, ,     2.6, ,    -9.8, ,   -19.7, ,    -3.1, ,   -17.3, ,    -5.3, ,    12.7, ,     -.3, 
2008,   -19.5, ,   -21.1, ,   -16.3, ,     -.9, ,     6.2, ,    11.8, ,    14.8, ,    14.9, ,     8.4, ,     2.1, ,    -6.0, ,   -19.2, ,    -2.1, ,   -20.1, ,    -3.7, ,    13.8, ,     1.5, 
2009,   -22.8, ,   -16.9, ,   -13.8, ,    -3.4, ,     2.6, ,    11.6, ,    14.9, ,    12.1, ,     8.2, ,     -.6, ,    -3.1, ,   -13.6, ,    -2.1, ,   -19.6, ,    -4.9, ,    12.9, ,     1.5, 
2010,   -16.2, ,    -8.6, ,    -9.9, ,      .0, ,     4.2, ,     9.7, ,    14.6,E,    15.2, ,     8.4, ,     1.9,E,    -4.9, ,    -7.1, ,      .6,E,   -12.8, ,    -1.9, ,    13.2,E,     1.8,E
2011,   -17.4, ,   -21.9, ,   -14.1, ,    -5.8, ,     3.6, ,    10.8,E,    13.9, ,    13.7, ,     8.6, ,     2.7, ,    -5.3, ,   -17.7, ,    -2.4,E,   -15.5, ,    -5.4, ,    12.8,E,     2.0, 
2012,   -21.4, ,   -18.7, ,   -12.8, ,    -3.9, ,     5.3, ,    14.4, ,    14.8, ,    14.4, ,     9.9, ,     2.3, ,    -5.0, ,   -14.8, ,    -1.3, ,   -19.3, ,    -3.8, ,    14.5, ,     2.4, 
